0.420997829924563
0.6839341873092871
0.947516253383331
1.0089066785572796
0.9979193457232245
1.0226838095683108
0.994798707195186
0.927693172685958
0.7897422877676948
0.6391753691642548
0.815175320779969
0.8923312141490827
0.8227461234021244
0.6814346254393985
0.6839771173875349
0.5383640799369048
0.34602298866026715
0.3558524949782754
0.3182617067181916
0.2836089654183259
0.360621411548563
0.4453182290649822
0.5438603182249323
0.5698062949002481
0.6811777546732695
0.7309669137549432
0.702298654925475
0.8169755326283844
0.8856820496294605
1.0560129269538836
1.1523090399522777
1.3303485911391184
1.4850347672735813
1.597994054464756
1.6080182134120804
1.642198580083386
1.834208185968955
2.0294287436775647
2.0247693327791616
2.1742845971796787
2.168376469568736
2.3915478319216077
2.614541279057115
2.650063835177956
2.7289849505356853
2.733775751441436
2.6899432928693034
2.631949581820235
2.4994527685857593
2.506484780817191
2.499026594175326
2.4490637011442815
2.3531688300837392
2.298792923195279
2.3259123895701825
2.283333853250013
2.0807336296374768
2.0210822680366327
2.1933503698300294
2.253464488635143
2.531755826222912
2.648371006104205
2.8542128524458805
2.6710443905178
2.3051213125702543
2.1157860837627585
2.1612164583678606
2.1281089855433803
2.0427604970476096
2.127370526149577
2.0245559251903713
1.733234103976031
1.7678683535897766
1.7025803097419543
1.6578756621055333
1.7994547886812913
1.939605696317284
2.055351030058927
2.0676761681468783
2.0081823409108086
1.924279752584571
2.086680752316311
2.2352023930281457
2.199820273082845
2.317442034039577
2.4228550804629623
2.4698162640651065
2.5776665940987193
2.5963067095691073
2.6927075192698293
2.7138959833399325
2.843370093110321
2.8547646564196283
2.898366374228758
3.0431919817687025
3.1835923700919726
3.0725889250872114
3.133545469063408
3.1069801064384954
3.5670353262941425
3.739625066503584
3.5464893719865027
3.556104052888817
3.585955260258017
3.7860501689108275
3.8418081853850894
3.724750989594911
3.627745030375994
3.5129084680930576
3.5914211988592752
3.6699728342908937
3.731148004284129
3.7224286737909207
3.695148833384867
3.665935610513323
3.783013565112775
3.8532409831294165
3.9523702021777543
3.813787983296858
3.680613166939835
3.6180681083386244
3.691020531297952
3.9740945927896405
4.142693024396426
4.4053462300741755
4.405809197733502
4.534722346626727
4.4310836198160635
4.315379456393307
4.450215525020454
4.866203109170095
5.220393667350261
5.413352994757986
5.381241172720106
5.2958939006894346
4.941496793985042
4.947411577630511
4.946624668301925
4.919122166387129
4.799249604885409
4.991693783276103
5.053815556389892
5.089395573044819
5.122749971896606
5.222042321006644
5.270323681921782
5.339129130604477
5.391180275268767
5.1527093878875485
5.156739634618487
5.071813305434204
4.922220335403865
4.919136871223767
4.789778377148301
4.736016557765907
4.631310710700419
4.363789870615632
4.195390283898242
4.0336991327324565
3.791314696382378
3.7037122160307785
3.4613361218324687
3.5661522330627617
3.791730166844287
3.911554439192743
3.8238267594521913
3.8302901142964014
3.6829818770240355
3.418805570986787
3.3107863979020458
3.285698584433537
3.2413991393332293
3.376274244226087
3.303737688485985
3.1227349086238116
3.023577998766803
3.016792424236561
3.1660507852369646
3.2442264919849593
3.0941441573809745
3.1896860136785903
3.1797792760448815
3.0350780312900993
2.8572888105710117
3.012548098708194
3.072895796884968
3.222778488103162
3.113735108721242
3.0765082867343363
3.1938834757171186
3.425084005459107
3.665672143910807
3.9529385941498165
4.121938300957857
4.20168963398953
4.15762999663693
4.18217055178129
4.322309523626309
4.3786891763766445
4.141271587592177
4.210435191179534
4.337041662322142
4.355436590132957
4.4794981705927714
4.632305994796365
4.51271599770544
4.550856250959757
4.649586812831203
4.546513906837592
4.5224057348562186
4.618286205365313
4.5640881584929955
4.7722437828445505
4.926921751615253
5.018799843839074
4.966514576436676
4.90476792924808
4.816304224349193
4.972811950174637
5.135242213903648
5.239055216774311
5.411965967954614
5.594280143172495
5.816041473173602
5.756896049629827
5.574700563057759
5.52145404428052
5.459750112990713
5.51864095714309
5.67686682647896
5.82613754675933
5.715328908199456
5.567354366808083
5.575206506684907
5.74064849554772
5.990735947548367
5.989176322248463
5.905376672217409
6.031384901596916
6.117000394131363
5.994903017176389
5.928416435005075
5.8903920678868715
5.72732293754428
5.687652166294986
5.71261734497315
5.703414841202342
5.797828307597672
5.808848430751238
5.714534523013681
5.710256803694338
5.755390962663509
5.687759421145565
5.558130867770057
5.690746526019302
5.646223031618563
5.724551939226963
5.662000478329905
5.585444687596487
5.579453186499544
5.610807779543638
5.553427826287466
5.5794331052123995
5.482699840917201
5.252190780020899
5.065269714029184
4.9483427705947625
4.763144885925959
4.485842599540336
4.4650364989927915
4.513925282992401
4.423982017712124
4.236290011907932
4.106402577433552
4.23187836122381
4.250615318460873
4.32148695484385
4.188220747608975
4.166792198874556
4.193217128926275
4.277947637682541
4.145701935554613
3.9988749145675504
4.176170490605296
4.322126540063685
4.533297799351293
4.585325956151022
4.500960930968729
4.646041714243941
4.58834680486415
4.48907638877997
4.376571735113696
4.4335572897408495
4.435349780944889
4.407249805996786
4.378677003314646
4.429397613460611
4.4722705340689375
4.501149608932092
4.365819032433512
4.4960991032628685
4.706919001515713
4.86567585353449
4.9226486807310765
4.74287493411445
4.87459469943468
4.97729113618755
5.058560814818698
5.18780882351326
5.180895448748007
4.91929934039577
4.899668164301798
5.123959212556713
5.1639524886435275
5.031902154713759
5.057578024713489
5.1778082663382206
5.267280079359903
5.192452673890611
5.267028301423505
5.157114141397958
5.160888060546403
5.254464872033219
5.152581602862629
5.095795139579734
5.069333960249227
5.145345552683283
5.026218302552503
5.051107631146821
5.032824084213182
4.942875256838317
5.013711702047163
5.133318109127967
5.209682074948812
5.249933696124006
5.3005398424867085
5.3898925199993775
5.336090063748668
5.238341877889719
5.289234273069639
5.345619220617912
5.387612881738053
5.3966883194732596
5.4038009063657455
5.29452008054895
5.283561884600408
5.3739342465271625
5.397230741350147
5.314281934679693
5.43156636832122
5.447931974464005
5.364986146058938
5.490743783129765
5.5919022697111975
5.474223305480914
5.332435402839646
5.476024549262823
5.595569255696807
5.660839738731592
5.767075087767102
5.832686176386751
5.962572839938398
5.9710622462206695
6.0066980865038815
5.9083600171360295
5.898745186403926
5.782521548158627
5.608815681423184
5.610425014164773
5.602851356007002
5.629899781926642
5.421202963390608
5.251758895536912
5.5382752639873205
5.519420584411462
5.352618016054958
5.494250380948395
5.626497499906119
5.316456555698487
5.10934473203674
5.21516622931355
5.244852434475848
5.232901556288543
5.317054913327042
5.3777087514567254
5.386459404165715
5.471345280977245
5.772026983328085
5.939951022647808
5.976983845301243
5.965682155846357
6.064726319036064
6.147994052268103
5.994250883115338
5.8867584589054385
5.951861801731493
5.972975205333362
6.039509408904015
6.09048519117526
5.95457224751357
5.881522237034326
5.751820554907925
5.8231950972906965
5.758034649145776
5.688105319952908
5.793218190804738
5.817322703453258
5.848296750315512
6.005072306418863
5.973075942145829
5.989834949459915
6.028713123045991
6.112168535118041
6.219351081786308
6.1399584843543895
6.077154138176702
5.932797242457733
5.912893076791777
5.868033054691917
5.882692498988731
5.933975705576098
5.932059670252698
5.79645213078931
5.8226006347169905
5.8378832970661145
5.879330050236725
5.98260145971519
6.005486404735069
5.871762254813941
5.6475087586588675
5.628629079102402
5.474035095134171
5.591847392933987
5.955284120665606
6.0766059280414195
6.138538183578333
6.02882838714665
6.141558909372954
6.15573173970997
6.1014826450714486
6.113140472138037
6.211605546595012
6.204014839851944
6.265773037992314
6.254973799887108
6.116975996673573
6.164978674616236
6.0710386273558345
6.001273011019329
5.886295613270165
6.016272371447376
5.901636587127416
5.9233991375316375
5.898714889812409
5.819990649165013
5.691369198119032
5.514718733688294
5.520843686391206
5.276196025940047
5.219722705558243
5.253337974143726
5.215476892973581
5.331525999898666
5.422868674920501
5.43593280558461
5.4293960616661625
5.435915813472323
5.39552880797065
5.358437980339415
5.658232348519014
5.8700350060377176
5.969305806694241
6.041022695760705
6.108519890075716
6.176065539011143
6.161146728864282
6.02978167425874
5.919384794694513
5.90825611026675
6.055632073680901
6.165768470666162
6.21898529802168
6.162109114428689
6.353809387786355
6.330292061471262
6.184399751660279
6.212680988758775
6.0694533325500855
6.089694510982648
6.130351706117477
3.152626096313203
3.0654537430467057
2.9148060921203798
2.718616130629307
2.3634981729215805
2.123328722214427
1.9935522941595458
1.8359117415705695
1.6731567237301193
1.6567661703887675
1.522298538985239
1.6249276270798783
1.6496852900446117
1.568196734307392
1.489431272680353
1.5035125310290973
1.4799474956114285
1.3703865058949025
1.2367032778094134
1.12604211363274
1.0420599689608876
1.1090425172381635
1.1739710728141306
1.1123033890987437
1.1458258003619768
1.3995880622750867
1.7529700620605388
1.9825821691952217
1.945741882204885
1.782386941265756
1.7607041375157069
1.7193769828682484
1.7765005561238132
1.7715740521279197
1.8960079642203698
1.8810483675462333
1.8866582482479373
1.7918724834088227
1.850124958790571
1.7700394912976352
1.8442415923081432
1.8487504065421847
1.793766890031165
1.613955093921812
1.5197347885668944
1.3637485104724236
1.2248309266089203
1.2015608821156658
1.2147961209020517
1.2557030939440876
1.1735899618639574
1.1125826389725093
1.0842970680331658
1.1080758679507579
1.1819223167948725
1.3888010498416492
1.4871485421511317
1.4071576638896408
1.3102262289635707
1.1580482511665713
1.1282316763212916
1.2008790509773108
1.1523996756053896
1.1033389247158625
0.9524370351061915
0.9009456849157741
0.9265410101929211
0.9995192002280423
0.934222565172186
0.9115566359158607
0.8444320708984142
0.8361690077266815
0.8385460425352471
0.9675450185306569
1.1102762095354317
1.2172865248074027
1.304613842577124
1.3998464157664474
1.4856694229632663
1.6017778371599178
1.7245963799953608
1.9294647482224603
2.103428359736363
2.0934906307680006
1.8673096390045494
1.7258758154999017
1.6708064319197853
1.633359097830929
1.8845330129204367
1.949104052166213
2.126394874723784
2.125898769133908
2.015465952204255
1.9544823124261177
2.0091637690988957
2.13131407733386
2.166266225922875
2.122650157098114
2.0343722142061442
1.9031535164245414
1.7176972006391742
1.4845889099389087
1.3645525427508316
1.2633350343401824
1.2047787122408082
1.118434204311642
1.09173522109805
1.2324012838675826
1.4535638142441487
1.613279394884778
1.815848255875272
1.8554252025711948
1.811757052934454
1.77318309514872
1.6876279572965203
1.5073709306962015
1.3153496612774724
1.1656984533775958
1.0807334172948513
1.235580593316234
1.2531718907817544
1.355697991842157
1.4216849568596468
1.5079087880569944
1.7172626483310018
1.9408378484168125
2.2182486801344465
2.367273743626365
2.357981344840134
2.3160815994789896
2.1326127088882445
1.9249784262485243
1.9491780936489584
1.9530098516532979
1.9069466766179373
1.8386130464126005
1.8033193694159757
1.8201176772260839
1.7532316187263761
1.7046326750614462
1.7804819278664967
1.877488760402116
1.9304907095561987
1.9255704168242722
1.846231108975584
1.8197104244007205
1.7372321726528808
1.74483057962133
1.7170060629341457
1.8031817921198214
1.812128742550826
1.890897917116759
1.8246675096637892
1.8985322457861673
1.9151210489030932
1.9661930579230225
2.0506148966973727
2.052996241295174
2.0483221243259715
1.939545155628789
1.9045627135927754
1.9292044469485996
2.066838408497924
2.0439174173105257
2.021211767677465
1.8031768960342376
1.609196570147664
1.5113404761849116
1.5896010037507478
1.6171088385714727
1.6383066287950134
1.6740006938511238
1.8079319679428372
1.9227515006220033
1.9578491587777622
2.0147939471585348
1.931794072929431
1.8882244458936328
1.787165327941722
1.8374527958074278
1.810717631328675
1.7266320031366098
1.5903312144379655
1.6225807637338487
1.582474708086524
1.580329850179983
1.601169231048662
1.561031538901131
1.5762182750025329
1.5252664632986943
1.5959287444513297
1.5762275755717536
1.6176593029149462
1.4983606633581656
1.5946029004782911
1.6130993087916436
1.5245336291464102
1.5520819823968048
1.5891969018033234
1.4895644738721237
1.4885127093301764
1.3989968407982423
1.3371676956118328
1.3728625289459
1.4411991328463758
1.377252242349536
1.5197536355003893
1.471905629271256
1.4789983011132746
1.5236068036200292
1.5386160702318779
1.4874805341481374
1.4070751497750194
1.2004846256609543
1.1043246471256216
0.985901600780789
0.8756033202489811
0.7694610533957764
0.8647876884541116
1.0058333996914373
1.276183210522356
1.4538429408918796
1.546094872678505
1.6708744902918928
1.7085378608445438
1.615085506204478
1.4408175674067842
1.3539867760524624
1.2558962800740125
1.1878906745631141
1.3073978973146834
1.4430345522721455
1.486619176738786
1.4292713368070926
1.5256014543780452
1.640621882022403
1.676812580848327
1.7932424202432014
1.7709221382041336
1.822741503898511
1.717810757484541
1.6609167032470413
1.6113495473206019
1.4442973326363984
1.3606811313714413
1.3848508142973122
1.5009358815749476
1.5089614611435525
1.5246674644398357
1.695829948718078
1.8767185208576784
1.9972335406891704
1.9190983341209094
1.847808817217168
1.6314843336925144
1.6766433795537012
1.5605012377897367
1.3855833124918917
1.340075378128621
1.3725709604076253
1.437811349778617
1.5334524968885586
1.6170554581141814
1.893858458406601
2.0837233941671593
2.133489853666749
2.0632329105504166
2.090793001476884
2.0910739913205423
2.171283100693064
2.1612851307792806
2.123569189623221
2.0684611252194958
2.0392910003687894
2.107296380710942
2.0734207792643744
1.9317213626353609
1.8686414509255689
1.785285915289715
1.7403213283180863
1.7486802385122582
1.7400464529810842
1.8634877999666444
1.9736342842822565
2.072906675165809
2.192794100381368
2.207433421280593
2.187563956159853
2.0680109725471776
2.0899439293864286
2.096713374881194
2.2031693165615294
2.145736831986865
2.1651515090522664
2.09311918697959
2.0353552294370867
1.9618397611839953
1.9900330315743444
1.900280755289184
1.7815278917500845
1.5695207998065703
1.4836420499313487
1.3402395040217119
1.3658732370507292
1.293000565013278
1.3029214020475666
1.2761700388733779
1.350800528592322
1.4216621191852203
1.479537815453032
1.5859000277815176
1.65306522515506
1.629887206536733
1.756135464145039
1.8470684775297592
1.7668381968772695
1.5870026811968563
1.3819385504544632
1.2327377570114495
1.0846428928839797
1.0205669771962786
1.0793993529188914
1.3217219902535684
1.509398529521714
1.525156229014865
1.455110464754206
1.4916225278408373
1.6166051826438639
1.7941936453779517
1.8331985780506421
1.7665705723472749
1.7767935129471455
1.6138158697781537
1.5301131398763186
1.3969952537373558
1.3118520757120786
1.2101259723689406
1.2340424020756222
1.2700213562081077
1.254060102222282
1.260353311141131
1.201314537738704
1.1130702887886068
1.0641449618329661
1.0845947108250662
1.0931278292488653
1.145667732358492
1.0636211809945144
0.9643716690874732
0.8719851070478494
0.7880443353638701
0.8471699212878373
0.9271509536317778
0.9169020629279241
0.7730742851456198
0.7924293940939867
0.8384687961215168
1.013902043812002
1.1325490517585255
1.2614768655721798
1.4404939907585783
1.548266373889956
1.6330891524598317
1.7720149091654123
1.7198960024395473
1.7240104433057253
1.607063214069164
1.5432240747074613
1.3611143634300824
1.224282227957911
1.193408841910648
1.229523813987953
1.125844472377483
1.1487918962642465
1.204078004357624
1.2099827280994204
1.2944557626995237
1.2995420429463451
1.2456510135568555
1.179904134485049
1.1675228649844922
1.0698531034013865
0.9745517432205407
0.9800210102930305
0.9906647363506436
1.0770735266620592
1.1837616397409396
1.244723505102131
1.369476565941369
1.5790769001677336
1.6015023160981119
1.7707334717893257
1.7279429452524697
1.8507616626460068
1.8948243879488975
1.8518251826955077
1.7460144068503565
1.696929149935155
1.667451605466411
1.5635145269521182
1.439744217967007
1.3791798467778715
1.408020636714296
1.35328640909097
1.3497325039964179
1.2325234069566395
1.1069162879743213
1.1261131092375083
1.065824147580756
1.024153500940831
0.9903037714106796
0.9130913048031766
0.9231691500477178
0.8305687685059975
0.821364816864963
0.6907088618907714
0.5010044998949932
0.5113962076812574
0.4236018851143254
0.35358757533925916
0.3585432619142869
0.4816104914908245
0.6400201449423563
0.7713261373418786
0.807867547675642
0.9202847968077532
1.0360375258930865
1.1180859824459903
0.9929820642910853
0.8168726753753994
0.5749703329789037
0.36798137415486065
0.31339032000453443
0.3084908158845412
0.3418687109373994
0.3584734821849737
0.5693117460591866
0.5525522983876087
0.556129074414733
0.5616644619725201
0.5508724086035187
0.5108776327991033
0.4545640014580591
0.48546328912842607
0.5353373121690388
0.6122750496902498
0.7482500891504036
0.7156602707217781
0.5004217433701619
0.3720890119260643
0.3456753383936681
0.41479881021705767
0.580854272959084
0.6970153003226776
0.7756689080121795
0.888602485956286
0.9946645447416267
1.0913407472265748
1.246247292429232
1.2858191822290808
1.2467342345062802
1.1746766055421114
1.163931509273369
1.240960068245405
1.2789204844252646
1.357835784997761
1.3023324090261417
1.353921715610773
1.428643155011378
1.5385146508646614
1.6753962241695546
1.7766819277206451
1.7704817903398213
1.721802482823761
1.6544368013709951
1.4843245903055804
1.485126528828414
1.2994426066862683
1.251001729425675
1.1522626772038682
1.194211251428751
1.0597911265602218
1.0295969740571262
1.016947188853547
1.1733606053776682
1.164511650290211
1.2073138803867203
1.2628162436770731
1.246952819295666
1.2729151400151324
1.2598780296374044
1.2166474758545498
1.249196593654205
1.1400311460013457
1.0903326423472885
1.1217261103554206
1.2465134881340676
1.4188140220324703
1.5131421343538562
1.5639040544900427
1.6649570083875078
1.67412400662583
1.816036088203675
1.7227556803701958
1.526381355331999
1.3466989402349698
1.2472328679296014
1.0958847544432186
1.2223665784641162
1.3443190597625623
1.5672691450427458
1.659447085166312
1.7771031389532286
1.9701981814471266
1.871659611765934
1.8945483689952138
1.8389310050828247
1.7949412163028224
1.803390587719861
1.810803153432931
1.8963398206943267
1.8997294151500688
1.915934971207988
1.8116856159171153
1.6295456226124094
1.4605059460076664
1.459700993441749
1.4706066007626581
1.5333015336234879
1.6806606347842714
1.8054631547871458
2.005014052206728
2.05963552307739
2.1782740254667456
2.154962297438824
2.1222970052659567
2.019387885319921
1.9763458736933472
1.95934362784255
1.9534297417437347
1.9422516643478005
1.973131996462029
2.0434844799184493
2.01213768154061
1.9746628899076404
2.000628870747132
1.9636822419702857
1.9623984239784633
1.8905193236707052
2.0098835937305553
1.9779429883172657
2.005781399502456
2.0593334947401387
2.0031217851379237
2.0736225917374993
2.109101553813966
2.112643071488879
2.125539937669037
2.158645172046829
2.2270799793663154
2.247781725266108
2.223666585327407
2.2780816126754404
2.2510118330421935
2.2233513130503644
2.192830656983064
2.0463465972272585
1.9229959968950214
1.7419725217452702
1.862906900999796
1.8260446527784788
1.8808979683713045
1.8554960337017226
1.8035765627049416
1.8463912490147403
1.8333833215292565
1.7501000615091977
1.6112270874557277
1.6137017775448093
1.6181436323255856
1.6444946071835818
1.6319269847997893
1.6166873519806126
1.6156720337154011
1.4667090261760019
1.3748820531964583
1.370537585695754
1.34226831606301
1.2959235132575129
1.3477829674655986
1.4278561863649442
1.5309798865800912
1.5123642648401037
1.6186034241833887
1.7287267238818518
1.6121618879500301
1.4437299631529954
1.3122513661844593
1.31776829346926
1.378716329181108
1.4267672758040584
1.491754702480648
1.4885947999996099
1.5896569972725911
1.723649297539253
1.9862263348853286
2.246414029850124
2.456241653451953
2.7088612843840463
2.8316043547490763
2.800206539040817
2.661354007481232
2.5547899685247133
2.3769848503643116
2.1862918036776287
2.0252618880466993
1.9164096117897682
1.698730963666631
1.5865900923166978
1.6324226069952779
1.7030916035612755
1.8495062011313874
2.0169334026327244
2.0703838263000245
2.041361809412002
2.0448187613955358
2.093616792043012
2.128892932187967
2.1874117825307895
2.1430970526564046
2.1076329029481466
2.1875025252939455
2.238193245529163
2.2464295347772167
2.3012537003682185
2.319451220574641
2.3953409802045273
2.454084944581277
2.4984459977773947
2.499655987564695
2.579302643307806
2.5956887582297674
2.5530258778845054
2.5283179131582143
2.467535587617363
2.5572466870867903
2.595305552292816
2.575572020087542
2.5832241752623633
2.5031889323769665
2.4392678629517586
2.5407265913224797
2.7240421375141852
2.76244682672533
2.7455635489907437
2.7657759610474426
2.891725657691229
2.9548627556251734
2.9819405040606988
2.9689436378502707
2.9329774676427007
2.949691811025821
2.8691829153624298
2.8358143683941184
2.85940699941278
2.889444021781132
2.942711670203163
2.8648224465442684
2.8329072790110787
2.9566952083799496
2.9562349724520702
3.0210580596938676
2.989497963184092
3.049564780459389
3.003311411658665
3.0344747065765514
3.022628976288446
3.048125248894578
3.0287594832363673
2.970454078445371
2.952439996646
2.8785966491553556
2.8070478857291765
2.759355750803359
2.7922654035444547
2.7937373976822153
2.9236330438464995
3.0141630640240784
3.105375211866132
3.1600131563512064
3.1532403073654987
3.06218953023014
3.044026800474056
2.9825239784505975
2.8592507257308353
2.775881813011013
2.672314414731753
2.6189389277154134
2.612477708645847
2.6718559997775357
2.6345514126290452
2.6615575681618293
2.7359756188878976
2.726041653016429
2.631753473674438
2.564964341669887
2.6202247713923463
2.7682212924059213
2.8131573746610616
2.689731405657551
2.5285545330288817
2.448613156130831
2.3310580097681077
2.3625423887134165
2.3259940797006173
2.37814421650219
2.464641069034897
2.527366031396243
2.6223373083181127
2.758988988333126
2.782734559101901
2.7328349748953316
2.614740664970209
2.4808980657576787
2.458341717880732
2.3229888407988915
2.3320054066401736
2.3489030714672445
2.325845673112542
2.4061454993443503
2.448835932514368
2.4639240798764566
2.561358748220248
2.664936047515649
2.682366763022373
2.6973818429560192
2.6556009263449134
2.6365867008085924
2.598858917432486
2.517646415836931
2.4322591896353893
2.36872481279551
2.374858368292981
2.196565945595667
2.0959924288311367
2.091703263318408
1.966477805474811
1.8890504268686312
1.8598231982806765
1.8277458524102785
1.7790185089794057
1.71389771663435
1.6866802804112928
1.7495928490829862
1.7232465421886158
1.6445641212915734
1.6050249867670034
1.491218481909616
1.411828154025632
1.4646424740134831
1.5433424688254989
1.600877565324609
1.8546590147613817
1.9480840357584142
2.050155720204763
2.186125634146574
2.2590447356236845
2.232435135033966
2.2016396749295906
2.214686127242656
2.3114017972198564
2.334928902871238
2.2671464935644683
2.15000774287483
2.110045522454089
2.0532335273936493
1.871544425283137
1.8514831001551615
1.9661272970192614
2.0419091053046587
2.182583110067664
2.22225884640703
2.2602316411951056
2.2978540041377995
2.3462040313853514
2.4214819851738354
2.4481167119446807
2.3609240815665387
2.403890990137948
2.3744785245229694
2.1413847458051634
1.9969386135017553
1.8726085752406618
1.8051832860413712
1.7225249765424564
1.7368772951728737
1.7978112953960514
1.781639298020942
1.7766916385926885
1.706979384020257
1.8252330353419037
1.9283684785250839
1.9240868433959055
1.940349584089621
1.9893291622812563
1.9912553704729135
1.974397407669295
1.8726032583673744
1.8185785610470082
1.7698310431752455
1.918991506265587
2.01928381227882
1.9320376775777905
1.927169772597449
2.008125358185116
2.034925218987201
2.061283111079399
1.9349790524631105
1.6972223627051914
1.5389567776203743
1.4513378289376806
1.443980962193845
1.3079457855309573
1.3637343189075395
1.3951718977787488
1.494540819197698
1.5641032010668083
1.65339726871783
1.7013863181818059
1.8557623980407982
2.0087925741679227
2.1516686511884164
2.1882876399222004
2.169696816286391
2.183249394014208
2.2477769935582095
2.197505957344462
1.9954769395996093
1.9606271154744754
1.8198291983186976
1.8595975259089528
1.9789712837424585
2.0791668707463367
2.1305396660850495
2.1867787483475754
2.1986284470898125
2.244824979620556
2.269883365434351
2.309719030271234
2.416789105610842
2.4039721129645217
2.3815987833465444
2.2406778939185976
2.1779251671132425
2.165339677750824
2.106592139495256
2.1439211724851415
2.0076672775908775
2.082771779656108
2.0366073646844023
2.050123076132491
2.1850758765561293
2.419941042208568
2.4936187584048644
2.534496653219227
2.477254185304109
2.536275569290032
2.5249315004714368
2.389930588550672
2.3896138240407163
2.349207890883729
2.2961558134684323
2.3487381055531276
2.419362005286367
2.5759359545250993
2.6755357975011123
2.706200365824587
2.688875421707107
2.8376999229569675
2.919974848756401
2.9316648011195925
2.8786334983030177
2.7094796126638117
2.758005248678618
2.653198766052252
2.5163012006255956
2.466699183928951
2.485793342887985
2.4405691907814453
2.3860153505423103
2.359328274010712
2.296832667914356
2.4097102266231096
2.620045681317174
2.665503408479333
2.6676624442787062
2.6247043344484786
2.612600714491754
2.5109738327795483
2.4125430512828774
2.243913146962316
2.0779743592493505
2.004405649606405
2.0064477380768593
2.0451673559455643
2.0572021235061193
1.9519540242400668
2.0733582252180236
2.060147589054813
2.085802177463132
2.079619200910567
2.1949111815046236
2.33822559830211
2.3371721334898305
2.3541950085512426
2.294802329485014
2.3350887024348914
2.3570634721704558
2.372518987943755
2.3930934810546987
2.3567928037104293
2.3048480915267477
2.4030805484188646
2.4041667538475964
2.4494798814711385
2.498677992604126
2.5969694899464217
2.6240362364124787
2.534534517248778
2.521740154579864
2.400693253100251
2.35339285222969
2.3601236796357137
2.3564325227146066
2.314530725520164
2.343897938680881
2.340554392532286
2.338588596934859
2.4205589248762824
2.6095260007130947
2.6853733298430327
2.6084996842720143
2.6241316741026957
2.6481091958181127
2.768632110510119
2.681043386963473
2.618573010685672
2.543235209567543
2.399607529410581
2.240803334872045
2.189443605612534
2.209819311538335
2.3041960801105303
2.260391510508847
2.147121897201346
2.145252370414068
2.2491609776114947
2.2538111285018925
2.3037154798365598
2.285842423550781
2.248941620223637
2.2687704967872113
2.331639653823609
2.4257216812491476
2.450271829059175
2.4712135384879015
2.364230553429507
2.3809434840432324
2.302405815000788
2.490352518837214
2.67754042967538
2.8233314011247
2.8011958423102556
2.868636588217929
2.8951571872191573
2.8913483258610175
2.7640995467164964
2.618464510634543
2.592998805872845
2.6261711839901545
2.6315244606445947
2.601159039515642
2.5634625527995767
2.66797319846366
2.7495814022358234
2.7973235124635405
2.7773556436801616
2.8473503855779985
2.9123309059636364
2.8628241466307163
2.872250072289125
2.9417296289549544
2.878336744960163
2.656939214893181
2.4760504958907354
2.3104610739809894
2.19447841526872
2.074216300425051
1.9500037465119264
2.081009533281525
2.1327019371742444
2.258059416167318
2.366841376820251
2.5798993287881107
2.6931275931359497
2.8720159424377836
2.933515516787293
2.7531279906666377
2.626894381617124
2.5710601889293456
2.357027080508911
2.0170545830164395
1.887575658955158
1.9556328979147795
2.096335011256428
2.1212242920147246
2.0419994107616675
2.086522252818708
2.082239529871698
2.2710070447882775
2.30217185970615
2.3104513942763045
2.275085292105791
2.2419510974776986
2.1567148553224267
2.1597834778283356
2.10255625499031
1.9675425734097178
1.7073165030990594
1.632124339533486
1.5309882902148113
1.5126019841576963
1.5951030560354282
1.57541916089479
1.6695431835460561
1.8497079861658967
2.004567079818897
2.0822106756956136
2.077071934352827
2.16460514842705
2.1006310159566643
2.028516961501822
1.8239966572666018
1.750531864435942
1.620644831619433
1.521160947482575
1.4099359765206143
1.3954595253242632
1.4757448347496278
1.5109067322221663
1.6093211183868235
1.7300702870754228
1.6709635942448398
1.541208293687631
1.4621631818563585
1.4144239373753447
1.3303427264804535
1.2712104469140038
1.1440958015130518
1.2042232922623435
1.125507684538678
0.9702313124505786
0.8660334423723053
0.8294019254311897
0.8883420083868621
1.101798135500709
1.360178612808704
1.5623475653696501
1.7185609769736383
1.7897969679801116
1.713235986410845
1.6877052132889572
1.6707534156436759
1.6041232252924789
1.5589400006757077
1.5454483090713997
1.5472037730770702
1.5443218637817575
1.5495456442749456
1.6378806956027772
1.7689321489096212
1.9127639268744638
1.9902580026166632
2.023927662581585
2.094833042494783
2.18081489145189
2.1559421795931595
2.2427735822572545
2.26785792228096
2.246537005443726
2.1257945683838693
2.0396261522780548
2.018647586705329
2.027824350466097
2.0508165672333134
2.127373617042766
2.2233391085761474
2.400804135114325
2.599002933917973
2.6982142886497407
2.8342387584199833
2.8589181904496344
2.8779701637291497
2.832751123374856
2.639984289670728
2.5072796763201395
2.4936985064200923
2.4047903784861315
2.3199479270356766
2.3168228721041007
2.374072310513493
2.2959835506138258
2.37968719973004
2.5143693758790113
2.641027885026548
2.7299791681570156
2.7892286933647608
2.808486540381713
2.7630429128899796
2.69368543854087
2.6205356792447025
2.5380678609803136
2.394030195728942
2.342115181541124
2.2188209988274714
2.1848179562585135
2.328777319663802
2.3339563778199066
2.333331692056587
2.3812334181736485
2.4686605727453332
2.5680826962740486
2.673215793350421
2.748991956056212
2.737588397678172
2.7498423347401046
2.683071968225363
2.6255450629109442
2.551273178183483
2.536535228473873
2.3778616051565664
2.25844501455463
2.2131253807553177
2.1853672140531337
2.181952204581138
2.088323180936687
2.233424660369364
2.2458077672847114
2.21601872777686
2.1948696676886956
2.1150024443604556
2.0651194141718987
1.9315919936291164
1.8307930788818967
1.7853637301497844
1.7690463237528586
1.8396460711320841
1.7865393551050444
1.9295293268825813
2.0797666134798147
2.1210260946486126
2.1091824618955504
2.1104006709072314
2.078868849517682
2.170871735173129
2.131659645691779
2.076155811007595
1.868311822274449
1.8488010788860514
1.951457328858245
2.0633844513272224
1.919122003214895
1.816771239470074
1.7472199745648234
1.648610318711631
1.6677643811379423
1.6780386576396782
1.6240834573924774
1.6745768358117266
1.784862717982235
1.9411676006827068
1.9878833894022563
1.9816618249756868
2.0553055860540836
2.1652406558448254
2.216998533920321
2.160130135277451
2.0482940611235305
1.974701970044539
2.014376532861341
2.002928484139808
1.9961092575278956
1.8971501399197186
1.9402874316392555
1.9602099542833915
2.0323868907789837
2.2334569430501046
2.4533601850200215
2.61293613627962
2.6259190911868897
2.7040763537273427
2.5771798547431355
2.4987094988624987
2.4875404578716105
2.5372534541315486
2.5125232044968335
2.4713312197654456
2.532199547333477
2.5770886282252605
2.585592983559335
2.5551716724966336
2.7479030174980217
2.8543253917549145
2.8305384095887036
2.9254620434237246
3.014402955908928
2.970814621058025
2.9912944479007293
3.0432571712385665
3.0143086543931514
2.943733979818162
2.9196812808330703
2.9056821404224507
2.82174420810924
2.72776139970084
2.7953050184792465
2.8013992580779883
2.742410293496211
2.7462871646439555
2.894573793053013
2.8451934472038625
2.8369691467119953
2.856854106848008
2.800636799458466
2.7658778023806723
2.7296541678445396
2.624312719205798
2.477440594552145
2.3443634062393945
2.3846079052597777
2.5092053502928717
2.575853874394471
2.572825723854413
2.6399662695584403
2.623754902475086
2.5621654049185634
2.5181694658545664
2.449188649968718
2.54248096019625
2.541735489139573
2.5477041076360734
2.4231590364970264
2.3926645602601537
2.450646623592887
2.5205170335018034
2.5884069524200424
2.6977605291439293
2.735051842222461
2.9184953677107175
2.9443170715877636
2.91308989732442
2.7992835923635186
2.790735502543734
2.7901774601153106
2.7702665587007385
2.766058658603315
2.701362866182497
2.593006227487358
2.517467384515555
2.582277426233227
2.6201322136588443
2.643515834726281
2.5646286297101533
2.509862127449008
2.574520872192037
2.653849254972847
2.7096719270806973
2.708469284861602
2.698379117324421
2.7266849543671925
2.6742377514489037
2.6177137885375608
2.6321466816255246
2.5732336454898395
2.535993423767834
2.6232002630844313
2.560318997118781
2.476766412943435
2.379128017852503
2.4210604259285473
2.4920235743645476
2.6169980939949937
2.6902805034960657
2.750510285156888
2.723763552280208
2.7252756611597113
2.668762162374057
2.6125856874716193
2.619478293815939
2.733625397252211
2.710269036845064
2.83099456073326
2.8914956802360634
2.889738469246389
2.9158116471576845
2.982584052645615
3.0063255409714476
2.95358310205134
2.8983386405071188
2.9260464095481136
2.944135353057693
2.9276942664850036
2.890913354830656
2.8747668742162675
2.7799749064769905
2.7729256805939326
2.706437185757386
2.82134976316696
2.803437487184674
2.7462152573495304
2.700095673612227
2.7938680108573895
2.7196864146509356
2.748875486651
2.7382999074331984
2.6578869526778615
2.718924536414121
2.841771210365859
2.8341801264522393
2.8710512346682737
2.793792784697107
2.7160946801097587
2.6657649128892147
2.6934073935903644
2.7288181019634146
2.689307993321659
2.694749737685537
2.805517107559532
2.9212413438368436
2.956124310396792
2.946902530609772
3.016417443943351
3.0710738519571517
3.0339126461732415
2.9184669964524077
2.8262865514447846
2.719560216733324
2.784402753079413
2.768399047483149
2.861503365426042
2.8208801819228664
2.8480051538590545
2.836066875472361
2.8751563605525363
2.8775936729973557
2.9541340079917755
2.951211806013169
2.916061816291408
2.9301622304524813
2.9283888936315567
2.896974088345811
2.7814612983564073
2.7501472820001025
2.735219411226715
2.834209796006973
2.8819639902487553
2.83245030046509
2.7735054440078155
2.7880122975415618
2.786643595057513
2.8873143060233213
2.834641686659411
2.7744087681668446
2.6614619638681902
2.692867149520888
2.7195716393212934
2.702686025738386
2.633515605952525
2.7095691745274646
2.7463964976712028
2.8285011015496537
2.910275506443211
2.9511172603425773
2.969386900443212
3.0068807556307418
3.0168517064427274
2.9753212897423005
2.972091530489476
3.0380719741948585
2.9345502948912703
2.8639000937049737
2.7624628363731527
2.713957944487323
2.670074053198108
2.61650124642627
2.4654347924558317
2.4375348049606056
2.460231443297129
2.692795167949958
2.742829599760705
2.800441373261775
2.866881569607537
2.856041216313191
2.8645304927299087
2.7794629640883826
2.7483069006921124
2.736499372003457
2.6135820120062374
2.560985865649697
2.6960802938398754
2.6741021912084104
2.670050981455759
2.6688130248922324
2.7236087453370432
2.7570356047537166
2.9364897600588744
3.0179908705166043
2.966645077017142
2.9437768431823432
2.9224692560363725
2.9597705679735657
2.954734445444069
2.8452616386687315
2.856492917079569
2.848252441583647
2.7461820092170837
2.7561765673172762
2.67900793396215
2.699911689549276
2.705597197115352
2.7564659661458175
2.82314246995444
2.9028713949056613
2.9478470485556887
2.9596660540710524
2.9049102894671592
2.8814779727036854
2.8318336368577737
2.8144694788041624
2.7961049760021224
2.805130423302113
2.7703360263394377
2.722155439458102
2.7634639470926556
2.704772438380365
2.613255870443229
2.6333298987261804
2.7705650661863372
2.7943560059217702
2.737784691247866
2.7349885177486066
2.777939427414301
2.6850399249446344
2.7823073282006145
2.7587676813994815
2.6057055915360126
2.5002440894811566
2.619400024323817
2.6802438297521753
2.6977098678152385
2.6112909245092015
2.706003910089407
2.7092816796393957
2.5914816577245676
2.477054945088404
2.56654149552031
2.5873731333859458
2.63920103679693
2.552216049688296
2.6380145249479856
2.66292857626471
2.6974794124335846
2.6197721927982327
2.5571361615455386
2.5443299590264474
2.5935852826838097
2.547091509248481
2.5343151736635856
2.5514745870946793
2.6155211752202097
2.700911244105646
2.7472193663183457
2.8312238120638695
2.8321006993883873
2.8765864612075074
2.7729180964637044
2.7458389492047512
2.750892799479003
2.77811419063697
2.673973789401834
2.6509616893865284
2.600942256438602
2.53806136410824
2.459767560055149
2.3648715278539623
2.4036607676050004
2.540774309827288
2.733749246762786
2.726996495247221
2.826099258692858
2.878546663878784
2.8427242876126617
2.7890031257003174
2.594502390716668
2.5620803023088303
2.5745952245597055
2.607158621953555
2.6664863255095166
2.792428351423837
2.844354232156961
2.7853674946928932
2.8033311501991935
2.8319558711127453
2.85764506190492
2.86822482216226
2.7948313364049806
2.8337539016709803
2.7365658133606394
2.710319057620243
2.689961096303586
2.6475237086815016
2.5582830240738144
2.620025171465983
2.5724084957346545
2.661588525832731
2.632750456063288
2.713566068769171
2.6852273913872455
2.7605380687768553
2.7295639426995537
2.6945138203973045
2.618772698795828
2.651293600001643
2.689400809199841
2.7122302141398933
2.7739100523895455
2.766457178109293
2.6846137437142814
2.701285880911243
2.671626059753771
2.620044396681055
2.7256417034691878
2.6892310408274978
2.6912998546635403
2.6777054298384684
2.7246093018462143
2.8217257803674385
2.8162254575863184
2.843823107198742
2.8370795624422676
2.8098339941414907
2.6842258821146014
2.6380854331379897
2.595875468534698
2.605332292244464
2.589883056500105
2.468656103116272
2.5433257822924302
2.5707798201633407
2.656175702405517
2.6466799378468107
2.709501276287889
2.6082287064579956
2.574881261872017
2.6315050781852665
2.6533447650378887
2.6305564180662304
2.6763435146592256
2.7642442225219037
2.773502450268732
2.839873954350675
2.831718924474316
2.8218131165538374
2.871481269138741
2.8603285246958756
2.7738052059159735
2.847896530779624
2.741939664535214
2.6673611038882696
2.584270447260179
2.5651145091277665
2.5322455463229074
2.6416879773136
2.664462878582958
2.584872257210451
2.6009373521430774
2.579915325051611
2.6008319823324872
2.6026262380339324
2.5717480928391354
2.5990738469963603
2.7223895260107502
2.821374291081213
2.8175950302813635
2.813681423760387
2.8657372534760857
2.9577926119017404
2.941863193811678
2.9032421513349957
2.950791816684781
2.9138096046853987
2.8675388201026517
2.9638800383056902
2.926886315374869
2.8660502185308263
2.8396639001276474
2.779958880873475
2.724145569336099
2.7581597747332647
2.8249701694803546
2.804047376742389
2.726928514669984
2.6876943676047937
2.5929273651628404
2.5359024743097107
2.588812414585598
2.4572265746819584
2.4280327504201282
2.4844161423626883
2.4529462900943564
2.381723917876963
2.395662729301931
2.5084813049128805
2.496691114593911
2.436865841945847
2.434631958708788
2.420811206894826
2.5219057341349607
2.489333786435828
2.404881446361246
2.239786750290742
2.26674950884345
2.2467969414991686
2.3116520929177216
2.329110887430113
2.228369851332057
2.175028072000836
2.2013676977478753
2.3130629409746115
2.366693939965945
2.344410999874405
2.313804145118446
2.290386677684654
2.234118295786205
2.243516130002758
2.241160083792877
2.1833721936235717
2.2226460966882824
2.22586965560317
2.259631052371729
2.324028851511906
2.2888692383382545
2.2173125687420336
2.167842653270834
2.1414143776522376
2.165740756792826
2.1934913651560115
2.31678822175339
2.507344712666572
2.461083092377818
2.490557971851499
2.412428935024106
2.46537819883456
2.497465860439184
2.449122175309368
2.4067820667312945
2.3475015699773087
2.330148857911189
2.2741581050098034
2.28614249907934
2.3151294107853606
2.3365035354274766
2.4088084756556585
2.4943922427164527
2.5749207863308685
2.5850087438230505
2.497051166353925
2.4250890224175476
2.3015099877692258
2.1847417926621744
2.048259966716643
1.942039022295334
2.03200078592625
2.0250302578534725
2.085987089104405
2.122614508344752
2.2214764427611104
2.3633575118842405
2.4073464426582585
2.403836762878831
2.3090340288485995
2.1988187080989516
2.1592048758144484
2.1792596337749655
2.2349428794945188
2.1788004316731313
2.0636480151080763
2.0411937836269964
1.9857148368691306
1.8823721382126302
1.824611870404806
1.978880302203438
2.0368618019341325
2.078870357557587
2.1141240086369475
2.2887790137155393
2.402595620447981
2.48482149783206
2.5062294062293033
2.592653305501884
2.6286724783662505
2.5852360135609063
2.643013226093733
2.5801269387117527
2.5710367159523493
2.614972783386485
2.597875768730467
2.5377684414012496
2.4957665327669813
2.5991722305794336
2.59202521333675
2.5879388261338367
2.501832541261175
2.521557009911035
2.5777359266402264
2.6424187991129555
2.622093360503641
2.565239161730295
2.547186803477824
2.4745996722959824
2.4343001506809956
2.441181222816323
2.41392874080985
2.3632578259133403
2.2425658242947915
2.1089867991512214
2.0497540676202792
2.0288413937716028
2.0605009720023304
2.2029374919173277
2.4131293026333576
2.540240480218101
2.6399504393695143
2.608760066706259
2.5606641469041698
2.6032843787137083
2.5117668843438308
2.3594218794383215
2.3339659357250007
2.4680402547166977
2.603658152058627
2.6366991422942108
2.7046106823071057
2.672062290768364
2.593373504084809
2.5534272969762077
2.5799026364247095
2.584484873268146
2.5324981845496506
2.465525747146539
2.411339320026102
2.442377662702004
2.4487577274345345
2.462546612415648
2.444651181898243
2.453292058963868
2.438514170491302
2.5600924871138124
2.6916574740230383
2.7911924545848636
2.8355667329219716
2.8473234211339333
2.972915481199598
2.876325763920539
2.8497970462324385
2.9709128217429845
2.9286509989327634
2.8043937205200065
2.6172228893479224
2.5782266610765157
2.647944453153073
2.6764441680157085
2.6854507912482934
2.629601069567459
2.590055895461355
2.6897561942531634
2.792128993764082
2.863073543614539
2.9136160761230196
2.9657526436023396
2.975343465485141
2.9415545231351365
2.838167038513226
2.7707327840439127
2.708803278183841
2.772562351043681
2.811042673074594
2.762916677444534
2.7854713641109776
2.8466015836707936
2.9149348665262074
2.9429419527424714
2.9070071354331115
2.835935876302823
2.912583549039159
3.0266279485233074
2.956387983934726
3.013973991287305
3.004934067092231
2.8727406641791173
2.8538766473101242
2.8956937829751705
2.8628079843722265
2.811211894440918
2.66131860543794
2.5057325702405504
2.543407177509872
2.5331658374737187
2.4678028793649136
2.504870348554592
2.5810553571234367
2.5174383578850406
2.5071483640077417
2.478716579749442
2.2732840753152157
2.132226169100515
2.110051476675901
2.0329555274763624
1.9554844528661888
1.969245291923747
2.0927967078170657
2.0726146944582244
2.0722418743250177
2.059383708523279
2.1185816161405047
2.1431121995339737
2.215122787645657
2.338574455222956
2.2947513341297023
2.2634985076167493
2.378415814809281
2.4154825393840462
2.437030306759164
2.5141919723826156
2.4108686450722723
2.366653975376282
2.3185425080403115
2.25174772279273
2.1994873461616335
2.2917794048305433
2.366664835492964
2.486572959679835
2.5116841542161574
2.533771915359415
2.449340163253434
2.4105902270833024
2.2555835063935814
2.266057550385972
2.3142886908925306
2.2444844444462713
2.296334955234825
2.316310196085944
2.454532268530373
2.44333113120206
2.537258979082563
2.5452997134328736
2.631773271788057
2.666556966856672
2.649439585902594
2.6431827481402013
2.638176460934418
2.567351763612484
2.5007476778728597
2.4408994665356074
2.3942804239253235
2.438416377307981
2.405156099202147
2.360883191137012
2.4356528683488117
2.6769775679684606
2.752025712133502
2.718449566762297
2.6920787906726353
2.7639631980504573
2.8062547777988103
2.71409220054319
2.696648694387827
2.7727129134501745
2.7761704426660265
2.7496263115966753
2.763058090339845
2.702827633758172
2.7226705906914264
2.8012808904163764
2.7374956642314148
2.6950074196005773
2.6249286872873028
2.6351428730526067
2.6832897205294897
2.7993415004347315
2.802135851405302
2.7929101516175505
2.8294768736647553
2.8804769148018443
2.759462203991219
2.700822511721491
2.7769917159588022
2.8040982136464265
2.7281944750127227
2.822356803458612
2.8738195860292977
2.885836936729246
2.9452753584648743
3.039396186284555
3.140202138620474
3.0890470382899524
3.0659477404625113
3.0614968967392495
2.9951561421473527
2.850647068335919
2.860381371666605
2.7892216429905408
2.7861266731023364
2.805642849328811
2.8773561463602095
2.90201884537723
2.947199590363506
2.9312227406057754
2.991292859121029
2.9178581223295277
3.01637938271718
2.961815879179726
2.9429265513074383
2.832182530933048
2.902975750664856
2.8840948210982775
2.791636689311363
2.8137128058763095
2.822629592225127
2.785679426718452
2.766574159459198
2.7797311729399747
2.810503443608515
2.8625687896722964
2.9214729839341764
3.0978759154107287
3.1439509622287742
3.080227599685841
3.0625510156430393
3.1286187004858292
3.079950139350872
2.9669324591094433
2.9017501359122417
2.7547895627705117
2.6391594490284604
2.5946107858913434
2.6096968566801677
2.5817206237993515
2.5842727677413735
2.514842325418794
2.541618565178412
2.6111028574835933
2.7011682202009144
2.7982108902242064
2.7892553761823184
2.791253622873004
2.790365941258457
2.7053509686968384
2.771127899291258
2.717477992833914
2.608051155519159
2.458240232060645
2.418239574504858
2.4228509173975503
2.497161917218007
2.4443126420894687
2.462768260322497
2.587261209492392
2.5705182811733085
2.447781471890365
2.4970219527379283
2.5115537761254503
2.4093430534421714
2.3249639785605107
2.228722624504664
2.431715592707214
2.5647375142843276
2.7350797260622017
2.7584475685753707
2.7609250723470877
2.9110379709175884
2.9640926862546526
2.9255634854685058
2.9641187236298334
2.959180286972852
2.7645019085721616
2.7773095899243
2.7825622343687746
2.7835946394668274
2.698027117674176
2.6057326533146283
