0.230838215733839
0.3787740972212156
0.30419892568038603
-0.002815143651953349
-0.33733161551952195
-0.4635426066032683
-0.3702289465617663
-0.19008345175888844
-0.2941628148077625
-0.19634810133805794
-0.07646787848436382
-0.1388589818734363
-0.07722101411596988
0.13760229774803176
0.41205426213039376
0.3579179950603337
0.44410209084931496
0.6789192161190855
0.7830905997277526
1.0173861715404602
1.181572986818212
1.1532264632074607
0.9685713259894473
0.8884693002341831
0.8931073357917905
0.8956488860498009
0.7002430556368582
0.6143721080691139
0.5630938197908425
0.6750033651198548
0.6349365218147276
0.6064537962850597
0.7332687801130922
1.0830506587728692
1.1826124836643748
1.177008001450732
1.3109066512588867
1.2783017950805726
1.53127865780861
1.6792559763666366
1.7801420403063275
1.7720539582468384
1.71845468012572
1.7359983047164365
1.7994717618294076
1.861421468962536
2.0672447802057135
2.196805381706173
2.3279564210713644
2.5170049044309364
2.8182832825881987
3.015502669776316
3.0920906226962814
3.088747774577462
2.987846616777032
3.1614572480876864
3.4253120892411117
3.6116442153020563
3.5012772149787446
3.4029473116884605
3.2707366590667477
3.2081749966415667
3.035936217591059
2.998487054030181
3.264662335641984
3.160893078687735
3.151448374322163
3.1431125431442024
3.2368740157929663
3.5620180309127627
3.6180627259385965
3.455744440886215
3.4659557367540326
3.6722507505432507
3.7057651793067508
3.417196829428278
3.1090876735716737
2.895143472467664
2.849874003446842
2.8944287631229706
2.9872959622019923
3.0880165288310994
3.1289675468584757
2.96858776912758
2.9793621305300593
3.0525701451974827
3.111593600104541
2.947760513674152
2.6074476465734073
2.562393420070013
2.5978284453105105
2.7164002118386037
2.9216440318922183
2.9350004090323747
2.89740082791143
3.1343451847742925
3.2658292409171317
3.3628411807325076
3.214598187692195
3.4433194574032484
3.584994102156214
3.6924327635324827
3.732251855071902
3.7748377514554594
3.8156192782851415
3.7655131742777073
3.8442858010587644
3.9157171344823656
3.8622065142243964
3.7735644200043894
3.6402321786052525
3.526518553703352
3.4797681667956795
3.3951367520879687
3.368659940939271
3.4191116413667864
3.555078035882524
3.7554193466911094
3.729464295404997
3.76039350011333
3.528046479400566
3.3493290590193237
3.3293822072409296
3.2865881227576392
3.3639407241582044
3.5178399828700035
3.6168274034769547
3.7655715864735027
3.958697735425203
3.8411531313657123
3.59744370746445
3.5301720373277767
3.5405023383412217
3.4075609609092936
3.3314077584103563
3.295497506937138
3.6868745878888554
3.831837358836353
3.7671095089904387
3.8290849475079636
3.739017397347494
3.4753319975292256
3.342346815712143
3.5229373739806027
3.557317344338472
3.515262179844227
3.4207971393370746
3.444655863950641
3.3478541494479943
3.3786538699768673
3.4549714048726288
3.3564459549201366
3.497618881725426
3.4057211269118373
3.2534316334835807
3.26329432420824
3.334264209552612
3.4332097205004253
3.4675424318615375
3.731361167390836
3.5892002984102147
3.520245960295794
3.23950677668033
3.050400622275126
3.1526643501370244
3.1116086414195787
3.035730151586465
3.3070191806505935
3.3131642655022073
3.2495025176539927
3.199182534768744
3.194420420141223
3.3433688026657533
3.42110896489719
3.693041430204436
3.8725949948293366
3.8931639364772
3.7917190455928296
3.4919076444383994
3.3172910809861635
3.4414777144359747
3.4783923554745644
3.4168348294635136
3.3867432998098224
3.3091374226490107
3.3332863959602914
3.3187926311179026
3.3724790811301433
3.3849512902270735
3.3485541971713504
3.351811523990124
3.3732558782337465
3.2956276195382475
3.3093097398509377
3.1092944849678563
3.118211973274885
2.902317048762057
2.9574747732495132
3.046943541091326
3.224180943658407
3.343669746301548
3.4837697608713727
3.7600421135857767
3.852499380924707
3.899545628584529
3.8326288917420435
3.8249150323898276
3.9544807806025073
4.053755152576295
4.266794423869595
4.318325198027473
4.538346843328941
4.5536238456461
4.600218433690544
4.618494443196074
4.664989196867515
4.683175475739695
4.711831783196757
4.5283812512005595
4.542272359088047
4.266637611638845
4.361881668632643
4.384318980506966
4.413903894799375
4.529546450692632
4.744177856064682
4.9788653105876755
5.114881839811742
4.847292465534457
4.827235251202637
4.774126442216313
4.819459770867775
4.720425169742672
4.691297417097656
4.517401692114162
4.571181889168695
4.641003287629318
4.74769223097083
4.723814510734675
4.815275700023444
4.741553367854184
4.809966155488933
4.788260107362355
4.960390434522542
4.927213918172597
4.843997204063915
4.7921408709696784
4.708742054802657
4.716917012018785
4.516764335965499
4.28406205329469
4.136762504786145
4.26803346063687
4.443082528935728
4.408774891658834
4.575179580544861
4.445973258663048
4.363600742789368
4.16655790315606
4.078402647348161
3.772897556282535
3.898330629593898
4.056184322422443
4.022814742098858
3.7607752773111485
3.775506183867592
3.9327230225572176
3.797806613329813
3.6972775454698446
3.839888123033793
3.8655751583326126
3.980113000533571
4.125566334495256
4.148510205258834
4.1866329061090655
4.373552432760271
4.383288601490385
4.579650989764759
4.714146902560336
4.83368380548876
4.911383203321632
4.914212184083571
4.709645463645399
4.621575107111727
4.67697330882902
4.792537779959941
4.8181866623045355
4.9078598722387285
4.99223238375507
5.225007361226203
5.331036562528877
5.464513178750838
5.53914782912955
5.48318250181239
5.4755925205353035
5.360512718123098
5.439847318984866
5.511261880136626
5.58317514694848
5.431573566242688
5.379325020850512
5.478080943015585
5.5621219796258465
5.571344555306337
5.6071415173237655
5.577917208489912
5.7074240043794
5.7296691996721005
5.859092860661687
5.615195602306889
5.5424019881120605
5.566003271351283
5.7708906910384625
5.836678365671516
5.725031158634909
5.7188253266067814
5.526594445483254
5.500350498638081
5.446572185045679
5.482604367085288
5.391284751347334
5.345092483775
5.30516522912926
5.162772590542421
5.012342276336296
5.024321740989252
5.122199840566074
5.2016314291351
5.351007057210305
5.231489053515928
5.18389525592063
5.1421296681683994
5.125421943102608
5.517500735773405
5.601728863531398
5.559218206061068
5.15812330282156
5.140197059199579
5.347567198854101
5.503128538557323
5.5600515923386356
5.4544481397268125
5.067093317333915
4.8286987626154625
4.912833987813326
5.0610720903412245
5.1861127254401795
5.340202036836153
5.261955417428067
5.108594926629203
4.979551790454357
5.130468065403825
5.3625046085651755
5.46667079316711
5.425231665117443
5.557295203675276
5.372130850537219
5.436005188827982
5.537273730467579
5.5769680083078255
5.511387437336393
5.380554791194552
5.303898020008088
5.089149738801416
4.928652789807893
4.959111983618725
5.018123791433978
5.076832614882628
5.050114083561364
5.0411061841380445
5.0989665003045195
5.0795551624711495
5.248559621374098
5.4191228668872675
5.512438758134633
5.546761448276912
5.599690769336116
5.426294725476782
5.4522149640246695
5.826164680910662
5.7872945408779
5.60075752053576
5.700187072238347
5.74984612976415
5.823954894561343
5.869381883585818
5.856268493912686
5.8090207401191085
5.762263027149142
5.804546572031747
5.688210604652204
5.769142769024536
5.730015897522409
5.678724110007432
5.737219722099753
5.580696045516302
5.681815075399843
5.693609743037417
5.769815534993463
5.812575314074227
5.792806723735246
5.869246789269578
5.824711986196997
5.836646106377337
5.776723341236586
5.9160491910438155
5.983584836208098
5.949214337333949
6.0725024971513015
6.213350406918742
6.164600182241911
6.18008499297589
5.985801025755186
6.0021492565855725
5.967395631990088
5.898262388797296
5.928560919680405
5.94569407526825
5.858613555488801
5.655713618241959
5.662292146985447
5.876965942595132
5.9750951505572605
5.951182207776823
5.928512492885952
5.779038354822298
5.720453451632601
5.676678834730792
5.755445408791026
5.717425602700496
5.742360290841369
5.598580228792303
5.684542741168276
5.618499375608071
5.8199208948891075
5.7684423295306955
5.582887530380431
5.574108423740966
5.579738007880003
5.546645112741976
5.592191444396056
5.787143522581602
5.886534121281784
5.715153569049978
5.724934627794134
5.934881312737961
5.9457287496694935
5.833976897156715
5.914153513759402
5.972018458143605
5.949277240052081
5.973669549208628
5.878946051469818
5.717502313419525
5.843700457356747
5.887240290214745
6.089821663632822
6.140378296715681
6.308758734453457
6.112009561420816
6.028943443192977
5.8574144916194015
5.859317495275607
5.8688579856622685
5.995425688944474
5.880510979038121
5.773642981612849
5.818700785927813
5.9776666303043795
5.900668823126291
5.85422899190579
5.904662293234088
5.905077288713524
6.048264206807435
5.94986150669065
5.957264611678577
5.8241884018587555
5.857452019379257
5.886687121917994
5.945815615922989
6.132778929372095
6.162396004907069
6.347084976931164
6.214687786036311
6.300502603634829
6.133241367329917
6.098324915854521
6.008333353946631
5.922830595739819
6.037787465085896
2.4036779528352565
2.2524762519120145
2.170893704218206
2.101809476106398
1.8793870005763293
1.7012733475135513
1.4586582577542726
1.2591361645249686
1.1784245190882772
1.1500672265405578
0.9481312490149889
0.8035488658378372
0.776100254592983
0.8840974203542419
1.043588447784029
1.042339672779713
1.0843295791392538
1.20620435570019
1.0560542485963906
0.9231664209975972
0.7895464707607668
0.6793054377294417
0.6549666798951875
0.7068081522019489
0.6828996841771275
0.7282487521442171
0.7814593822471866
0.7680008061525833
0.8190995926220215
1.0381420521999096
1.1752928608652682
1.15343637274888
1.1723525559683452
1.1031527301737885
0.9900834356669501
1.005549601485443
0.8867096827086154
0.8667225094066692
0.9660404232419998
1.0603082569927833
1.0447459198859699
0.9335418415901141
0.8247453446810918
0.7188220176775342
0.5712798064744136
0.3617017059688171
0.30202071416219417
0.3573649798079148
0.5216949256444471
0.6926626117490722
0.7955119055329953
0.8687918681000568
0.8967627595803432
0.9403270296382373
1.079035777865387
1.1808776833157484
1.2352625897985066
1.2998610621812872
1.336840450447445
1.3801023597049755
1.532758466961118
1.5966573787540137
1.394926475982168
1.1536772220134086
0.9992808961855708
1.0204393362892985
1.0788624777250966
1.1908431536112205
1.119019033408083
1.0432586859886013
0.9321323829811397
0.8871951403808824
0.9613926470749232
1.0181623230760761
0.888418496406538
0.7796291080808143
0.6949965606634615
0.651747879842373
0.7132384716701243
0.817283156072582
0.8029884353491092
0.7488168206823832
0.7793236097000374
0.8035962817140029
0.89041549976758
0.9631489338821554
1.0649136690371819
1.0717860819286245
1.03821729845694
0.944401012255599
0.9096165719304479
0.9594263216950807
1.0640253790714862
1.1339580620019099
1.180987057200302
1.2421907374199583
1.2339368053587965
1.1208819492467301
1.1462378289998065
1.2269146521044323
1.3576286873060217
1.4798472355166994
1.582074504780749
1.6481433681102566
1.5475862519363965
1.3765507044402734
1.2396855441566421
1.180129325958994
1.1288791962128
1.1198636059348381
1.1531396435307177
1.2526033392764975
1.3566391675783598
1.445660417343297
1.585648504549253
1.6432508349937596
1.6591437251999244
1.626699598398354
1.6029813321330324
1.5243601876913027
1.4510287434754952
1.3342538888200437
1.276486656632709
1.2272824733388539
1.1841037788942999
1.2628684808417594
1.3381045852180522
1.4186060890998835
1.529092606647498
1.613850080637179
1.639712420890965
1.8373073062041936
1.965743176732193
2.1096541547045042
2.171092359807257
2.1707233739025544
2.097754231829947
2.0032073004983038
1.9109775958423694
1.8174247115696742
1.7287047841196936
1.5302432561990533
1.2754665383518984
1.3743312691814629
1.4394651064782797
1.542741687566024
1.5375319235073364
1.4990730661435674
1.5776461986220147
1.620095288904368
1.6138310107523777
1.547047956404304
1.4507864651319364
1.4076600558175714
1.3109268015410567
1.283643303521358
1.4358493161420838
1.5687735138565477
1.6531707967692628
1.6864466100350075
1.6939133960292083
1.6500001955358061
1.7402319014887728
1.8546255574508015
1.9122060039246227
1.8227779993320499
1.7823739409384998
1.681237565400385
1.5783043014675884
1.632175709168634
1.6302553651409786
1.620230204202175
1.6599892407783137
1.5798361640785554
1.5912673637092605
1.5221780104366287
1.474551698815756
1.587970710729278
1.6342059862657181
1.6160161742299408
1.6222810423301885
1.693391220631092
1.7003719509405186
1.598968235590473
1.5904028461990476
1.4701048947756123
1.4946322126842417
1.496434584050373
1.5444970162416929
1.717991203767645
1.7815208156875932
1.8367540777518054
1.806979925410113
1.824507381553059
1.9107239279755948
1.9691445222091248
2.013290986481918
1.9923625140316272
2.018382777619412
1.9472408324966746
1.9248325571825162
1.9273732867547664
1.846759524807907
1.8030681351275593
1.6978557441091475
1.7289494305508226
1.8641870600218047
1.92845176462258
2.0074378373069743
2.1023706308839865
2.0916252187770863
2.1215717349559107
1.9517201547559029
1.7391361794653448
1.6738549036353705
1.629196447718481
1.4965041420216505
1.5021236392064221
1.506960184793957
1.4397409104444057
1.4409507516273163
1.4122061433760684
1.2816451842535455
1.2864028552306053
1.3148180327423489
1.3418237530683914
1.3640177073996964
1.3400533841114504
1.2488716051591897
1.2156980397745507
1.183710936818195
1.0802631321927274
1.025019187120077
1.0729735399558264
1.2145401567120708
1.25518237650109
1.234314353921101
1.1468614276718607
1.0129969111887096
0.9310118771323048
0.9574366061550202
0.9947695461278658
1.1908901607553113
1.268442705280545
1.3204173418733336
1.37554511286128
1.4328017364684762
1.420507480372907
1.4796209421483946
1.5783515843310605
1.5560289107540513
1.568281937964195
1.5065106482891404
1.4475271326920887
1.4951296613561635
1.552133387420984
1.638575202192609
1.718886479537326
1.8379398443929194
1.8906440176606236
1.7596337889597657
1.7378052915978344
1.6991846487334201
1.6912388821628486
1.7584547843468465
1.7441218290299032
1.728828521589869
1.7780890430023644
1.685096095475892
1.7485069202154224
1.8446901660805148
1.9279379381599562
1.9485428211892568
1.8656336274259278
1.778852510114807
1.734620390807375
1.647250331711466
1.5316057704667758
1.5177044904219068
1.4383388805866946
1.2872221940507103
1.2547228661049221
1.3131408386780052
1.4357506830340327
1.417076713072158
1.3721562118768786
1.3028678790531074
1.2938483939029763
1.292111662956575
1.3462467831319478
1.3833343378640617
1.4046537948866773
1.3765478153850126
1.3289387771068544
1.2179383843260931
0.9981165626795836
1.0735346823464245
1.16865312546275
1.214583010410907
1.3187982631319468
1.4034792674457774
1.3237039564684465
1.27777865702443
1.2026001408873777
1.0408603418562326
0.8747520098033725
0.8444850801618479
0.8506972402983862
0.8018025675428053
0.8947700110830654
1.0205511536141456
1.1378730307804175
0.9847374909157244
0.8958870761549169
0.8961330430899305
1.057502239290432
1.2322612086080504
1.4378223105353296
1.4799285446911716
1.563505147911195
1.6386342100426463
1.6479656398858264
1.6082445707391242
1.477038372979752
1.2861732033092164
1.1252626632067657
1.170446791661624
1.2202409838816963
1.3640106003696701
1.4310684269458505
1.5479660481866626
1.5555429604264603
1.5574457473491117
1.6493117764499459
1.7068407618189279
1.7244180622589966
1.7151457594176946
1.6709396030457708
1.7011520625850038
1.7393196282095211
1.633584191018563
1.517046097403127
1.3535573122158306
1.2134362791902003
1.1769958762113166
1.1334011979360907
1.2467795387535323
1.2158577959645605
1.1484425061856198
1.147636576762354
1.2050630233810122
1.2384293119312904
1.3142978290675935
1.218300083479097
1.3034517641372982
1.2384512388259534
1.192518533218019
1.0431416620002083
0.8939981096457774
0.74662766101675
0.7857424119208756
0.7485430023214346
0.688565948023528
0.6707158705642502
0.7745982911945708
0.8955989426955325
1.0284367072222278
1.215188005775123
1.2635307431560088
1.2491251008392235
1.1415911165155774
1.0142529283417843
0.8826450341923082
0.775490892339685
0.6905376473983859
0.6831493080707856
0.8005261954560118
0.8732361889135101
1.069161796882501
1.241030269258327
1.360870421500926
1.3589867175264823
1.4053978689910616
1.376665439104477
1.1572744395425008
0.9758651788205438
0.8766235415692007
0.7556266146467583
0.7492651936155138
0.8214322088333036
0.7705834189029579
0.7216424913546564
0.7057571808157274
0.574548682199424
0.6556078318670431
0.7116432798933897
0.7849220813289781
0.8757740949590357
1.0554651214846758
1.2855030690436673
1.484282554312732
1.5802194144206345
1.5184725502897276
1.3031657902616036
1.1691668224080924
1.0270590505875763
0.9953204951013319
1.0356551664941525
0.9684904191574708
0.9866224697621988
1.0033994031065587
1.1586409221023108
1.346995095940464
1.339204891056529
1.3783152767773805
1.3994314248313138
1.305820500368531
1.1839276230264766
0.9106240513689396
0.8365686883269348
0.797329421192959
0.665234470220456
0.6339895139965773
0.6337653016908839
0.6642595954974224
0.7454695291410962
0.8162622859158679
0.963379249788334
1.1234703198103555
1.2274804163164181
1.332077569662102
1.4436768027291567
1.4304386351417842
1.405677836106683
1.2979262089319883
1.2062520438517956
1.1927654009474637
1.102945276323571
1.061433711994949
1.072426109211748
1.075509811211714
1.1982351726701468
1.3076058688240337
1.4657788246365155
1.6272846253697235
1.747427197889627
1.8474416835389433
1.8242496464376359
1.6847370406277002
1.5649724364565134
1.4926250643568992
1.4177514237782203
1.302334169966654
1.2877636560322918
1.324420356508507
1.3395631215605908
1.3983642816899278
1.4867084082724353
1.4290349107459348
1.400941230688062
1.3707382330145725
1.3796381829266864
1.234793662369588
1.2457063286824974
1.2029147862719167
1.2660334813082859
1.2993093025791398
1.319431975973595
1.286489083242409
1.2081907452152953
1.1569935854971745
1.2129153090840759
1.2788624493876377
1.4243880695749565
1.617995019490342
1.7680096391986968
1.882714372792889
2.014620665171417
1.9261289406661448
1.8548497972101916
1.763095154998515
1.866774195242006
1.8970050613789078
1.8846923359834276
1.8389800158908676
1.7384298926497592
1.6481494362727571
1.5859130962936103
1.498959088130372
1.572412603774819
1.6430219718154557
1.701655016570063
1.6173727427849147
1.6168596484710611
1.5007049880307608
1.3490860321082203
1.2816714806097738
1.294996160704531
1.2902039926477489
1.3520309787547575
1.4394929288561318
1.4109853520743725
1.3439756827170675
1.229179526577513
1.1927359761729663
1.074130619479539
1.0773860379430167
1.0943176435476583
1.089966353015298
1.0596578417925557
1.0724541515691046
1.1273967328263685
1.1032240889090403
1.044028419798019
0.8470610393830416
0.7391117410300658
0.6271411173028228
0.6438511896659708
0.6540444099221705
0.7292204453080688
0.8397011274484129
0.8971342171647871
0.9198334181171433
1.032762740947748
1.0632660412425283
1.0327733020093117
1.045048864510769
1.051767868914702
1.0826308531279683
0.9600497604828522
0.8822490365200322
0.8850281255865521
0.8207847773189196
0.8315112220910186
0.8459236978860283
0.8252578394909955
0.7868562592298073
0.8884835074502431
0.860010104162398
0.8239604198800663
0.8050484260255948
0.7524653136208432
0.6726975999425692
0.6734074349200384
0.727127446232513
0.7310538330092038
0.8097600210905278
0.8736159426150755
0.8684613000510727
0.9708036756195224
0.948350690811491
0.9439014498573615
1.012378456677739
1.0497468691989875
1.1115271674748664
1.140777637537377
1.1639185435286494
1.1375233311183788
1.0161338057074216
0.9938527030400159
0.9486397609519692
0.8528398932391547
0.9209114712944
0.9999437947174519
1.1001279423365562
1.17493870072637
1.2301454505843483
1.213402338777589
1.293450082958875
1.3554928716470307
1.3107656523998488
1.1840399510474335
1.0699277998591628
1.051499527209376
0.9574252086099533
1.0374763134924387
1.044840420798799
1.0698202773591934
1.0718755756666112
1.227511938832814
1.3247234407700617
1.421081393404281
1.4585023409114917
1.6421986071125385
1.8073528172170286
1.9306802774085423
1.9701023458168332
2.011178281581148
1.9874952702234745
1.9308084948754005
1.9175811357212087
1.8375572122943027
1.713677791580672
1.6150039129221347
1.5451835442245696
1.613102489802359
1.6673367497672382
1.5780205872252555
1.5616757436467232
1.5805258258474262
1.5599780747806378
1.5893093530589077
1.6289671364038876
1.5581207665583034
1.4202518158994764
1.497093100581572
1.4098532374675523
1.3575052744523444
1.3473083023400483
1.4250729585253759
1.4033305525884807
1.389130137421476
1.379969639932553
1.3938863962917305
1.4627360717772808
1.408945420971661
1.4844878957140701
1.4818545482489835
1.4646094593588608
1.3733060327161042
1.286453613050689
1.1224479035362065
1.0292143639779319
1.006420527932682
0.9185362385958942
0.8810614135075852
0.8772584383580448
0.8756132294982679
0.9710708694933649
1.0663934024057902
1.0911524653916638
1.097061522302664
1.028233095091635
0.9576988300921294
0.9446545630666949
0.8402930771054283
0.7807806188178195
0.7735144414855255
0.7369913870179317
0.6581991452839456
0.5678376979134503
0.5198547911483211
0.4899344768048237
0.5909325517065089
0.6913273411906681
0.8588783385422335
0.8805957293642815
0.9661140571479953
0.9681478624769666
0.8906300275447625
0.9007170593574026
0.8156250115791386
0.8139255485214058
0.7049458672297716
0.5898254239899717
0.552070514386598
0.5447247382348692
0.415511818745006
0.31146695864169827
0.32398363499603433
0.40898220182999095
0.48705184211217367
0.5944654447946275
0.6878067838639542
0.834720616009601
0.7891118036092729
0.7167508357017794
0.6762417310507629
0.5368726987351955
0.4341964977088501
0.42042095424737824
0.4529711470709228
0.5726188567472343
0.7209616592411866
0.8938197560647438
1.116324980873318
1.2608774263593394
1.2826284274065758
1.3652834944061067
1.4085276392855481
1.4359984519881845
1.4111906514118127
1.4031387689120822
1.3291657472098257
1.183054893946241
1.1304475471553923
1.0441809441448655
1.0359868271386647
1.0213700118944289
0.9675240288367033
0.921164572742299
0.850758614496247
0.8078335946403399
0.6953422597803578
0.5694971088625159
0.5322091042031305
0.5063506381371128
0.4043195717656227
0.3343006863193026
0.3230869739749652
0.26217405114461606
0.2030170805579905
0.2281285895782752
0.3348245423892646
0.41704976914990444
0.3399434941399948
0.29517790430527385
0.3320593787935063
0.47019093009415924
0.6535997010260155
0.819822336309738
0.875768236834523
0.8437530398522977
0.833602719466643
0.7884748269666757
0.8194263344502734
0.8234857178529046
0.7007228215024388
0.6784357103420495
0.6209415740128429
0.5725461676739633
0.5903099308365749
0.5664027084485386
0.6251579222393372
0.4588478248340536
0.4522393111315715
0.43660667316503404
0.48940805097164836
0.5604145023065381
0.618663033229056
0.6028972809961166
0.6041630307188112
0.5757811628254738
0.5369933409002158
0.4598392252187935
0.4697606340477372
0.5445251505567971
0.5821438726179251
0.6462960576068809
0.6424952034676599
0.7491591899756815
0.880688396599937
0.9647021375962405
0.9622297878601025
0.8745633952124803
0.8579362488879283
0.7799691288674788
0.7991081472724559
0.7733974504410784
0.8493843008644025
1.0053913171558415
1.1313055860499261
1.2983799255286166
1.3782010292925815
1.5317003970066563
1.494716077978282
1.5242038987895106
1.657790923215723
1.8005851087838036
1.8892772053794786
1.8796168655056615
1.8168264377039742
1.8125050154890547
1.837072984317815
1.779406111398636
1.6386064335473693
1.5576474398197593
1.5742429266868994
1.5841849029905697
1.5237055860351691
1.428003813454077
1.4296829162061004
1.3187893658403096
1.3767853270188022
1.4290346718482954
1.3602600449280748
1.3952468091482286
1.4201617683255336
1.4611522785593316
1.481561674067181
1.3202185597864897
1.3279199405355167
1.3436410973927957
1.3975507495548327
1.3349679392663045
1.3431673463189284
1.3495827752287086
1.316517365518247
1.3490815078794731
1.302512582188627
1.2537682475379535
1.2092329632164622
1.1915752176592715
1.1482125254890858
1.0966646514035898
1.0224145884109843
0.8741576862403627
0.8613757339368404
0.8966314950031782
1.0313069975161573
1.1685026817096844
1.136246690499999
1.1293870206728394
1.1411711949958663
1.1153025733688389
1.0977707987243397
0.9966999750889133
0.8910304823507826
0.8196585879165633
0.7578099060036775
0.8685245829271945
0.9057122799117056
1.0015911740748624
1.0357794099014164
1.0430338351761954
1.1041179108600965
1.1493149603557236
1.1977648127312397
1.1657281059557902
1.185417305075308
1.1197494590150134
1.2373227489116783
1.2589287317548645
1.185449023199828
1.1012614401443548
1.0659083188132967
1.1587453165449684
1.2421103570065306
1.2720510753381469
1.2308015475353238
1.2320035892934715
1.2671279971679976
1.2067141435998767
1.285170332411603
1.3767338410961865
1.4026958055202607
1.378131237893811
1.3725344456667992
1.3026363243660801
1.1196758875895028
0.9771232930028897
0.9168879489150717
0.7220717008113041
0.6351746605843964
0.6595840056234646
0.652300061292873
0.735917542225165
0.936247110523972
0.967557557441354
1.0107602975795038
0.9872237686610593
0.9685354614900512
0.8357267374555576
0.6985844257573628
0.6295386532643015
0.6319546854490821
0.6397676625912425
0.7270268676929511
0.7645503710364183
0.7715115732678244
0.8185460460427748
0.7128896198640163
0.653731907905208
0.6617341280863615
0.7425176956857722
0.7629697202218462
0.738525728009635
0.782676715834095
0.7533364702613116
0.7028854066263177
0.7881340816726252
0.7783577417225385
0.8118144866053535
0.8274403912755087
0.8224355332225249
0.831730561568852
0.8291554917847455
0.8832050105392029
0.8166073419941502
0.8628039954932822
0.9642189793112679
0.9920742995175214
0.9592740073721956
0.880668914710907
0.8655991997293268
0.8848871234300577
0.8148890696625161
0.7700474955844372
0.7209981768313212
0.771056946918787
0.7309292772116995
0.7274630365186221
0.8258740617896864
1.003581816956996
1.158602917925434
1.2831644720768944
1.3116684887663512
1.2303666675518243
1.1055286678386032
0.9962858550824671
0.9177641067865007
0.8966762421469645
0.8201885520523052
0.8267369823358771
0.8299558930123987
0.8604422196782897
0.9470281832795251
1.105766858769905
1.1598288217320103
1.181280432467637
1.1782723814569942
1.1864580440311883
1.2255811430253685
1.3026712367698368
1.3630181905634864
1.333694722768389
1.4081099976123608
1.4000497016378208
1.418571647966308
1.3806017295679056
1.3696347827163422
1.3818839739991977
1.4293811505397946
1.459661936574943
1.4663832705920568
1.4840067809327686
1.4549006746268838
1.44101078656076
1.3951458406528332
1.2600349307962124
1.2252823522653558
1.192245809145007
1.0574065837760223
0.9631996462942864
0.9340003152569504
0.9612353813913748
0.953769245676249
0.9225759992401146
0.8828646021695588
0.9248871499291136
0.967549751537158
1.0613533947637044
1.111972505209261
1.1164155091914025
1.147234370897746
1.2257346647936451
1.25224780016792
1.2365587348989577
1.176237521671672
1.0469558125230507
1.001334810360585
1.0079866464247633
1.0929765017340944
1.069352125239839
1.0181616908073816
0.9848106080601656
1.0622588764123404
1.0775389279092737
1.0988316953044401
1.1404982071019547
1.1692946435119174
1.176260920134652
1.2146897254949025
1.2961943868177581
1.3676865754354346
1.361589152475267
1.3211490418964273
1.2858661005866503
1.299769429879721
1.3236550191769572
1.3664294219845936
1.4252963788346285
1.4683575699075289
1.4651108165744284
1.4031923152463193
1.4152792632242606
1.4271979448732275
1.4554062929489218
1.4836195805402337
1.3351284924704288
1.1380772677728637
1.0703114878922053
1.0531236913067397
1.0008374133950415
0.9060398330892672
0.7733334759717404
0.6974670986323456
0.6485945062187826
0.569015825647881
0.4801437898185973
0.5659995279150126
0.6357417675149738
0.5945716869273121
0.6931611028588894
0.6975300905009968
0.7800799096121956
0.8238316489412298
0.8470205351471368
0.8518720575246541
0.799909576961807
0.8056306952484854
0.8293510377366544
0.9022501284425929
1.0326609891658702
1.1460157756321727
1.2723352345903323
1.386611376184909
1.2573932158391157
1.147763424601652
0.9695634837449647
0.9638170146651939
0.9627287543100546
1.0313655737999206
1.0199654985469093
1.104610720589098
1.0980757932273792
1.176461102339259
1.2167629548706587
1.2315937984568461
1.3130778339046179
1.2446654028020736
1.2345787914838666
1.28324113175028
1.2842193400845443
1.2523283447811167
1.1994528837849954
1.176958305692399
1.1772237337213272
1.2011156740040263
1.1927997060003699
1.1624371121783363
1.1801827458957797
1.267377173408303
1.2678044059858022
1.253261942179542
1.258074443488087
1.202091568672987
1.2240009956056632
1.3717079814462074
1.4545617247170926
1.5290006301129557
1.6117588285735838
1.5323300959683226
1.4234959918269083
1.3457539720470015
1.2013227111962992
1.1868782202605883
1.0522318422827197
1.0396171672915666
1.0703107660621467
1.0301155604576566
0.946433616745513
1.0830379686645053
1.2096522017423041
1.24771661832026
1.3372295621024914
1.3783048654045411
1.388621426176216
1.3152672425519236
1.2818421918867529
1.2220908752502497
1.161388594267937
1.1332580099188792
1.036209296086846
1.030722763732258
1.016618435820881
1.170930986562144
1.2871251168308737
1.3560136589895324
1.3745981182041465
1.465775661509864
1.550455934939572
1.6387336218893729
1.6271938658153844
1.5480633015608185
1.5348924628312794
1.4808644092957421
1.4380584216729302
1.337162558854582
1.3540287315679214
1.2093126750862724
1.2442698960712355
1.1965785002330742
1.1876988480409147
1.2955947169330004
1.3855945457805883
1.4390616112248729
1.391253549325495
1.320158969367827
1.2272964372293351
1.2067989267566845
1.1206436256443917
1.1076615260745533
1.1479475625045543
1.120603753953283
1.1161526984821386
1.1749363647800157
1.0321394672022777
1.000398650072937
1.005737511835275
0.8674633158621021
0.8975533610323185
0.9601525902298467
0.9011038671790185
0.9009852209132799
0.8955887102618786
0.7583679782113367
0.6370758335248924
0.5194154560950944
0.4637063805784633
0.2955459197476844
0.31512743538058957
0.18122452917911935
0.2316402812948971
0.3502293648475954
0.48818685571092957
0.5629384194451876
0.6542575836959835
0.7136311624507498
0.7038764181363452
0.795344458628691
0.9239795128768673
0.9577096085109854
0.942372448366332
0.8559873588874161
0.5831904797275564
0.49465261740363653
0.5071050606855819
0.45030486980066076
0.4341759347218403
0.4215840178107221
0.4150913479296575
0.4011638724877058
0.36870679357600783
0.37539704355325965
0.3244952689244552
0.2978310103986177
0.19414166403726058
0.19023919757110427
0.1425815887392789
0.1430731461755973
0.09573034208148695
-0.01958935004427012
-0.03608233887529648
0.008706623109220964
0.04769454283266672
0.12646165434251064
0.4174716275809454
0.5056226733190896
0.5432943724385774
0.5646849398079216
0.6443790449680767
0.699021191139183
0.7072482177644688
0.6379577987447133
0.7227525217296072
0.7723934492211236
0.875279603626456
0.88626018934082
0.8686134026910299
0.8588844179657845
0.9703901112468993
1.0606656205715959
1.1129005850851537
1.1022456713544182
1.033499942829102
0.9117752971438375
0.8449140294068517
0.8525070263001328
0.8041953343324846
0.7471516399854352
0.7526323075912486
0.7852956064987237
0.8857439797960908
1.072473216645709
1.0905127476772494
1.0604932922351094
1.0628219232625673
1.0243467815165308
1.0216454243898456
1.0187309624756142
1.0449030614880106
1.1893625492146906
1.2444462706568142
1.3359751147889432
1.17544521353628
1.072758352165738
0.9008990709430378
0.7603993609292945
0.6876491177970678
0.7310054750218193
0.7981931479272513
0.8696970967184512
0.9399001822866182
1.0565551463413754
1.092869691011996
1.1427510799577407
1.0916595029181015
1.1864889199610906
1.2356840192031078
1.222081046180285
1.2062241885132727
1.1134394762024364
1.004356544975972
0.9286760393727618
0.9019137777157499
0.8652559269454979
0.9667482080018023
1.0437674105760038
1.1248295121543248
1.1431302216326733
1.217977525884151
1.16695871589374
1.1040367886143485
1.0473295158391656
0.9485387960295653
0.8383857494493526
0.8068101974447529
0.8699839142502
0.8896418805015065
0.8619729057894312
0.8842822909358905
0.9109342370062897
0.9234833536903184
0.976436466866189
1.0050557384500138
1.026558278424438
1.113563237449485
1.1428870776391715
1.175049090012533
1.1449939331417942
1.2095144536075402
1.2628766047036564
1.2949418401661368
1.3327902351974754
1.3413132413590985
1.3358715629469315
1.3018191037440168
1.2413378960137194
1.1833703803100915
1.1743450506552024
1.1667267109125223
1.2847584752455992
1.328507446734375
1.3649324477004696
1.3305484813331352
1.2974279847837245
1.3710575151353321
1.3310966364807866
1.3123591414043256
1.1645769887878614
1.0356804558652382
0.9565335694320694
0.8885780821332883
0.8281524681794856
0.8741064038996805
0.8965762988994597
0.9391178861683085
0.9108804153811693
0.9565468511472099
0.9682658999317992
1.1393780244755813
1.2485919419213842
1.3768913077415408
1.4155426345492501
1.4510194340429015
1.4821562077981445
1.4790740781340737
1.4784824360962678
1.4963158857395524
1.5181325350733021
1.4899516217894841
1.4990148031508903
1.4343056054417627
1.4374201511994322
1.492527140956444
1.5138939978167116
1.454740119282162
1.3606320705594104
1.3280069990490397
1.2769995651632433
1.3416341898729178
1.3153181710747395
1.3301259853046377
1.300046772449708
1.2488175510379116
1.1585675160790005
1.0878577027207488
1.0931060448082774
1.0895785315355857
1.0892053702820617
1.185116539534401
1.2305287149584574
1.2509404681902032
1.3495006563083676
1.381849102687167
1.3322606001636865
1.2460975539294699
1.1168883467756487
1.0303924788064203
1.0056337918453733
0.9642961168070353
0.8935101454038641
0.8748781178586152
0.9682671392469988
1.0055754041473428
1.0820904384528953
1.155660931290148
1.2122574529726236
1.2018973249687395
1.124797592008262
1.0232634978176784
0.8712755997182046
0.8458570789570063
0.8322584207892748
0.8634130275110705
0.7781318022930632
0.7241553883227412
0.7738431137555887
0.798676323103578
0.7747703705442746
0.6511906152184855
0.6562033570600971
0.5499632813643597
0.4587144999519853
0.5236685446534515
0.49639167170141174
0.5870083969947758
0.48883080698661313
0.4196295112297665
0.4278009677747186
0.4690775895778361
0.5111684258013031
0.4831497845341183
0.49600832466634015
0.53366682805005
0.456434794948745
0.4880079245077908
0.4917788360875408
0.5696709033797147
0.5892499326084575
0.7314458551216066
0.7561177827160863
0.8105399944681639
0.8130681816580156
0.7993709737693471
0.8622740773657043
0.8937591204025515
0.8782431517968147
0.8797579494466369
0.8590920724655183
0.9599249992378889
1.1002161467235867
1.1576641285923808
1.1421969696220777
1.3186907804340984
1.306383493661326
1.355328607478624
1.426602643644435
1.4665859246851243
1.4167446396942895
1.3438428578961168
1.2741857457877044
1.2515711421843345
1.1390612416578498
1.1045267044798113
1.0156015674091463
1.0512417876077986
1.1181944588372326
1.1538409368712699
1.2299425306740412
1.354166856131336
1.3374039447791455
1.1918244173371972
1.1090694423454897
1.010042180454563
0.949930868114016
0.8560672286121209
0.7765963425467745
0.8686567043900594
0.918369556206413
0.9476577406679318
0.9532004204505233
1.0131500617523357
1.0941231525307535
1.1767712583534022
1.1396272374906764
1.120639541622703
1.1192107547899335
1.0310323957797214
0.923953338103223
0.9479559569158686
0.9898788577907158
1.0469545223742356
1.1161429835521957
1.3771294245354284
1.5400046958339846
1.5632263004119569
1.7237648160787835
1.813259712264045
1.7475378691108177
1.6906473406070552
1.6956930256333356
1.7494667617287143
1.7068904006373073
1.5679518376986403
1.3498626273949217
1.3520112886067783
1.3358222215236883
1.2982614562578925
1.2410842356981062
1.2729447564061729
1.3844344580906813
1.5491539456719097
1.575266598779791
1.587411387031256
1.547833474114501
1.4333879611569131
1.3700099409029798
1.1990685465957254
1.0788269723215622
0.9284733610895091
0.73858159527246
0.5604457978617272
0.3952276290094392
0.33218979079897404
0.3525183786354139
0.3511834088451855
0.4409688164140072
0.5456778344547444
0.5980752507834481
0.6978870885552201
0.7789754157943947
0.8722353658112638
0.8350372908858388
0.7932680769624207
0.7247839415084875
0.679305269306841
0.585806249652419
0.597365778182848
0.6191718593903022
0.732507825047783
0.7781043089344607
0.7551969626459143
0.7982715638022111
0.8437710956785766
1.0263769067863586
1.222092169655818
1.2832588561341811
1.3118208397615192
1.4156391592095139
1.4156903076422742
1.4037190156179669
1.4050473960840444
1.3310725537923924
1.2823803595373675
1.2069981800995722
1.1842927074911207
1.1142755999467184
1.1783867806820894
1.238971351681955
1.3476829801565429
1.3830582055246115
1.4383599014484765
1.3656997093484204
1.2707249835039642
1.222352805549402
1.193573050388372
1.1284610338095171
1.022654939471066
0.9743476442847772
0.9170788043689412
0.935980939293244
1.0270004063176634
1.0724356486323174
1.0271759505477447
0.9501855656164029
0.899327774662487
0.8108254150600536
0.7328749475765918
0.5740813028705105
0.5063205198381077
0.5330393499639002
0.43703676744154923
0.35671665018282767
0.3949654567948505
0.6320759595202132
0.6594313031090104
0.652650957467158
0.6197670451992182
0.5553458123369716
0.5882806818331905
0.5391763507908801
0.47963769446931104
0.533077426835701
0.51853792612637
0.470374827035663
0.37272369684677026
0.3518662410862774
0.3348921802261575
0.4144789160554261
0.4660616477337214
0.6351941535996581
0.7141242096190835
0.8434996510572478
0.892142792299799
0.9626031618428672
0.9970983919239234
1.106913873454219
1.2293198659611082
1.2191501706823262
1.2312428492530163
1.1022506252404383
1.1023435519784233
1.0991164117665475
1.0751200321908334
1.0957530021227566
1.1426018224938326
1.1854493619897872
1.200737972773732
1.1255530769280724
1.0339353962366753
0.9532609414888418
1.0009720190197449
0.9705996547408293
0.9176930792236111
0.8343911196472997
0.7292002332619789
0.7522077804779912
0.7256380442883881
0.619631015476908
0.597088362592295
0.5215494372806463
0.5729853014518107
0.5267270839074703
0.47215348870899193
0.47580960007960305
0.6024924168119492
0.7519773582531434
0.8171492225210893
0.8638727057081148
0.8977543233825147
0.9990252227012846
1.0557770778488855
1.0986665445369987
1.159621799750289
1.2584299808344468
1.22459367451719
1.0764171503312978
1.0289778363474098
1.1208813274927143
1.2712546925995367
1.1961689831580724
1.026783836124528
0.9439697852777662
0.9365183996502475
1.068125376534398
1.251982200189145
1.3223975293244357
1.3696474735874815
1.3976062506046454
1.3471384677307874
1.2813566015894144
1.2137172346739569
1.0489228608581593
0.9955381951370529
0.9952611863781972
1.0602755432444808
1.0241708946271713
1.068455437018421
1.0651365967033464
1.1600846254863089
1.157858716207997
1.256084367531242
1.198949199489222
1.2311857455924515
1.2139379343393668
1.3308710063059435
1.2273730093736586
1.283596477733011
1.2142140917427904
1.3234445125730314
1.3755707904585115
1.4274057111760188
1.443744574503603
1.561013028223139
1.5778782198033483
1.5893338828435537
1.557349919195495
1.690203719420377
1.792448772458474
1.8616673564797253
1.8490032856707868
1.805440954222582
1.5989173602323032
1.547135657276164
1.456163096119263
1.4695310529810661
1.4393615147041732
1.4289244035470745
1.3337474657228987
1.2563549585633367
1.1701541578611248
1.221704193696493
1.2810580114519403
1.1990501210908864
1.0959848814259427
0.9395573808588668
0.7773549470359526
0.6630482955001292
0.5534820512524739
0.4424505230089075
0.5278771440733503
0.5986552216117385
0.653588134821347
0.7253470118820132
0.7212728292184888
0.8171213439835384
0.8829220338747535
0.8711568229397025
0.8532833718021613
0.8837243934254306
0.8328441996195921
0.8080116758241378
0.7320139042438235
0.6986305696930535
0.6271874467474597
0.4704331176111383
0.4234685968542953
0.3966534021621894
0.4506735448463678
0.5171198053056405
0.5508093085370852
0.535716838200661
0.5178757352675807
0.47469945316061213
0.4498593806465798
0.4802460766403294
0.5908352512215544
0.7764401765474709
0.71709011612836
0.6286603837651227
0.5472890535157869
0.4639913248033986
0.5592904635933386
0.7464089563101816
0.8922091818663607
0.8905478102642089
0.8821320091536172
0.8219819770501806
0.8101259269009262
0.8142721377054515
0.8897078643162216
0.9234114177032473
0.9307828534941412
0.9194662699986211
0.9745900381937875
0.9814212272837883
0.8900072384084887
0.849626893485487
0.8343956371912361
0.8890958938813089
1.012410316031355
1.0787471828679036
1.0948113796894328
1.100549970176292
1.1603532424762153
1.1750625784262776
1.1687293978638034
1.0839988081207965
1.0510864872427128
0.9619840935108457
0.8641876068360296
0.8705225824695987
0.8415538146911199
0.7695614027668516
0.7477203909353106
0.7665746858472866
0.7663585603861871
0.7716704892606435
0.9052342428179776
0.9170324544507202
0.8596986557127273
0.7559757593947962
0.7402845135212539
0.7123331015507328
0.7491780349440547
0.8161013016803369
0.7979209850494097
0.9023944730281654
1.0216602149816634
1.0006141461415288
1.084118553946769
1.1027984053045752
1.113296649482045
1.1118554909313694
1.0966513096006567
1.05300405358227
0.9703490061692043
1.02959015288555
1.069056087707365
1.1437854645469898
1.0871653979543567
1.1036133414234763
1.1600062418236927
1.1677150992378724
1.1648109044264934
1.1862243024731765
1.2528574302941422
1.1775404374847354
1.0291564062032466
0.9728137708442435
0.9970016535653179
1.029711934651118
0.9442423463483176
0.9395437623557784
0.9234032676626206
0.8803833645382189
0.7605745341769722
0.7424305807148728
0.6354861276271415
0.5797780485684405
0.5330226307291878
0.5973367652764966
0.6817230318571128
0.7830133527356113
0.8907503614197545
0.9961189770813057
0.9712415237148532
1.0052634342266094
1.0695453882538
1.0906986081998635
1.0758244863569408
1.0622087499397417
1.0722248970647692
1.0857147560121745
1.1402483598393482
1.1819787767132164
1.27213471637478
1.322788037000524
1.2596612192053915
1.2969136803990204
1.4131403559633027
1.5806599296733195
1.7161654844721743
1.732654597497401
1.6370910057356973
1.486242629209139
1.5103085985983136
1.48089204980242
1.3580484704094935
1.1652122306851982
1.0238799556566867
1.0948262481692839
1.2153017441789242
1.267777906420604
1.2886564726862366
1.287451954901596
1.3228657826959138
1.3607145701626302
1.2797644887223762
1.223089302848557
1.2012333123065466
1.1427535625471876
1.0366752428094796
0.8828569840900851
0.9248435414453677
0.9722974739422634
0.9481534918273132
0.8765233109781648
0.8583261998154115
0.8471128864545249
0.8666536224196829
0.8786807242714794
0.8778487258699265
0.8723248876342095
0.9840621069097795
1.1159278539341586
1.2038315631759684
1.2569102366711606
1.2159820890021305
1.1724116407043617
1.1431851735794063
1.0896787860441948
1.1460738755834925
1.1108030673952363
1.0619506049933494
0.9828944273003328
1.0207710318729777
1.1766529216249062
1.3796397909791285
1.5437402488905194
1.6407700889492614
1.4490799103509955
1.3265558295019195
1.2239635252243863
1.1418938486877062
1.1377862609920328
1.1381508185783054
1.041814476219716
0.9691051774360542
0.9720929668438099
0.9793033527697665
1.0476796626531084
1.1156075244894632
1.04514303318654
1.021297554659371
1.075854931481603
1.1511101325981214
1.1328132711519567
1.1228531006050062
1.0492931135881625
0.9695188292062091
0.910679115978261
0.9326325579397827
0.8755142080529907
0.913361265054845
0.9539726123796644
1.0095467643241454
1.1349673060840746
1.2276008080280745
1.2664709045464968
1.2474585915761307
1.2491147056092653
1.1785157376866293
1.1894724171151358
1.18465832998058
1.2961735041152727
1.4209853695441717
1.4869015846387412
1.5190059474239288
1.497788352819379
1.475913197401965
1.4800591223379211
1.4462753409341482
1.3380272845452146
1.2081518287172215
1.1597221774281516
1.1019276625018728
1.0150183164272786
0.9892265112349824
0.8952823490978737
0.9377109414119089
0.8192830880295255
0.8772180554610581
0.879396411076169
0.9768477658598382
1.147322509883464
1.3224245427271786
1.4488407528508562
1.6183560578575762
1.57431089752072
1.5418478898234196
1.5810288315263787
1.6081976550311645
1.6244910118092002
1.6134650597393982
1.5486872853328884
1.4366804627900813
1.4984780033260245
1.446844891273841
1.4182835689624325
1.328581811396671
1.3458921740411236
1.2712276922611212
1.347086195222841
1.3603351899853005
1.4551647451912246
1.4601272101872769
1.4280226580852786
1.4392043138608932
1.414967456306075
1.2562742367334438
1.1750040146507152
1.0697420018703199
1.0020250226663676
0.9697620095516781
0.9312302185624235
1.0323201244797469
1.001110990484377
0.9215803708692194
0.7842381837289091
0.5989201355596765
0.5781302512047706
0.5238770730389946
0.5716674894381303
0.5961161016368597
0.5680010189125513
0.5208514402970854
0.4941413068483386
0.4940897093177446
0.5260948318438712
0.4609206698719585
0.4034873390821599
0.2543310764909377
0.14666709005556972
0.15411919684951544
0.1527674795386141
0.159512207809571
0.21725647109679702
0.1921869455196396
0.3382142631914374
0.29988807224643865
0.35813294056984346
0.534737973563771
0.4633476422362036
0.4193255684143527
0.30813375099115864
0.1281344272502629
0.04906412409077524
0.02754262171134195
0.06069425537488402
0.16790246773634604
0.31499607088374426
0.5665878502792733
0.7187094969492033
0.763127826857191
0.8301950159630497
0.8817158396844038
0.9684401625831527
1.0812635744966446
1.0419600700390614
0.9586658271694363
1.0218903308953216
0.9740539316197461
0.8686558868976629
0.9681974376982474
0.987451684707936
0.9731030082158123
0.9454528676345074
0.979150398167828
0.9559478566834332
0.9317525884622007
1.0011860943625603
0.9701459766864127
0.859448866913383
0.8656190682271071
0.8088700941646197
0.6754544963369097
0.673096774400324
0.6679989099005987
0.6357177701847166
0.5680350573130789
0.5280081233024837
0.4624967611724351
0.45737043651084086
0.4509612010166813
0.5321237562842299
0.613322327634845
0.658359090179149
0.8110697821725742
0.89064104930005
0.9988884958948867
0.9779798535608338
0.9837382495461339
0.9973454413924423
1.0278543848251973
0.98070621338917
0.9038543453327378
0.9420838889018566
0.9534115990446896
1.1043681990391796
1.2044699303459419
1.3129778838589663
1.4182862210867344
1.5219892344148969
1.5332839659551496
1.4405076621867936
1.4010781311966412
1.3549961993241157
1.2494274915152304
1.0532297548958156
1.0182415383307901
0.9613527996768475
0.788094283845669
0.647941397901635
0.5856044711232486
0.4834498204531765
0.5424333050378515
0.6126988694373408
0.6522344449265508
0.6617587823279898
0.7557780655594276
0.7595489845202138
0.8080155695899728
0.7745674973001663
0.6840282029828246
0.5580715178372454
0.5286189747196264
0.5744813713921255
0.6138888092874586
0.6465970325968472
0.7661403617954639
0.9262019739232488
1.0431099139494753
1.0976893317219523
1.2025320987833346
1.261121425721094
1.3218096205060872
1.3159646985692866
1.269975053306895
