-0.044175294682911787
0.08396375896353007
0.1608747239353682
0.2255755063986725
0.30375868565992753
0.2794417879068403
0.2131543390388272
0.14824476147765656
0.06234971006580963
-0.10716049853376043
-0.14512426504994785
-0.13676524974430873
-0.06139774269745102
0.09372669147544048
0.14826186610663578
0.4157264698805164
0.6720683616693697
0.6741904974840258
0.60666170157724
0.572964397740304
0.6232928900702498
0.8213944037477787
0.7625986007245238
0.7862687477348469
0.7590515831217514
0.7061465253730492
0.7034795134498026
0.6257026943939803
0.7021828809705575
0.5976302988656296
0.6128559147128367
0.6399705405969368
0.7420464110767326
0.8990686977414781
0.950895012769229
0.9425494768735169
1.0093910247375795
1.1537398414092195
1.1660983863379843
1.144077949516294
1.016576511761719
1.030975850032811
0.9867786304315191
1.0611187512778009
1.3547310211286856
1.4323293259186203
1.647902497064287
1.8913211097502585
2.0220793666323966
1.9752109249735983
1.9400633502954072
2.0685690914768857
2.1670298631305642
2.189403532665437
2.174238782485288
2.2887939565787656
2.318186414052702
2.3367629204371023
2.4652901072998885
2.527478821299706
2.543254619726016
2.4395535173447738
2.7105656877746647
2.7719147934248975
2.9861330084542157
3.0648650018764845
3.0242611555779058
3.004204856282679
2.981285570428063
2.917731468997826
2.8092179903198367
2.620299863494888
2.3185734035924153
2.202834179005909
2.2287794832346477
2.2673293101838747
2.303197060905257
2.3464462257643417
2.304394134438225
2.266870341197388
2.084626158266614
2.0833458438641217
2.1518276922822053
2.5063970882317594
2.7455890218388
2.9841405364121214
2.9903866150312206
3.028932823162236
3.0205305184431936
3.1050244955264206
3.1983337689490225
3.2924478932513823
3.2847436845245954
3.2443959411208128
3.1999052554658256
3.1460500458936633
3.2463306715517377
3.3141645397500965
3.4177026935518175
3.499614864070355
3.4858420541021506
3.3766430408386703
3.2547487149558316
3.1417244629190897
3.1573300134201316
3.254223188207158
3.481308983416467
3.6406126846513387
3.6988409212405364
3.6952751914931325
3.7276565869272367
3.6742943787548414
3.68551740767776
3.732150551459397
3.7018103803000497
3.812598346161749
3.6495108535363348
3.650219486662699
3.5508968833315153
3.517481081905745
3.446028531602445
3.335568800301165
3.4245487400342323
3.435961370751896
3.591367220383292
3.8448008521143646
3.825162854713796
3.737458557570384
3.6380863490825313
3.5997104706618392
3.7045712091303074
3.830649854397617
3.8657218676559157
3.9186750131422827
4.006262254653071
4.117142425931341
4.117773891331139
4.105846116297887
4.040285966395337
3.878967535649326
3.665663218030333
3.598541006434613
3.5656667877274155
3.5038359164276214
3.4618384796125996
3.41842539034547
3.340041053214733
3.3179014552430446
3.243195239390916
3.19137954501315
3.186153896979263
3.2508385591253273
3.233255394767898
3.2881779995014697
3.199043920350739
3.2976483526670153
3.345152343554996
3.394397723990552
3.384693261353367
3.3713286602509815
3.2252260646176394
3.3021321492216713
3.354736668613646
3.5160062369417915
3.5438744752698685
3.5459066323306763
3.552688871488757
3.497703099376788
3.2478926675237094
2.971924009343983
2.8336848615738277
2.816717259581708
2.8833552868172325
3.027523690408141
3.123573501671673
3.1321496124963595
3.166198321936783
3.216832580668432
3.4594613326671695
3.5320754521928497
3.6825017200116905
3.7873268505467506
3.6948923962236626
3.6887321537239557
3.7840589167479806
3.891636145113638
3.866795068116331
3.7735254560819187
3.7905902800452886
3.715591334923464
3.8206408788824455
3.885954038254779
3.8206950230960706
3.8481292480441853
3.9882361181152044
4.114818033637782
3.9601695626517976
3.8873975430081713
3.9242273104041243
3.965439713621837
4.063726416363068
4.1147447768997605
4.136802911706817
4.211530390791114
4.2054299398084005
4.07021480346709
3.790254199916393
3.8210893393327634
3.82051046250618
3.8338062043506063
3.863597651513972
3.775589871291548
3.786231849590222
3.944882613838949
4.09600846735192
4.098797310605005
4.125420971362932
4.033455585438467
3.9450596751324816
3.808153873142487
3.741366583380536
3.7090340526620933
3.655582252272584
3.570232090492512
3.523557845994757
3.6102435228272043
3.738880448779995
3.660183826788921
3.6044056253592736
3.6297923997863766
3.633387900070079
3.470712580041895
3.2886575637064537
3.360635364430496
3.511729063901853
3.704995492530673
3.828560177654116
3.8829188351412447
3.9632423513811226
4.013846086028226
3.8865181840439935
3.956612020984784
4.114204652288014
4.183480461073727
4.144382702620975
4.131590275511081
4.112315804327878
4.214650893369518
4.268493778186842
4.397261558057411
4.449920325395067
4.509330665781829
4.37624627187007
4.374402292395305
4.290086431490602
4.215229959317774
4.235493893126692
4.24408807126282
4.338833791150427
4.437469044798909
4.432566160718737
4.331461664607798
4.299927576293183
4.285338038898796
4.277358884215191
4.230333437258746
4.323424121308588
4.211984015362493
4.112721523578265
4.111611669636227
4.136136277783637
4.160342982972291
4.125800826725818
4.206138130562744
4.278836799279128
4.256091608962305
4.242966096257151
4.315526474850417
4.334768788832137
4.241822876790596
4.188736533642555
4.141333246049815
4.1356250206641265
4.27033178729135
4.349462421097396
4.459229745252551
4.63233539182306
4.788641118455313
4.825590699625772
4.782985746558885
4.7133467203088255
4.747407701425954
4.756125138303034
4.748794996326947
4.700979620330376
4.723916692360733
4.712477171746901
4.648808350918048
4.587928446356974
4.524557023554405
4.599838590536701
4.568238326912595
4.654016980824084
4.7560911111522595
4.788584234972521
4.848102040255933
4.931262196139502
5.115710775884164
5.187340476045124
5.147801648786219
5.11156211799614
5.17600466768316
5.153810167603856
4.971860410487988
4.916146691414298
4.877242427787638
4.722630377579065
4.458268893744108
4.304624244119331
4.200244698337872
4.216823106955125
4.19547485193567
4.184404431465348
4.223565036426834
4.382338550622412
4.489760424942983
4.594741092986223
4.642951911737503
4.793691418162235
4.807068603771889
4.848839517335403
4.887886724602367
4.9273227351215185
4.93167907466271
4.8085048647610655
4.797171829983406
4.781079991709527
4.822473619647033
4.977873336141042
4.958838023990705
4.926596377352465
4.889441740464181
5.061448993122544
5.057157420699322
5.016421516626093
4.89651910607859
4.9441605118205585
5.126572684978933
5.178311076616594
5.16369806813693
5.096443029219655
5.114195929096514
5.152605128297584
5.127749502008004
5.089999927554249
5.21137512851388
5.271757838078702
5.338311954680471
5.3632226570283885
5.3010473548621135
5.27773565123043
5.352077001194902
5.438753339417863
5.510243362598885
5.552496311217872
5.506206154089272
5.330920563788236
5.3048979241046705
5.38035031879685
5.441803061338402
5.550555084915472
5.596449073277183
5.497091684533082
5.401023376624984
5.326527700304958
5.341529738941091
5.302724712683602
5.375958276808225
5.506104745534
5.6114329022736005
5.641575133200317
5.652950349473529
5.757994709380284
5.764365996179522
5.822890561281248
5.851765267384776
5.864716714658607
5.884616707978787
5.878862959602957
5.6981304766457495
5.692594742611962
5.695107542643075
5.728045879845881
5.741040808498593
5.701502465821402
5.553384577153529
5.578634845895774
5.614506559293781
5.531362506313261
5.573174453570083
5.631253501311615
5.4658581881032156
5.44163405376808
5.365903266740718
5.280492671014307
5.237153547307945
5.2469230896012355
5.314884255358291
5.420558399313774
5.469261935183333
5.479682813725932
5.4882156866218255
5.572961223992293
5.611483192140403
5.632756273183297
5.605522415362226
5.67260786971127
5.766286113902977
5.813657457965256
5.7484806059520155
5.852347471793456
5.777012786409552
5.727209646901356
5.708115700760585
5.703954329628387
5.66193417451876
5.736814419081951
5.67317654114966
5.591643424970569
5.652176526361011
5.5818195871847776
5.486373424544599
5.495136958839449
5.458745994089534
5.334384710289237
5.413338637467176
5.427262271902943
5.400355414309611
5.328487396079721
5.258568353095479
5.242439451881012
5.2850274999436415
5.237818889021542
5.202082246618372
5.19517668706515
5.243446196929222
5.322558689156445
5.287262006075339
5.22460120731102
5.269601380291688
5.240779471953645
5.124441066927938
5.1291981909309365
5.110759634266954
5.09268689437646
5.1054008375657745
5.068850582480626
5.074887361306637
5.128727308023916
5.294598655325046
5.307703356595248
5.337085405259493
5.395526206612874
5.407418160861025
5.430454879706217
5.353475835926263
5.1905952865558005
5.236127034590607
5.282677062609463
5.174531328885756
5.1119927605769835
5.076160459890994
5.118942351106409
5.196499953686559
5.180387790935465
5.157990785127472
5.119130457329528
5.188060725036264
5.20972672446892
5.2248717684112425
5.246571848883965
5.320914725156485
5.319246059935972
5.352291881366348
5.388718678324673
5.480198555378063
5.3873369184168505
5.308646122561008
5.233283321585479
5.352440386159153
4.7866493404054715
4.818859951027622
4.756488110345049
4.684092080531737
4.662731225532062
4.512452130796879
4.428649773300221
4.449986082720907
4.380557897806247
4.4867752274948645
4.525674209008295
4.3498202554381376
4.244729606020038
4.154044689588219
4.119314282490518
4.219605655102446
4.141169592000364
4.090518341694244
4.09411354445914
4.016158838877721
3.8380783072840416
3.7623933134800964
3.8885507529805663
3.847455440669588
4.0346342809908915
4.187829818632568
4.15040545708722
4.13899745496932
4.131018375306956
4.111800047716375
4.042807312896071
4.0163854270586
4.067009560233061
4.09092379258189
4.016874235501849
3.8837478951562576
3.889343930996349
3.844279936383227
4.141562907017105
4.17792231784317
4.195175029677632
4.186956534695473
4.232769893875247
4.150073919703941
4.064926927472852
4.002041927752632
3.907739268026298
4.027426326047389
4.03797500633597
3.957444923821879
3.831044434149079
3.9211744584328234
3.921804164487723
3.9580763500814813
3.913478835911696
4.008800638848197
4.057219074768749
4.086827084864713
4.11876839046023
4.109580368851292
4.102555725609377
4.043447887667686
3.9423713857710805
4.113208938866061
4.211749803868529
4.17217899656986
4.211472433885249
4.209067309467018
4.213544240000151
4.1303624074240615
4.121970655474671
4.117431105356662
4.075547962895675
4.076854114467215
4.118454739983275
4.225184297411017
4.14942669744938
4.066229049218688
4.16280685878604
4.201787654796122
4.258875523834746
4.316195858146156
4.280592349053835
4.209796781982004
4.226558365860037
4.298244250789873
4.308911895252059
4.347288435934762
4.321351717021852
4.33875443880273
4.329479036162009
4.486774546466318
4.562349691822489
4.563801668589382
4.414988986317751
4.516358564388048
4.475210251125902
4.5659615659096895
4.5786067390658705
4.51317880182923
4.428384817769336
4.355178128758166
4.419774263693316
4.40852365819326
4.339645342008038
4.232238246420414
4.220614341816905
4.29305586587996
4.323053202205577
4.431543988402062
4.474211442750291
4.44485177477936
4.546629664900928
4.560782913766495
4.678588574228932
4.743751493871622
4.605946615900411
4.658721156676899
4.759169087600786
4.663746662514887
4.62248996098156
4.704272498599815
4.68277701359241
4.783877266528963
4.826960602786933
4.868595838501935
4.8390686592378245
4.819536834919107
4.75436496273351
4.60838806354422
4.534775721441678
4.498110130688676
4.472637711096988
4.362102629612617
4.2359579844592465
4.209811198250909
4.289165126094392
4.344841983528766
4.324976812969602
4.335545943595291
4.421965905092399
4.459052687606151
4.615785680851899
4.484756744297699
4.287155553308769
4.200039054242123
4.183054638571602
4.341430019682357
4.36779391131215
4.440151795545133
4.5200837008574375
4.5667177023382655
4.501161919694364
4.587110512189395
4.619850722557816
4.7696451298610505
4.815738253913923
4.737887106914444
4.594176335209945
4.617430276812127
4.607985168398491
4.689160839787154
4.630751374052035
4.622711607064991
4.7580774613426255
4.757808461681791
4.781290813101622
4.843568206191995
4.963471553605515
4.954259732507779
4.956400224706053
4.860113119294969
4.700325033195408
4.69749713042164
4.773455027453464
4.77459884905001
4.723175145301232
4.740926571391537
4.700796448224619
4.593587212048297
4.646041393654443
4.5441136485385245
4.614139955695057
4.638611450508787
4.725451371046587
4.719877618228164
4.7729608788944775
4.832113015182609
4.762948867231013
4.6873400058496335
4.660212567743292
4.596081147150897
4.625573657906273
4.692842992714873
4.718391859393373
4.7382515591356364
4.778983884454489
4.738668788417134
4.7515333045213515
4.8454145503138655
4.953806698025385
5.06356823992021
5.0540181756726925
5.069777789107989
5.150698735224117
5.1021503277305165
5.0148873265181715
5.049198725130834
4.960687230987937
4.931056570308167
4.905233287462745
5.016856973593711
5.00266837015347
5.007730567151309
4.946661952906831
4.95649514490728
5.029494638809812
5.115335397919093
5.042649127958653
5.020763253108806
4.930682509235527
4.903696374407969
4.973041882689493
4.967383688586595
4.850539900774964
4.87708376730708
4.91980792184601
4.912663601791854
4.803242071631201
4.793582250694766
4.713909524728777
4.821515269018932
4.897792806222639
4.866473379520205
4.805226925164554
4.7773754149728305
4.776680514213484
4.851217904783316
4.890985762181907
4.986628082445904
4.998233539727757
5.091498072563895
5.200987463747248
5.180672673967989
5.056219267150748
4.995054208970125
4.96882055103627
4.988953655898465
5.089416739814006
5.144819716423966
5.178533780805292
5.207614587258697
5.135377066442328
5.0935761820744645
5.087714057859173
5.110067127720465
5.069544351178324
5.120318563002522
5.063771162040877
5.044752014264691
5.028104747564788
5.151299284117486
5.20019870282295
5.151815568128771
5.134581302014675
5.177490733602322
5.252278895364741
5.3074719759836535
5.3218461028522235
5.337406324317053
5.316949294432483
5.234350880406465
5.177318867144554
5.236186003913551
5.214821513220318
5.281183655350045
5.340762967963162
5.266885998625443
5.323153365131439
5.347150483850146
5.2629459732464055
5.183634892159537
5.1382212969398395
5.184960788838778
5.261206047365058
5.361490267371448
5.422074588727176
5.48978294538352
5.418475956376622
5.365476434271878
5.282705134596352
5.347568294370331
5.396095631024566
5.41488931439295
5.4137987549664555
5.435409248971101
5.407265233949913
5.407739264977265
5.426290181360661
5.399060976144614
5.331124536937518
5.314635258876827
5.175157116117528
5.059813355961613
5.104740181303471
5.022370411262256
5.006930774691982
5.03688285990826
5.035567027126835
5.207762561595734
5.252320019005879
5.186542176892154
5.130878319005989
5.055735075394081
5.147043874181095
5.079861568898141
5.068757317986731
5.050358840712306
5.019734688085493
5.049130045453744
5.077779400578067
5.145190481491974
5.055426892000693
5.077336877112868
5.048387860648623
5.129908623578896
5.171267809873758
5.211604708211571
5.196740231011156
5.216420984905008
5.206712364221176
5.059004599256791
5.209327640369699
5.241926330050694
5.124559134036312
5.07396765761706
5.046646052250705
5.082166741468234
5.081311905803365
5.200988323287151
5.229979226966902
5.080675614361845
5.080874897164202
5.123005024930734
5.116069922714572
5.09404748807963
5.084739654154056
5.086239455722364
5.095759898093346
5.123980008714287
5.049055556687047
5.0195142135043165
5.053356998160206
5.079690109289527
5.038971422533956
4.947813277478229
4.86037664300889
4.820977931680426
4.812315381249423
4.88550785590042
4.914961262013472
4.925890304736274
5.034746033118441
5.072488529037018
5.129784056150171
5.025461685521639
4.978147997545071
5.0177445541683365
4.944052330489319
4.875959467825079
4.782520916766753
4.925687824649304
4.998857167364317
4.9932255509250965
4.954245729114723
4.934796390939534
4.94314167132235
4.928913680626921
4.966145415646178
4.966684071488117
5.010205989256707
4.948281046428072
4.886791525298082
4.809541809234428
4.760626153503498
4.947731831950456
5.003986688293105
5.104996083912654
5.186078216666964
5.359026496448381
5.38707530055098
5.302411453565669
5.231768223673693
5.161488001860161
5.09541375433808
5.146031373839436
5.194925907311931
5.156415618710867
5.113928804171864
4.9154010996347335
4.885543879400593
4.894709783904955
4.974152677327296
5.010288929373194
4.998584920802845
5.081321760317104
5.166682772478476
5.119337706582729
5.133340253597742
5.225269510195437
5.172839145178765
5.116308226236706
5.182885869723836
5.316242261431021
5.306675303849621
5.338608116539586
5.467613114273823
5.425682691209341
5.436645661241612
5.4588491622395585
5.456432719117198
5.47283140908542
5.4628947048939605
5.421329121777484
5.497109138033345
5.5355811206059125
5.659039164590326
5.646078059951002
5.5590091718401
5.550760040504206
5.568879192316611
5.643676510233761
5.560633508908494
5.523290520037961
5.554416388205189
5.6206598519237
5.648316174555357
5.631524658117078
5.61879383046786
5.630427819971584
5.606699760213214
5.604397860563056
5.6789692995846375
5.712995212440335
5.695049542290617
5.765520883745774
5.766656309692308
5.830358688187637
5.870006423958932
5.8461581296239435
5.894104209145637
5.844631357665212
5.804080473098991
5.761250683064832
5.701217015503841
5.75818027497138
5.798430812785284
5.806030203114619
5.793416033412334
5.871360859157066
5.915865791342931
5.880103484225781
5.8416537330247635
5.829532502944824
5.852583686811068
5.863275323739486
5.946005416603558
5.844912783253838
5.835182426550376
5.78096275525561
5.766573304631723
5.7750637767788335
5.740526641855487
5.665913002640306
5.758905932089907
5.776483031589436
5.7273502079178
5.654723939571029
5.596755646699117
5.555019298119547
5.633572795527991
5.695589975606667
5.692967903824836
5.702580815721511
5.723447460654572
5.725667728986093
5.651862103341938
5.632865542394532
5.691718521454729
5.672464507922411
5.666838892120253
5.780392451305086
5.835947161426256
5.747201709685157
5.832372739667926
5.822788718008625
5.827262635393192
5.850446804266856
5.843947870365894
5.839213786406228
5.861846320719865
5.830349891406751
5.868930009012111
5.836418154771142
5.780281592898723
5.7982630807632605
5.713808746836247
5.711684565761566
5.730841501992238
5.830305657534602
5.8032047398187725
5.772402070218143
5.868504392691109
5.8329535196062885
5.8056144587633165
5.735024200282092
5.8064011538790785
5.8327990577058575
5.841127308889567
5.791432329657712
5.742426970483146
5.740050197779103
5.746607545543699
5.699267656842523
5.75563877740491
5.75688065644982
5.719724314226703
5.767398215821942
5.768414914536993
5.819866038068342
5.789362135536808
5.808184369775848
5.781271482057157
5.7666299922242805
5.821603296201662
5.824601568606059
5.77549309349612
5.804397618112378
5.859765682141887
5.837881663998686
5.825850501598914
5.8476719747238155
5.782296857745518
5.916546871457756
5.884121257599925
5.860545560692271
5.913640902280666
5.916746184773108
5.957282853705906
5.936165543565042
5.955480176371465
5.959617475806498
5.983368432675224
5.931604068359759
5.907498141003012
5.893619112634521
5.986526107565774
5.955921324036908
5.9400164114115865
5.97847558276987
5.9778159106619615
5.92799873903465
5.958823051604432
5.96639422656008
5.982976767410366
5.896565424303906
5.908441485863598
5.969813968319902
5.894819537434165
5.915694266852515
5.922333918516549
5.846557704096041
5.9578019267615785
5.940817645950948
5.9839598380318035
5.915526204453751
5.906833120754011
5.893040438854603
5.8913510718783835
5.789999136387069
5.844819081898895
5.894206298151032
5.900649245807004
5.837639541798746
5.807207719258514
5.876403179079139
5.906525616923825
5.886146454414123
5.970566255812788
5.934775605662517
5.8329744317430094
5.980399641006562
5.898324060309635
5.808722892135627
5.806261972273152
5.849617273281601
5.844634436917787
5.87989855539105
5.871276469273966
5.884196610055892
5.887134205540885
5.940783258756632
5.954111849000221
5.867189225268744
5.8762691846918615
5.912931904008714
5.908939723341991
5.855400717494192
5.885885596625546
5.914470683074319
5.926260490300442
5.900650015438905
5.969418649934696
5.962516293883116
5.9858691965832165
5.927881659429386
5.913295078897362
5.894798198495218
5.913581362088063
5.871671239976089
5.880585849260869
5.874800392823542
5.803724230944958
5.811266515448328
5.817764044410005
5.852801259005028
5.825412890393381
5.774340706359742
5.780887600166572
5.789576102188193
5.8120380673612635
5.793722869063895
5.736540261091847
5.787066066724309
5.813012890736517
5.696524370859738
5.823633680834705
5.760569496173712
5.814412259675652
5.865923596063826
5.808146420697876
5.789920589616995
5.843559636900047
5.763737714346896
5.74560966922596
5.7369178450765075
5.688754434351442
5.724699912683092
5.757091018629275
5.762828387351193
5.818502225615797
5.924063514209852
5.8797898215549536
5.869928051359937
5.845935780780166
5.797071597303018
5.782958199606517
5.796145673385915
5.788371248428209
5.848930424338218
5.84118098286154
5.713836014880578
5.765422717779062
5.8475513325784005
5.837631537332538
5.786940580954622
5.698506346985102
5.7969064597796125
5.8061051788262255
5.731752815786814
5.721706305623898
5.774922518575013
5.809721495710137
5.84385452635907
5.85268426513906
5.820236045416716
5.782638124229131
5.717784705499034
5.784492628228262
5.811796251462352
5.824614604791861
5.762914160251463
5.756107359051209
5.819001742656415
5.853540337654806
5.6959825710883
5.754618400483165
5.849931190036761
5.853789195191204
5.910937559745481
5.904662644898476
5.930841323156638
6.006549113930963
5.911163750424362
5.922647306574143
5.916983183074333
5.930988906307173
5.874502217067393
5.776507321479813
5.830509887172235
5.745596441492603
5.714540384961449
5.770186698139498
5.760341549776416
5.761563325030334
5.839543313512562
5.900486979498047
5.842252865580049
5.77070952871547
5.7517600617644
5.684689403611584
5.686108645755721
5.712614442848234
5.684687428368836
5.743302327047079
5.713426950031458
5.742760777289873
5.832780334019401
5.826604828986233
5.8546593905326265
5.859068131406352
5.767248075536331
5.740605467783381
5.831081558062622
5.87496960324499
5.839640566963296
5.885297130141384
5.878023951971611
5.85824910243435
5.895446888064651
5.82000360693527
5.830406025644051
5.816457263905643
5.770134788419124
5.784252131689416
5.844877043526119
5.909250158704976
5.863117109555722
5.84096241168333
5.897021981824026
5.8206014981769565
5.838840531731382
5.84002755253093
5.862961898444355
5.840379765506113
5.865861198312789
5.743357931112152
5.78882751279498
5.767822942674147
5.79270684887244
5.7989353049957275
5.837624186907272
5.795358252651995
5.824985693826298
5.803390549310739
5.820793112825559
5.84779792226677
5.8141279503509375
5.784738079585752
5.830377701747053
5.878011030670823
5.754638997784537
5.8166443347382115
5.687985969526093
5.759842968297947
5.746402904264096
5.703118484832707
5.793326721045288
5.767988839940062
5.722797622521807
5.771100108387375
5.793874678479211
5.75130809446428
5.760218768127872
5.750298697271778
5.775963737927018
5.820667527536103
5.83567997432134
5.781964563983056
5.7505036797506
5.788102954109458
5.735232764337491
5.724695872248401
5.714001607408968
5.76736575542241
5.674860910789942
5.802526662018287
5.779486158286703
5.821476981033975
5.792557372323255
5.830908602385635
5.8780207935991555
5.854621925492762
5.844083697527952
5.849188813588206
5.901333670235504
5.928155215072329
6.007462043711652
5.973536397256566
5.983533038067009
6.0291913507303345
6.0548290654403925
5.966661864207114
5.993047371605064
5.961592455360201
5.869523334792093
5.944533167815133
5.82666788520083
5.8991060260921016
5.981696105807707
5.9650877274772025
5.893683232795029
5.884115226323856
5.9420403384802025
5.898344507646894
5.852186881783511
5.965883818080606
5.942516199762861
5.906488732970895
5.945153762037035
5.900875205888855
5.909673638802513
5.852865612258016
5.907146148886609
5.894963921382282
5.809135374019871
5.883237518611518
5.893818804958086
5.893558360302896
5.882091653106252
5.797083577787563
5.813826203500037
5.897103617990224
5.916010602850086
5.839999882496415
5.915416694414262
5.9212925553757145
5.947417937309755
5.898427741808191
5.94587261436137
5.922210909556344
5.909944585163637
5.9246169591175235
5.9264924780995445
5.97534631745948
5.967439170423329
5.941024523164674
5.926844407356384
5.998533031121232
5.927459117289698
5.8885512517244685
5.9006954763677495
5.841079357312744
5.879828239076792
5.82433750904245
5.795422329247438
5.768105223627083
5.888080686342514
5.844778536373237
5.797610659824644
5.818530697288593
5.7737838250521145
5.818280519983325
5.764745146376681
5.8049976076976115
5.806075216388187
5.827237816563516
5.8242244109442876
5.83256499807475
5.89267929468899
5.851025117919338
5.842113708032493
5.857772576850802
5.8007316650309715
5.819037906835224
5.794229359218713
5.788889088977125
5.76895379849976
5.76190195040306
5.754075659526752
5.709753361274859
5.670067609350834
5.761080973127609
5.857610277888949
5.875139091369948
5.827974356557052
5.847383701219792
5.878549385265999
5.903344353970926
5.917892233164464
5.926525252897918
5.8807865923944185
5.938357192285394
5.901907003763946
5.899915893686893
5.898252480538333
5.946786452395441
5.921603249402283
5.9299308148720975
5.892319402357081
5.954099162548639
5.924383865266128
5.978869155450006
5.968186186850732
5.972210393433345
5.916657999938273
5.944483523029572
5.9498535998048645
5.926111817223869
5.9185383599785375
5.954957695246844
5.869344541277851
5.926413548249966
5.9138924101171275
5.938024447125599
5.8253189545031345
5.771939088556626
5.848037788555125
5.719773831617122
5.839548957114452
5.883251858691299
5.917349158591978
5.905355869566946
5.896195955214004
5.8773517173809635
5.908541261438749
5.86515584795326
5.9132329920231586
5.922350050645819
5.928336884513946
5.849949171199487
5.877576527129889
5.829366822452949
5.831672544450229
5.7442133469561245
5.800686616273287
5.780671626268313
5.682690222513363
5.709890239978395
5.710573489128238
5.665396054140038
5.726919150397714
5.769795162794908
5.814016298807926
5.748119258313158
5.70482419655767
5.7207066280470755
5.821360520556443
5.834675943864281
5.854808541781565
5.8937246723123655
5.925214303501721
5.948782951190071
5.906829631948326
5.96081723113165
5.8366113393553505
5.935258220612501
5.860687406977313
5.847677480232356
5.8472098988538095
5.852882814765753
5.8975571696317
5.936483345341454
5.827489924426803
5.896645690057224
5.892663082704635
5.877085229003635
5.917386309321173
5.8788497039112375
5.8678834265899456
5.87219712918515
5.904896291920461
5.90584438640218
5.986109275976357
5.926621451625023
5.971546586208808
5.875185439134607
5.775288827030256
5.7721955537399845
5.794460883927432
5.862232436654875
5.831266075466679
5.810983218332749
5.746691584709834
5.797723378665917
5.802442111398426
5.818654452728697
5.795155348910284
5.815172272708971
5.79097569302641
5.799515676357399
5.853348314474895
5.829365536950005
5.807470591937656
5.872276014023883
5.841417882528594
5.844627326129168
5.86514046162738
5.765410926160964
5.745527229617992
5.687942437253423
5.743510905191549
5.778806811477396
5.8380999318890305
5.873620691929542
5.836727642249757
5.880841208717211
5.868337438022667
5.851430155619532
5.917331395018483
5.874453682075076
5.845909376198692
5.839282352125174
5.8821102322737815
5.782070293146988
5.795826831773086
5.842988097917853
5.903645551684792
5.796658436978121
5.87854729301185
5.872188517687246
5.877770787464377
5.900936158236365
5.872509310646024
5.8757670214384055
5.792902009462934
5.826613167923424
5.82803071120431
5.8496652653038925
5.84475863333732
5.868654136345775
5.912737246894076
5.910407962370946
5.891254580382748
5.911915443609521
5.903724706520452
5.906737997207597
5.992510512575987
5.988611077633419
5.9088495723371395
5.913346369839312
5.931235408760537
5.985388795910479
5.9173092401927985
5.910604342762238
5.948212109257959
5.9515363730582616
5.950288788587475
5.9315138676502706
5.912159038604
5.910219377359775
5.851225599827051
5.90178055071967
5.955040327947788
5.870371556669182
5.833330299366737
5.785999633631775
5.799776640869722
5.833743971053826
5.837244707364311
5.8232636330654985
5.82887514310449
5.920103752035775
5.888389677261272
5.806295731440056
5.776612433194754
5.772462533917378
5.812337158660411
5.781705833498165
5.769344807301249
5.863020009968316
5.869417801430604
5.754617420005452
5.7555614039781196
5.794149904812205
5.854342258937834
5.792776202544806
5.7776385560253765
5.861171576955326
5.862499317296487
5.789381447537854
5.696866693950531
5.723623688449543
5.811374810120035
5.892536012284868
5.849763670918184
5.87223031238508
5.929369371973722
5.902844652080282
5.902147514912372
5.814954576787461
5.847260252233355
5.861584241276387
5.824367598729009
5.837822474826923
5.845333054279802
5.9565909055790325
5.899659314098098
5.918745461413673
5.984284787277302
5.947085406628701
5.964226152845759
5.861043456043071
5.885009072722828
5.875445784074396
5.886338564575733
5.931446538243547
5.994756450210075
5.962971596005832
5.9583996692088705
5.995507313326085
5.93791660969693
5.864247248843275
5.8079784353691055
5.845567547703253
5.715831622483156
5.693532997105291
5.790254799912568
5.850500443093226
5.878058265352088
5.808930331369474
5.787361390467056
5.782175428243758
5.775797307344183
5.736756759322809
5.748532963413381
5.718328362775406
5.664787446833345
5.722307429512841
5.73878335968357
5.738111188533858
5.628440940863779
5.654558389158279
5.71580286641073
5.673874033827473
5.741006205834891
5.728998790551734
5.666725853082958
5.6406220472518545
5.699146064684019
5.611890198354393
5.641941968248625
5.670281409537924
5.643283466845163
5.619388483333205
5.600356882158251
5.627147178059947
5.61776445901538
5.668090924108539
5.692403609621129
5.6224906998531985
5.575815400876429
5.596536024350091
5.645419291605792
5.686165815835409
5.658516823565748
5.70665354686098
5.714922906624718
5.630329606966885
5.66706672558911
5.616912802195585
5.530400373871799
5.45026236983007
5.50126742022208
5.554158503014865
5.530649081970242
5.5455277025647725
5.552337516685688
5.427748738647292
5.319138203382408
5.253432922453168
5.167438457905713
5.125786941303103
5.0331417588237795
5.043129520412958
5.005511122741301
4.904565069730658
4.788209522845778
4.841942553697075
4.91505502766949
4.909793831213985
4.934096431095156
4.859982476791301
4.725216874599518
4.686776388391093
4.819449741373301
4.734507173807599
4.933547350662224
4.843238432215774
4.7552569660809345
4.766395907936861
4.704874883782859
4.772747205968857
4.8895830733664125
4.768255116309366
4.5030722260962985
4.495422149503041
4.537989510864862
4.467413553891812
4.385527061128896
4.44611103646686
4.477641436213895
4.383945268992307
4.46005963918511
4.512775607263008
4.537920952397857
4.618384788630623
4.64186709496531
4.597593217789259
4.5682721236110915
4.597380821654829
4.693154808666498
4.619762883991874
4.562099078584499
4.492086948946865
4.573211365367863
4.593601994054677
4.5605945604535405
4.42728095609935
4.367900756616765
4.424064936312048
4.347722442277322
4.242995385082665
4.246798441895761
4.208501750977092
4.1192214630123205
4.178247511398383
4.137366654017979
4.253063944462102
4.292695524834342
4.343635023013386
4.258319558486055
4.373725713950485
4.3023163399998925
4.3252549115306085
4.256179686656868
4.222396208499766
4.157150054625211
4.123496969592207
4.123534864444057
4.117062139470579
4.080939100021718
4.131004688816975
4.115537173800554
4.056225909922716
4.037004342269866
4.082192160202522
4.15776221381796
4.182908505740641
4.2561126380841365
4.286959216706363
4.351521842561308
4.294494018773744
4.262414841112184
4.21216819055494
4.101628975238208
4.012598869376251
4.0170796442679215
4.093586559834787
4.111052895756232
4.277915204623058
4.353442488842685
4.323588822404756
4.314352538054509
4.209368329526382
4.273317552328925
4.3702860989306105
4.301638256750891
4.106290065193667
3.98162386869338
4.084274656373424
4.171066274779179
4.204645213522591
4.1161123633412116
4.094466772583038
4.124533124555835
4.067944367515427
4.086945476618541
4.158025477169298
4.120995078171405
4.080866707064432
4.068121843865353
4.075406761420205
4.026349653713749
4.015891164226412
4.089808727565677
4.1362456961230825
4.231060845154215
4.382088786983769
4.515423724144881
4.5648261871421925
4.598317375691157
4.662726617567915
4.668626544411104
4.6927058993702895
4.696520675789097
4.657033521087084
4.696202220087513
4.589349028169498
4.645079948455078
4.697427179484899
4.755673089085482
4.770197724206205
4.759223476009372
4.666614865500179
4.73331421913759
4.725039764891751
4.599984979038716
4.579946473305713
4.475422961024652
4.536969839218198
4.496264755640373
4.52474554607073
4.439680517043833
4.275956395979648
4.231559796583911
4.2176411898723245
4.184335378522797
4.257266218600016
4.2725738242662645
4.251078802842048
4.321453397184695
4.235060359767054
4.156641138885501
4.2163438561693125
4.248264819502663
4.240041862385949
4.284127135944007
4.206836342324466
4.276765799986253
4.389341143501403
4.343942115892862
4.381019947264598
4.327323965919798
4.220132858743841
4.274812204808582
4.178010181777105
4.205681998306467
4.099895455259253
4.068653500975217
4.050432354842762
4.024706376504386
4.176883339857778
4.187238848275348
4.185903187935303
4.248051372479414
4.152044568225974
4.177172278843662
4.209489931869768
4.167694324561658
4.226076999976801
4.2173553007614535
4.2378241747560255
4.234499330395917
