0.2893868831068116
0.5776093866395705
0.528584157461554
0.46370980166692166
0.18276030811268817
-0.11417855048490559
-0.23291429768587357
-0.35581135348950943
-0.17676909756983977
-0.016712801032432924
0.21237572638845972
0.40838976522116477
0.29303016010882077
0.215062982005097
0.19657024958803151
0.13144961824382545
0.34731861436818146
0.46249261136592884
0.512083535424734
0.9368150009230615
1.450140680814889
1.6165330094054111
1.841230453497871
2.333682106847767
2.3981071486885286
2.3409850120561204
2.4323219507048277
2.4860290397693454
2.8914987283797906
2.8872266697329523
2.9188913642031555
3.2460077718487836
3.4547392538963413
3.4235234112574573
3.0944108077698913
3.095007055473135
3.2944850301658644
3.335700730663001
2.973225497531814
2.803108231281823
2.9035260744494695
2.877288474064901
2.6421359151621346
2.321623188899391
2.084357576203853
1.8295460253777627
1.439652450653297
0.9973820987344442
0.7899916609983229
0.8420306825178525
1.2591114335906537
1.6078274636163934
1.672288315030152
1.6768514726112955
1.916991268597134
2.076208965822064
2.2336136499575523
2.4948729058209933
2.876294972341256
3.1553678360711515
3.2096089344698067
3.583064057017249
3.7184890600478346
3.6183025647881655
3.5685678381507433
3.879646243195735
4.282897259018669
4.574194566151903
4.509314491993016
4.496338625487722
4.171606406628399
3.7703896594627895
3.7417188242277755
3.741418111744664
3.888959415420282
3.8582527750316804
3.787218465288271
3.511405783215636
3.5676808935995883
3.7398691196443155
4.26798570088724
4.492076948508082
4.618375302854727
4.639754398259007
4.87506812317936
4.688629882856705
4.865604012604353
4.971868844321573
4.702314661419745
4.446100196766159
4.547269723612614
4.702413143654735
4.774129717891659
5.061209843745263
5.502617689605836
5.634690131017659
5.69760800738346
5.521460117366815
5.332677729479454
5.482797861814395
5.4831281396002325
5.584036517108607
5.757316226163173
5.863616156280714
5.948181803310518
5.558398289522972
5.693381885067664
5.695136953385835
5.578972968491555
5.880109499921024
5.898155530616903
5.999486446025904
5.990524998064132
5.935782520351884
5.94470782912249
6.043058366082332
5.911741954929268
5.774414716120614
5.667010050421547
5.985388367461576
6.0387466574634345
6.079419436151884
6.020966742803048
6.041757799017042
5.956061917281487
5.929378167383813
5.893946354593702
6.025879527666509
5.8339116829968525
5.955226833923607
5.971526504625917
5.851964734051744
5.845442780193537
6.176290276644667
6.326163418431576
6.0759731969837825
6.019280741060741
6.193669182944388
5.960231797819717
5.942315876466587
5.74093741838014
5.79515832849838
5.728200735426391
5.789921827902103
5.853162559038208
5.926947531073588
5.911618396448514
6.126671530778947
6.216041745585857
6.125287960029052
6.034801260788418
5.764461039894813
5.830065221850496
5.868589918992542
5.749308896976409
5.782146500245359
5.963598214911773
5.974561979183196
5.940087328760674
5.8882156614800945
5.686425123135873
5.501522032928418
5.142858688469391
5.302219972317591
5.179909063072858
4.97890905397241
4.915878463440853
4.87742272065337
4.74808333142547
4.77400671432104
4.887685598986988
5.065553211471003
5.001118262012727
4.654204904622498
4.331671276504146
4.299840733503059
4.462441474864168
4.545857414224301
4.578908350999233
4.694589296606802
4.684384202344103
4.703698965966664
4.810622249320328
5.194666231631621
5.414759728678491
5.675295811809977
5.62771857659175
5.5520084128898874
5.604351478363311
5.663353690615087
5.8942274433220385
5.6873468535891005
5.667843471761464
5.741879260412446
5.778714950667887
5.618376230316516
5.541949599965966
5.650298442342717
5.573112867309282
5.66966761722572
5.696022167398278
5.703076255681797
5.383541932776069
5.517176807526187
5.705812046314245
5.794137538162147
5.838574722058726
5.872437629696428
5.864399902035268
5.71719461012953
5.755411485228908
5.767368335049303
5.755900729732557
5.887312523880674
5.875074086953462
5.808553503798896
5.803674394822972
5.727432647833422
5.677892499897101
5.693980737444909
5.618889385882106
5.432869180737686
4.996257919741196
5.217983113429641
4.878404651300825
4.895087548657958
4.700385459060626
4.901837038556829
4.997217932781371
4.934928869964862
4.888472771062806
4.880961487715553
4.754686928916783
4.797405660369913
4.843600384168918
4.879431357598082
5.098080348927603
5.186571551134491
4.918478097163847
5.160112395364235
5.17254948970183
5.291114861110284
5.344361401515105
5.567777767125579
5.504546297396613
5.367457348122744
5.222455597565261
5.27387718208038
5.2652326439008075
5.1113698409674955
4.707679559256892
4.759330758478117
4.906000483064704
5.000074869149404
5.454507107308099
5.6040885461864764
5.637745286591414
5.385449278545309
5.2223609338555095
5.287085628249085
5.5962562606710105
5.71223271017669
5.626141976416448
5.458760153545171
5.063142588627025
5.230814553435539
5.185697615981865
5.05183252189672
5.1946130621161615
5.293070272731921
5.599719421232642
5.716667092512743
5.582820549313502
5.380915527339599
5.261061578805514
5.1924915463542565
5.212074866446336
5.272779174252548
5.147417123409866
5.409653863176393
5.65670593259037
5.815459904273921
5.7866746088384176
5.714701845969813
5.756005577237298
5.8962862289499185
6.055087617682201
5.83932864833331
5.997878140626105
6.036160203868796
5.907140231148516
6.026355974897128
6.126582062459642
6.067731511604495
6.124588724136043
5.936718858686675
5.918967040219037
5.8049959571893
5.746925273145632
6.01859238193736
5.935674672943568
5.953380329607781
5.921687474767857
6.425443414425279
6.329050173132958
6.098745087417326
6.163757156484783
6.1653308726420315
5.944864419036848
5.829112566287641
5.938978688627742
5.763968804972808
5.906187623857279
6.0223066600079855
6.11030443834012
6.239421499242569
5.847473238090974
5.9126769690246155
5.729075443456361
5.737394708001124
5.802483018313299
5.934403047897953
5.662709454599755
5.406685125263157
5.370500047175556
5.410112310570161
5.425795560495823
5.279084245267265
5.070297222235806
5.075015182082608
5.478497321709592
5.45890211216585
5.523872719199278
5.746817074071495
5.944961250737422
5.984377053143844
6.038848894637962
6.157059171572637
6.114432192437693
6.103955501499185
6.11222341659195
6.115139033106111
6.02378376776014
5.878235083695901
6.138300541096737
6.2920282033613715
6.1394632788133325
6.118733101097994
6.114173009290283
6.2104150074254605
6.120288880108633
6.068350689633673
5.9541819037139865
5.848539410677565
5.913366294188006
5.823437272912299
5.813829525385461
5.853089870616839
5.835946172446055
5.834715474376178
5.816538467672709
5.716258990717555
5.751632129037159
6.114636926357116
6.284455833885297
6.284986520819732
6.101985745565398
6.150059335772698
6.094607008118401
5.8926561787545175
5.9555836840372764
6.0565795571763115
5.936687024081965
5.937856780775474
5.901456478009754
6.067939035620498
6.170728267497786
6.099141701316467
6.204855231819644
6.148563634177699
6.058950516077493
6.053968387482751
6.054822241071042
6.163328170631817
6.196165411794043
6.114294652206354
6.18487625534126
6.193235284688999
5.912101143809239
5.957372798569879
5.964960448752666
6.145718793504436
5.962389189682614
5.821445011908134
5.88956385833229
5.953844679621572
6.044867261205118
6.255349133903923
6.25783248887827
6.4750644764756045
6.464281855860074
6.4522359035037695
6.387174076994437
6.517394094504357
6.60589486743016
6.369806861301251
6.263275693204914
6.305090398204616
6.426554917836807
6.3598779847776745
6.573163354883203
6.45495738699728
6.3673334022571275
6.278053770133102
6.392401078751115
6.321682129339011
6.162744965610987
6.3776044336875115
6.460351901830528
6.490427843544194
6.349645635777224
6.192016364307793
6.127052308760074
6.142408494800715
6.31806213016254
6.300299948287882
6.396458496682187
6.537449178481875
6.407316945682487
6.369857685878042
6.29554199606529
6.328702393841083
6.073650761832255
6.047920986796059
5.999867450169761
5.871446776200794
5.999817233406559
5.972896762985145
5.856459155072542
6.1997168055293335
6.271419835751541
6.053456569310947
5.796593400032532
5.72945012579172
5.889743637480019
5.7631512401934595
5.892664768685865
5.988944435500084
5.727495867777866
5.405082898581072
5.63563468612133
5.91678008280327
6.196604907316661
6.248300745276484
6.129624219050004
6.1033248733942465
6.219180363993584
6.139863412276671
6.113576599451914
6.272322993019051
6.254810509578288
6.260582877407005
6.443810762757572
6.266770348544465
6.369864436338146
6.044551922114456
6.038626677874574
5.890107459741327
5.750145039118559
5.771515106405928
5.884322906604144
5.966229526487508
6.0121137769678334
6.099026367415893
6.079492751030951
5.907067305670345
5.889872277378149
5.749198997714459
5.669369612176405
5.592426903400792
5.62185847386539
5.654986717139394
5.414864831157587
5.129241291141882
5.5618653816570625
5.815552070794542
5.789427784387153
5.678951643343362
5.602525091982958
5.762182995500281
5.219858118079168
5.484206737540758
5.561445843960805
5.41819078268391
5.436040509071553
5.176060183755409
5.155457492760461
5.025984175972983
4.847572183030766
4.518999260709401
4.581759963439501
4.4281240313146455
4.470968813755568
4.467649868957636
4.637320972312424
4.696045545291057
4.819305843954295
4.786506064580462
4.70605695702751
4.827767449720516
4.911595367001327
5.005055532438984
4.760236576979301
4.532711122837877
4.386173077767605
4.330853210224417
4.711911163044932
5.326033567706206
5.465370580059917
5.393612071000384
5.31691162148096
5.255820175154413
5.124127686504612
5.351958470217987
5.399710271531871
4.8792865761346516
4.7549045858511
4.901992151128039
4.898316642940329
4.8582733834612535
4.997515079028451
4.841994185649996
4.935657199718519
5.013126989060878
5.038187276390449
4.993034812291119
5.0443508271359425
5.1172950080767405
5.044932404552636
4.8506356781462125
4.90702718119923
4.956971744206761
4.995782713313572
4.772402445848834
4.654947446084343
4.629369038122536
4.815734212058116
4.845265096368238
4.77626632854793
4.859818338768609
5.008517651486142
5.075546112153218
4.877672795579584
4.898705103681194
5.058669420194866
5.022931367527969
5.2761267957314715
5.345491518366474
5.4878646223644845
5.584597757317856
5.593149601840646
5.745123937946069
5.725180065039968
5.827273661795529
5.6494042057986285
5.788918085231384
5.758168887888891
5.857998109311439
5.953680251067681
5.864953705107791
6.009675789166599
6.000195666364254
5.912741610222797
5.974035479850038
5.811752785617761
5.794838001156553
5.9524298425400755
5.937243837354531
5.965193067099656
6.087944496356812
5.9872510425104135
5.995921602967899
6.052974718319185
5.939708643107252
5.98245151861619
5.914546290009257
5.86699152433856
5.819126853632676
5.975779846076852
6.013412856789867
6.061926714640422
5.864150794316425
6.039666688700612
5.940690702782124
5.737848893806103
5.715969794067869
5.57359004224548
5.623970787868063
5.556505123094633
5.516238714179456
5.552390595925276
5.527550188990281
5.414496708860144
5.382368109057084
5.501567204985531
5.288058328772338
5.225390126974113
5.2757124306398655
5.280817562789002
5.377634730912887
5.444812139615454
5.38651975762986
5.460474893323644
5.406468350320126
5.394681288450783
5.435363001901254
5.349615282883837
5.1688017337492775
5.358019624858393
5.461737400700267
5.3371495825051785
5.366050256680867
5.487013517204187
5.380741226797971
5.427819073994524
5.53611055350981
5.548525127757422
5.25544401041702
5.512987070187969
5.6266298854663095
5.666957905982158
5.821642172069362
5.81419459077182
5.8612818552347505
5.7916580278216045
5.614150963852177
5.447058364118086
5.578165822960425
5.4785640953620725
5.522163246529744
5.611713965253395
5.748302242901746
5.748695839935022
5.702240230801603
5.850964791888008
5.823058647139103
5.791647887754184
5.848733750342502
5.934490405298882
5.74352572923129
5.832377630236072
5.893447796329081
5.800059750129836
5.924364336319531
5.945143265928689
5.823816845941377
5.882072227647011
5.937797957583837
5.79870545942008
5.861989440214857
5.748705001132407
5.851411461801678
5.917715053821197
5.848967693536363
5.731539767096129
5.706147277006523
5.74298616031577
5.6291643307305534
5.61111827950509
5.580230441929311
5.567432559487373
5.462625138434464
5.557451050093975
5.722255937003856
5.617135105036523
5.698873738713032
5.8408182036283165
5.785994987390439
5.469101730815843
5.294070536824545
5.432046788443975
5.360243194160262
5.524483978399185
5.6808775296798295
5.7981612283894295
5.909182720573912
5.868831130647751
5.811897480328612
5.664943982449277
5.698198372300401
5.573010819019161
5.734393462877347
5.789087713416859
5.790555793549718
5.726444593095891
5.655408498049437
5.676974792114334
5.649733195945283
5.607045660171244
5.697553121589829
5.649910931348952
5.684975488189427
5.667710451830227
5.811063538059602
5.5843654286395745
5.439232482032188
5.67272464511324
5.718842265094046
5.508583858706922
5.7815898737812175
5.808770682763593
5.824355936215572
5.779405892644998
5.625478581990219
5.684823282456025
5.683872372772583
5.591568719984286
5.586163632260184
5.6734425027887285
5.724726667880041
5.723233027009358
5.726957578225963
5.738387335430335
5.549428723283698
5.698947991985819
5.650438208390827
5.518758070977904
5.497453997207056
5.519434005360698
5.5069082313117015
5.461120629452839
5.539689320371201
5.572533409846501
5.604497246902391
5.459772177585134
5.342016309127842
5.261691992520716
5.407753065386844
5.430788592063636
5.390602253300717
5.5851725837703725
5.634993078372758
5.534741286611043
5.6828790632476265
5.795832386072942
5.916639053109479
5.702208807485646
5.840771693383947
5.950817986351401
5.846551003993483
5.794141215177893
5.7287230440447106
5.923733663228943
5.686454670228415
5.64792427926991
5.662915750594716
5.7484108909290095
5.585423935341793
5.709894136332864
5.81211486725452
5.692337197546826
5.629185955992506
5.436791191019556
5.260337251844901
5.240515953368861
5.331612574412867
5.520381422814786
5.482760666021404
5.530554176688622
5.347529738328851
5.249224936770772
5.2404433266864725
5.245054065582283
5.224865511208294
5.130540768397409
5.33250666132813
5.42458004945396
5.420706044194609
5.496833823422443
5.588529337154636
5.598238148557865
5.525246227298708
5.698718209007791
5.7099146797343385
5.719641732080145
5.705472348395876
5.767028796356648
5.805225630746537
5.899456730615123
5.969972523320525
5.838340160571079
5.835863417755605
5.867581014666549
5.813688800659058
5.818133089110634
5.890458183892572
5.916841319467373
5.822833569432723
5.822370927569877
5.853312460277165
5.868675358858626
5.838315521402296
5.881395409632121
5.94876271178962
6.024785338310648
5.961325119043437
5.80024563764836
6.024524839971873
6.004607164841344
5.962947195434895
6.002657033785146
5.973677062018208
5.930237431839742
5.9277618094909075
5.930391673341221
5.839779833475081
5.769295428561197
5.872236002714922
5.771451523998355
5.737400643224064
5.52988534225582
5.750646919290622
5.927713238389571
5.652935996191823
5.64042507365945
5.7905459105697625
5.704097040244781
5.736478437326936
5.887692588212477
5.799353016882941
5.905635525520311
5.896912796996305
5.8049613751331615
5.734023494850914
5.6758070754548635
5.773358392392947
5.844998837795648
5.86793228462668
5.912188339430047
5.8740920413293365
5.918008164859544
6.092405639704575
5.998204786332492
5.855815166516034
5.792091065203576
5.883794858990481
5.9120213775416595
5.703470467417573
5.8514506059423725
5.76011253855413
5.692931449154106
5.48422593630045
5.438903324695432
5.42717015575144
5.626539947540412
5.729521148558336
5.5018124107137085
5.722158253622535
5.799369093393851
5.893605999554429
5.951010980701358
5.856327636681729
5.780975268018623
5.936193820985534
5.924294522920312
5.799261171108542
5.729084361160781
5.788893952635148
5.7361202285881765
5.681386184228484
5.62409074698915
5.6542477786722225
5.739220890244763
5.727303563225006
5.725036550278419
5.883321007963129
5.933696750452495
5.8261731435619195
5.868364554111033
5.991534576228828
5.9044936715957075
6.006068657272775
5.98274632580101
5.936198062342901
5.925491224442294
5.89984129368263
5.885176367685476
5.787723401870462
5.754704707943522
5.690097817951903
5.505179508991937
5.563262544758991
5.629128813808247
5.673862665542097
5.720756336551935
5.723850909902669
5.665108665710878
5.592760642526787
5.6185660941654305
5.541376531953607
5.610859801639125
5.498325767934843
5.335897536921372
5.522651741466229
5.456406190152885
5.546394977143481
5.675375115165987
5.785871162928645
5.7525239610153855
5.647754234797423
5.650306420767577
5.721319366395744
5.625428835841681
5.825102021396648
5.846751946538462
5.644203548306743
5.7013167477375495
5.755264963973207
5.693215243984285
5.67239290019313
5.816873142968509
5.655497416779003
5.577669403210626
5.478593339752186
5.353947226172199
5.249492369797531
5.220840282861479
5.254085203619996
5.073595468226389
5.0169771246339465
5.263045533790944
5.265891367013094
5.102735862587114
5.106531493401924
5.173389009817014
5.0887960946499895
4.983203501087325
4.962628870014772
4.841403780912091
4.789098240063956
4.839676344724212
4.824655628239156
4.880684896519208
5.184797816839292
5.256363613790357
5.194452989193434
5.0802338016882675
5.089248192713295
5.070532368513656
5.371980707943279
5.383501560315034
5.312045495431729
4.965371279941701
5.19252093346265
5.376433957340962
5.206897562541088
5.496077016348984
5.5820201275180485
5.528809478357675
5.476390651517297
5.510219867169192
5.348378748393731
5.321369486320175
5.3397672242087095
5.417604205865669
5.315487828993745
5.509386951987685
5.637894706285715
5.6489860331667625
5.675187535865617
5.6705393919257885
5.451756196316281
5.669149821651307
5.757532359236047
5.524805228794247
5.453289434657745
5.606268208370043
5.678944818646751
5.722239226426007
5.791969625642773
5.836564775419574
5.837213698257717
5.714188535805602
5.564313251681969
5.6716541998131875
5.640450835386596
5.64659180119421
5.692939348696611
5.753278640520973
5.794430173579172
5.705834508377827
5.731371206623503
5.679420238563717
5.700589205084025
5.677871215015505
5.710405723538209
5.767088930670045
5.710246503930348
5.443851835923379
5.473167628669541
5.446747704368261
5.616034137760493
5.562681016726141
5.569463680788386
5.4862626161102925
5.409278186080885
5.583850625827827
5.518157911964135
5.725270016342015
5.760144900402128
5.60593595177937
5.598219009726006
5.6309835637927215
5.561538607601351
5.371362179396583
5.61951193313005
5.730495820298253
5.789064450550166
5.890975130930087
5.782184377490815
5.746188131891261
5.611978185864798
5.769724601037699
5.828139251318
5.687494206833164
5.862933005471525
5.6878700174474055
5.9126388209109875
5.963028759824715
5.808207152180426
5.67346078151963
5.6053395563564665
5.674281075450044
5.505676698566383
5.646535888123317
5.677546961962864
5.81714263743824
5.850817379501102
5.791367338982051
5.811225425518307
5.740119959754147
5.867926926035804
5.830321363436452
5.831851287691527
5.9153325342337215
5.861882934578911
5.842583060721881
5.731657815704654
5.692245858445999
5.700920507480362
5.650082394240879
5.787267528801359
5.770491351367871
5.706202671157788
5.832244112812768
5.897708247511398
5.808397154867242
5.801770493793032
5.9204257661515465
5.908466630458325
5.779863596136888
5.615466924974705
5.772058414063397
5.746168423481165
5.658407999903429
5.704017908313943
5.7940651801198575
5.692275984661593
5.557542116567382
5.519433872913975
5.428359581505283
5.590818907204491
5.549628393025034
5.5161152984696535
5.651887595348388
5.522063580274991
5.729919276562572
5.6951304459616345
5.540584637401623
5.416559593859104
5.666954713952929
5.581186328784058
5.639940645709778
5.663462166435616
5.617238096585072
5.756565883367147
5.789615820107749
5.864926400474656
5.821879575779343
5.785031255261557
5.794088855180501
5.81642848440664
5.801581980033031
5.863801644670794
5.981715832537017
6.021181135167724
5.740102659723764
5.88289839702951
5.793758728615882
5.810461617379383
5.5805228348166676
5.544717625619557
5.536181758161693
5.47853581268023
5.328724182282103
5.499640379057342
5.664842313849665
5.508219348492569
5.532009118722645
5.520331595255393
5.674349423015265
5.722700764988952
5.760831122650455
5.8191384778728095
5.778558253384883
5.695973563657751
5.60058511139914
5.461995670958788
5.588102491355698
5.598962287497824
5.657460478893894
5.569695799059528
5.451148868372531
5.547181937680486
5.457621968458824
5.228708355534539
5.30057088411158
5.328762296633699
5.3509499601501
5.529303083569118
5.5521134285191724
5.5206435227396335
5.64526016916359
5.517740788131866
5.449999764538935
5.46608041247636
5.468676376754879
5.559240356620583
5.475477571915244
5.549052109785971
5.507827287924418
5.3850018557231305
5.270940479470362
5.455764159182422
5.608250795294987
5.578479520704043
5.6789095618826115
5.619511061014048
5.669530211575823
5.8212813841385405
5.916265972716826
5.755571248786299
5.619785305902646
5.626695116457217
5.623291304727897
5.688515389579904
5.462925885681228
5.430690640976832
5.589435323519613
5.43314796810333
5.563222253413087
5.704970143848879
5.706906167028244
5.726663178457886
5.6183974412646105
5.5357349157296065
5.529448276578164
5.600794875292767
5.440378336037587
5.371019467866298
5.507129361340277
5.4134807607377295
5.424007787156613
5.367458393499579
5.458807170264956
5.545309066475703
5.370181957008501
5.486926063748459
5.269053001611955
5.251612173385398
5.376298739630531
5.193204178939407
5.0829378901325235
4.926363322340792
5.163500370253438
5.1697654179294386
5.283862742881422
4.934017302374475
5.014280996634121
5.245219985934269
5.217691237773124
5.1738161926437485
5.21063089172309
5.43240375958241
5.744429901638643
5.634074293263252
5.668464292936986
5.855986901699192
5.716684274603132
5.718376231480031
5.691635091419585
5.635167931153867
5.716481434276582
5.619075573547791
5.678717674314694
5.758015292867899
5.839823814055245
5.660204543942528
5.75670521645859
5.565888590342465
5.689495864261101
5.678349601528871
5.669805248844544
5.52188333282088
5.546545071179276
5.59794407455637
5.548042203137024
5.676709426837644
5.722946161913565
5.801396613053465
5.788047249102253
5.7866285513141955
5.752269094723217
5.933907339632265
5.714686776248394
5.7762331439456736
5.683720559106381
5.585455292813211
5.568488087358453
5.330856739349915
5.525296918332733
5.656929948068423
5.7263301875969725
5.807650932890938
5.7637003309258485
5.7562934186591255
5.899272758167156
5.995667553752172
5.962264022317502
5.938156339712134
5.989160464443234
5.883881216553184
5.755712946782666
5.796200862650412
5.7813979267902
5.850167434550491
5.858015157649488
5.585669591083462
5.5114206843976605
5.633417780701231
5.724642403945032
5.651799301477015
5.64688350996849
5.585015886091721
5.557741012669414
5.400174289791636
5.335528181002645
5.455961748226346
5.516386553737873
5.515581308097267
5.6104733665826005
5.774659131388419
5.751764399906493
5.617703439427719
5.5449528916717705
5.5039016999759705
5.603474808262774
5.639924431044999
5.426706091423682
5.594955219722867
5.466955598835948
5.504261078081055
5.58480677219636
5.5905910517550454
5.71486362973267
5.459318336078422
5.574248334297858
5.752249048104491
5.63138806106904
5.698498393255936
5.538330656226191
5.7233535182610975
5.573504442912586
5.644254009838017
5.667692754366967
5.641814215347479
5.676615843014637
5.61984321376545
5.65500253084974
5.674816771445498
5.625063721453882
5.627199532446078
5.519190932012505
5.531933590438141
5.488828746719925
5.61682667769718
5.55586252557626
5.504254073972646
5.4122752081083725
5.352281363648689
5.412237945209497
5.184206119562155
5.129519093638157
5.050485804768791
5.325048422892724
5.328208499677535
5.407189938930757
5.583370873012065
5.674612524597037
5.615707457960126
5.612708488376824
5.551108402394025
5.581087418987096
5.476400536296108
5.523560911386758
5.2811097979001556
5.537872587264054
5.507488953309848
5.458641358466154
5.4917133593675
5.512341103506669
5.746332703757898
5.721792792003782
5.568595724763391
5.371229572288833
5.587646247353969
5.608003838071369
5.637411440165323
5.608580808938131
5.698182459473417
5.565228217775619
5.501239364304389
5.6506409759187886
5.628008857520346
5.648276433099271
5.699880642849518
5.717930075186672
5.644953714598939
5.574490266364494
5.392575060762924
5.4922440165063
5.582348718605201
5.582051866278673
5.377668891081974
5.453429890456237
5.383509233010239
5.419504498376632
5.345849815967356
5.392363635691454
5.407104051750795
5.4547808429832045
5.682074032546348
5.752521337630815
5.671567209164143
5.494640124805164
5.31839328921445
5.320885073993517
5.406261206160009
5.409165790279817
5.536850295747711
5.622752600148763
5.6103983793925645
5.527722848317097
5.383060630094727
5.542332420209193
5.454597615276068
5.163500242513805
5.057848473922995
5.291654253557656
5.272488308612959
5.1829541284357745
5.264046060190085
5.418699719787072
5.415860624217521
5.471188826134166
5.472591478681138
5.543406617130772
5.498752641024307
5.431496484028787
5.392821222188392
5.428332401298013
5.572398800568261
5.520404632447881
5.1915890176052635
5.298046624649861
5.324617081748379
5.188147723850878
5.124055429618355
5.306726918088908
5.451780580817528
5.485428115433352
5.604215362828877
5.664480429213288
5.639964352809551
5.572542048193368
5.472078966622146
5.5287092202829005
5.644706545688366
5.461210625390451
5.506843128240059
5.526459091700102
5.382964369248657
5.366090966320072
5.25442334529873
5.356191821742531
5.455243379806489
5.577488414962764
5.520788428697069
5.318416110977768
5.32860472213421
5.311489404913386
5.524975304328864
5.584034081176105
5.618805291150019
5.471200602573943
5.345714164093716
5.29577568447819
5.464764537821341
5.438148092241833
5.450811326625694
5.13314442122651
5.103959185990444
5.220376657946079
5.085249930383227
5.087588900948273
5.216107387355018
5.074619222265407
5.304591100388291
5.636556487498139
5.780064435448992
5.750993061880618
5.909343122917039
5.906998267866447
5.784772904384856
5.839137801995974
5.733537174437533
5.805443594630123
5.864556188583395
5.932700579253986
5.911255054516471
5.782919841897348
5.784614978137489
5.892590038321244
5.661321709911529
5.6211322699839625
5.580270300044657
5.384409433458038
5.464362664385814
5.4964308190125735
5.4867461687283425
5.566544150350311
5.487428102980373
5.486856203498073
5.488679083670368
5.439060747528613
5.372233696299211
5.50445369008391
5.504940135622904
5.557945088090745
5.579909904295912
5.660657210586664
5.62720502715396
5.708417659339086
5.691669400033399
5.726210479912502
5.831435923839433
5.8476155439192645
5.8702117084577115
5.9830468947384325
5.840955610490657
5.888871523352914
5.863805043933238
5.972207614111908
5.9661203528818945
5.957122761683504
5.806474682694253
5.793167870119557
5.676449305323431
5.507261776266389
5.6336857896609605
5.779745147692663
5.862488370179815
5.80706608013339
5.71308300322318
5.679507250908286
5.860025151358579
5.880937444375522
5.852436304694993
5.849499844699181
5.934043165073636
5.91640427780551
6.01055392157359
6.034551543972387
5.998331693044819
5.748478862097186
5.9668862261700415
5.960996304309588
5.982272630271598
5.911658760490955
5.821189709874851
5.925361296198685
5.845316322107786
5.787405684501248
5.612734491001779
5.795121464169586
5.887396173615068
5.9707926216751375
5.889095053447604
5.936436160907431
5.908914033126195
6.062751400544634
5.935950005272425
5.771097565087547
5.844920402914583
5.981082499903757
5.8351039515910665
5.925900133654032
5.785588838266647
5.839585770037576
6.050527462799655
5.753038399283951
5.891563889270442
5.879078182471278
5.933932682389038
5.848522468950012
5.90557712046258
6.050922170976381
6.0378336388031535
5.919383415743579
5.964063957826209
5.829865471670592
5.546781425228351
5.683232436624174
5.792456290593085
5.615405510195121
5.364899511003041
5.4842977517385245
5.5021967530204
5.614566026873152
5.740583112371556
5.646521005598429
5.633525093390528
5.589153514017035
5.384177100913786
5.110553623194569
5.161910843977945
5.032383814107586
5.161029421691065
5.1094268911605845
5.129092429765883
5.256055824278378
5.413503977784671
5.3655348875101545
5.407316405119759
5.5944392548788775
5.683668861862015
5.6212560918116115
5.656147284664662
5.721391298126557
5.762063579962533
5.776531377845138
5.667559478782837
5.798877873331078
5.891095797172948
5.8871709321551995
5.733732450617708
5.963731176153979
5.92516846051401
5.8029897297276305
5.915448188245961
5.908680131065619
5.960321471028555
5.838945981557374
5.873566648511967
5.910519651810261
5.814413814922123
5.765922290344468
5.686431345789299
5.618119015386275
5.541583136183387
5.46455278805325
5.5460924705614705
5.6350346160710885
5.803149202169393
5.893918384787766
5.874189171129794
5.570014983664603
5.835700358482558
5.764848662523963
5.4841759530080845
5.538425032933775
5.632313404401933
5.646173243798305
5.570477976407858
5.665104494693392
5.442930998287079
5.492511908482763
5.59427971399273
5.658431348119618
5.527174388010369
5.455898214741469
5.45725204758245
5.556590245685031
5.461887344167142
5.542320372127645
5.397158579358011
5.438027564372516
5.576451784093449
5.462755680182818
5.4951813207509375
5.530459128414269
5.6294441377856765
5.371183970857096
5.352072816115214
5.427917213178177
5.45786135849363
5.365168067927138
5.358488368277622
5.164529685520741
5.146344004479257
5.1256904572692
5.229502443620456
5.548528890236068
5.6083414679821795
5.652045569047566
5.557012861693758
5.6713336963088565
5.702627531682382
5.65271793638783
5.592242601827326
5.550658303507553
5.477508104741486
5.6920582666108155
5.753260907236216
5.730779468277882
5.743384062160971
5.914276708541259
5.982218723476792
5.875998629595691
5.873178463194564
5.725832631067585
5.697979936278779
5.833537877315565
5.777356502270797
5.756441177922125
5.821714417996921
5.819497122165576
5.709751385407933
5.728379960510045
5.788119875844636
5.707459146210869
5.75969737159842
5.94990329451864
5.867286538276625
5.920042694732192
5.807853920158339
5.7029301638227885
5.742632177327513
5.844098097102184
5.764504197712848
5.815536763296157
5.70844560656349
5.470705250090864
5.5790247496905865
5.606427485399768
5.617948172630545
5.486826772469572
5.609447459018096
5.6456784508627145
5.527096091673263
5.647948387944925
5.777223648384818
5.81811434187117
5.623324420023486
5.884472530142309
5.854996217400579
5.7441373595317025
5.6433718669893445
5.692746070139562
5.788682182410621
5.875836444863035
5.76226717766893
5.791882736873003
5.759653488454457
5.616721671155185
5.5348775485275015
5.464918179214942
5.453585530539222
5.674640590726916
5.681438353667002
5.757983773972996
5.7101340279271415
5.810381760364451
5.663594488412889
5.517580964587085
5.527720229180341
5.575211876339036
5.540322868092874
5.704820418962997
5.549193889766289
5.3934285542373415
5.654895897223992
5.569888528021761
5.46216941904608
5.5133605293588355
5.412723452047552
5.304610339251916
5.672887263641126
5.6575786781824275
5.632480882947218
5.580518711621316
5.326350775911462
5.1362044605363
5.133005294836519
5.1617939667376
5.221169891261033
5.344575165578764
5.347347385405901
5.181595182703354
5.1293195171060155
5.39477768910179
5.4222699845106765
5.310104554135321
5.189236261093524
5.441013869392784
5.479072157284685
5.329455351192689
5.411921776679158
5.452605885997269
5.1752151921116685
5.239028439538071
5.333703330058434
5.463936248285668
5.1892260129465875
5.529324318293148
5.609485367299865
5.511331325084024
5.616665583336555
5.655950945766724
5.628203251383696
5.5077650785535095
5.532733909500949
5.547100847751369
5.609507257078706
5.429842750988374
5.315348466129248
5.465131701348679
5.613457437964307
5.358139279708935
5.291886983679238
5.17649815322898
5.246695923260165
5.081847314409975
5.06942168692702
5.114633512674889
5.303718710739197
5.285218193051521
5.404786817933281
5.553793210888565
5.698282950358941
5.7090847636648725
5.796684998580244
5.651349007660249
5.479158320234315
5.530714718099594
5.199984332490182
5.286333756900982
5.548070618053358
5.713791059879462
5.614177057905085
5.547131756455094
5.528032042481624
5.411287069892905
5.3531535185514505
5.311166771735302
5.43408476857337
5.497513913029147
5.593163441396509
5.672406567169144
5.708886092024861
5.52952322178731
5.450141760001767
5.617949695447413
5.699770203719229
5.595785260823044
5.690391256164722
5.784223309186906
5.7610782960972236
5.809054598240731
5.8776642905981245
6.073396325091927
6.05561946629638
5.942773390984846
5.97123184120643
5.984116995201214
5.957698000686846
5.980692397402611
5.896385290011647
5.8756342282364145
5.876648845479501
5.927176500736005
5.90000679770859
5.992691111265494
5.9736760021889905
5.865940518392258
5.972611155788811
5.907492507271404
5.805768149919471
5.7631865459476534
5.899890467132643
5.916242601461281
5.95513966672906
5.942600827261312
5.936780010944303
5.705010763596314
5.737973941489466
5.791013490196752
5.852355491888895
5.635575623796704
5.839189487629149
5.8359780388326445
5.844130926955525
5.598419684247055
5.700450669808165
5.81230186261135
5.842093273649432
5.966361915415132
5.818662918509666
5.551701323018823
5.8741141676725475
5.751175461529331
5.883728072634788
5.859361939824177
5.877809531715054
5.750240234579834
5.701180732224282
5.739634019101689
5.879261110395971
5.8835381785665595
5.701820899055007
5.772561389091813
5.777932922534267
5.963452015245493
5.855238503050974
5.540789229122986
5.742537773640438
5.8051680301375805
5.647642399285935
5.637865190163641
5.743865510959879
5.7951599606803414
5.857669301576498
5.6509630246206966
5.3626653482723485
5.577859059849431
5.683637853642677
5.7283968445671265
5.777157210616671
5.831461730225446
5.563039194236854
5.52712976163388
5.598362768730803
5.6393364841017615
5.467637822305037
5.555922643796173
5.782041995860052
5.8623426679777735
5.521168485055576
5.49017754083336
5.502259740753188
5.524520146107113
5.499524257342554
5.523615852487401
5.634385326121117
5.731666096543504
5.704801629510894
5.679553516939638
5.644987117999058
5.5476017200944305
5.606471754976138
5.5669704917640965
5.583996832343827
5.563834941936725
5.676563941532252
5.793629867599577
5.749898372991334
5.82631422092488
6.007491506093179
5.8171054455074565
5.944625644097385
5.923945077855918
5.74578829656494
5.789756573224054
5.960978724554127
5.978169811636808
5.8934089680014425
5.826534468523218
5.673797947203172
5.74014573393275
5.682528355069184
5.662090525301144
5.5926716233473215
5.368157769629035
5.508883295995565
5.684542330201514
5.6593906635705435
5.659521075169847
5.852348289988202
5.837694872235893
5.8412607609919585
5.842323852933705
5.853673086526534
5.828892851032071
5.781189025243853
5.745461000912655
5.727064977315697
5.829469446325535
5.6396998864470085
5.822395777673076
5.983298078651512
5.727035137634637
5.6732643596450485
5.769108784843156
5.757918614912752
5.686526123132155
5.716919443798909
5.657397006660691
5.619003082264921
5.894828630990942
5.866466634762596
5.79950493679617
5.757075880201253
5.6135765813846685
5.73231027868081
5.914074130201239
5.852184979452497
5.69591523783467
5.8723132553515685
5.916746617837227
5.941498327364627
5.839329075779344
5.94478931420813
5.752234417292422
5.870316350419018
5.767388830168032
5.795415183350186
5.886150925452816
5.786641725797851
5.672902119992261
5.683020157571788
5.630619750921951
5.502828352581727
5.784832078415839
5.882108911921393
5.941908222294612
5.82182953124464
5.781183152508786
5.973177189126448
5.854080939492158
5.692319704258134
5.465580463583568
5.4799510432649186
5.4453009817091695
5.386741068876192
5.555279445006859
5.458213898172008
5.426680564869343
5.6673325340658565
5.671356275593301
5.684200772236525
5.698828403812072
5.840329069525438
5.883993401271075
5.775409777484088
5.796602386547396
5.587133231879963
5.560963343337959
5.552205003681115
5.529534115852163
5.479635553749572
5.404582116336697
5.575072177789633
5.642924837113775
5.689409100148092
5.68705449987196
5.8474372192621376
5.736135109626193
5.616127515003122
5.745467744724271
5.718434191429486
5.785028076782706
5.73497530145678
5.599306421523742
5.505467126397402
5.474489788985486
5.572715521910153
5.373548297537147
5.393026696467041
5.1238742735423966
5.2668748228661775
5.3861773419807415
5.3848205177136705
5.571914226712177
5.7390299736970585
5.697872466641811
5.749782192435537
5.597524570217905
5.498553897875612
5.584867588866413
5.6833917532151785
5.504142181046208
5.63937736186037
5.726559087338792
5.677541161356338
5.773382919456912
5.565775637628351
5.712652655202398
5.809725803294832
5.859183436319857
5.872739955286749
5.758730860044206
5.751713023383088
5.694020974529974
5.6416164762950896
5.5807301049741564
5.61198413326971
5.700590874108079
5.849973907312433
5.8891143538263915
5.793392534751706
5.834890084572018
5.883312731216639
5.839307543443538
5.888573299978268
5.823913290309844
5.852183780311552
5.858778534640271
5.978969350317734
5.924045032436343
5.82179484383698
5.884163415985525
5.759602487483569
5.651289897605839
5.7021869193048
5.753076426025955
5.800645751877641
5.952279932712147
5.790559947415041
5.662094411487942
5.519302372810479
5.342041625281513
5.445624931961584
5.591015555825224
5.627422100274936
5.687054979286501
5.967823137271051
5.785953088660933
5.708258000623553
5.584685812890621
5.527550825478265
5.469981052400715
5.24375885305277
5.3975053936987445
5.5089864065004175
5.4907748932420475
5.4605469740920265
5.392841540051079
5.399023958602259
5.426389087317229
5.351932890132965
5.242138202564498
5.201816504422531
5.24164659376417
4.964933930679153
4.947939167869112
5.126737664881642
5.179602561842327
5.0277537988569785
4.955568483361328
4.760086109411095
4.823648660165167
4.80149852013533
4.891726019692929
4.811531788074051
4.629400945743843
4.695596207636384
4.8199085951580205
4.785829969304794
4.619010333289256
4.604625986127909
4.6327111378041055
4.645195968076249
4.44402432053976
4.376940395695043
4.107840327743182
3.8844624214421457
4.002118035013742
3.853210552063006
3.8443484442645124
3.803014785009807
3.5461683912287025
3.7495616794437883
3.8013486902249127
3.5477175795799027
3.508499535969392
3.5104866591393606
3.4843438333502683
3.405749660548243
3.317656876005984
3.2868326239060583
3.394148485561905
3.278739458085121
3.1797766121717506
2.963780327798434
2.6210403436689216
2.3958474037138946
2.01876915343202
1.7875924419417943
1.858872504214899
1.871719649135844
2.0620531676935165
1.9848264170581578
1.976670977410169
2.0221999611657604
1.8545143397652364
1.664398577780242
1.820101300999453
1.903362573169284
1.9114445800767672
1.6413382434329657
1.445458694553533
1.265977163619958
1.1004931893482854
0.9647008193019275
1.0316360546908725
0.9406455243673404
0.6311819998218957
0.728037150109769
0.8015268486839208
0.7303686270262777
0.6016162644358602
0.4358416806732454
0.24187548363489758
0.1456922514710661
0.2584747912828156
0.24083261362420838
0.2728292507375442
0.34343177284247156
0.5101224332531359
0.41339467248321893
0.551903711215751
0.6065714982559754
0.5168926110754956
0.6448563601844731
0.861593080553344
0.8649124800467063
0.9153173674172257
1.0524460024916626
1.1104757311070697
0.9504752344127512
0.8859129509276967
0.7826692060699513
0.8756492298256563
1.0951275419030575
1.1906045236109928
1.0677321371550221
0.8004325694571586
0.9412838543814173
0.8456640364394076
0.8656672142952131
0.9780098279365339
1.1092625983037467
1.2350823975469791
0.9983531289594525
0.9281432954460805
1.015888977109058
1.2311128028398817
1.2022317534828262
1.353632610997951
1.362953881227487
1.3520475421204186
1.3470724205731772
1.2521665276172491
1.1729543522032724
1.1673948002662402
1.0203058856372662
0.9584766813204487
0.8805475480998786
0.7689776311008988
0.6022716569471257
0.7333355652462692
0.6519918684389322
0.6570167262987576
0.7355094201920928
0.6467441996371845
0.6431655241229148
0.7570410544240501
0.6546353282287334
0.6670519234568514
0.6800983627703596
0.7724693939348188
0.8895366514942638
1.1092654246325762
1.1365185006920786
0.9235908461102942
0.8893597733340577
0.8582096063766628
0.8859097110560652
1.0008767305950061
1.045369448068827
1.0790804144991015
1.0929508453513366
1.2111670419551155
1.4397312990532745
1.4592803708817794
1.5626214799408098
1.5674792154170876
1.6375508558062406
1.62973077615504
1.9841795437725085
2.236912923831851
2.196160297140056
2.0763586557746025
1.754654518231652
1.4764827693647615
1.2974951592953625
1.2297966568319765
1.1176647858721749
0.8901810598257729
0.8893367818187613
1.0086092884006532
1.1513357880560668
1.3354189995071821
1.3658689561902007
1.171122743805155
1.0244418843796677
1.057874299869941
1.1570668162736357
1.3257413750140767
1.5703403419288464
1.711592408820718
1.8003289003239005
1.890504649019924
1.8208873860662842
1.856457097463126
1.889944294260597
2.0141316865182106
2.069510994322024
1.9952733141089702
1.7384383548706435
1.5734644269466371
1.5571129955136769
1.5879381514290198
1.6387472840768493
1.6452173472933629
1.343143944841384
1.4216378823254785
1.5857954690577167
1.47563819831852
1.6129747437370046
1.7311925517617854
2.055204412347103
2.427242207421848
2.6733719589475964
2.7646523662628733
2.982554015981584
2.96100674662077
2.959757932140586
3.022131165444991
3.0600516254110657
3.146794387062512
3.155700453600761
3.0729124282258
3.0534889277793478
3.085638740486654
2.9922281741931713
2.8256033210778293
2.686409611582239
2.5350750244075675
2.6434312266025337
2.693291771478192
2.9422915767172513
2.9990518361374887
2.994302936569852
3.088616844145168
3.1312118244136276
3.25180128694872
3.1868056207906843
3.1417793599481048
3.033826098779302
2.93167170693759
2.9651037842597763
2.8581386729583436
2.582867059636537
2.3428464354491654
2.318494239223499
2.3447215225671294
2.501556860970276
2.401045684903101
2.5890953171440922
2.6759057891621785
2.700538627244649
2.7749806292091703
2.63748863057037
2.633425755546692
2.619431200036236
3.0505401934185086
3.2011991678847367
3.301418058225591
3.1338569882583487
3.015873419895075
2.9073980360642007
2.7259322560497306
2.584480096753828
2.5344935116631992
2.359520353373179
2.450578475488845
2.4924853079066946
2.4530130305122357
2.396262147112545
2.568276925526153
2.6013641585945266
2.609970247470635
2.589306352476516
2.4729035229538177
2.2738217795481557
2.168413423956245
2.1614243832307243
2.178478546383086
2.3162372513486233
2.3279593918230144
2.304415943975399
2.2383164994467513
2.117966618196862
2.000591600959566
1.6198327111374735
1.4691113266595301
1.3824175916121009
1.4040281691590493
1.6420296158526781
1.8566075975862353
