2.001746318173386
1.8082213879321225
1.5865612139465353
1.4859979885619574
1.1374961115986082
0.842314931760032
0.667099311475214
0.3661923557843814
-0.3394837308505596
-0.49578518504694313
-0.5418220783619032
-0.5489638449201025
-0.3693807507507128
-0.10864336463677135
0.21875207539136604
0.5482844586499123
0.6583807286249466
0.7404710691415396
0.7363541971167831
1.001229438747102
1.0852868133700013
1.1723419249396074
1.1166589988168427
1.478471447673836
1.5371952692507993
1.0702379347574849
0.5694734688793851
0.8533475318871984
0.9662044173119579
1.1504064495862416
1.511354689715051
1.4826730226668814
1.2941609525936755
1.1594869414681561
1.5194724749581596
2.192610608955907
2.9487043006928486
3.6213007295497066
3.8414877104479617
3.7014482644961033
3.452528061303505
3.3915692963431106
3.2680507963318552
3.657307151123431
4.603725257941525
5.042771271390537
4.961365672262363
4.611939243277371
4.254896538301127
4.1621779636186265
3.6768834886411557
3.439648845228107
3.5559784766137668
3.1688969160562017
2.5777334141738235
2.0953798801385903
1.7510275691929669
2.054046582861934
2.468133225799904
2.310398350786044
1.8454018145844682
1.5147082383771895
1.3836855548073212
1.2004998327081806
1.4298208271417387
1.9198088921775942
2.6230140503046813
3.148842926169029
3.4868953229551094
3.38492749982438
3.365418893222175
3.1853910047812826
3.5436915362777697
3.848822127414208
3.8920719412308573
3.6190963963047933
3.504022817692909
3.3736851900159346
3.154846140208638
3.5562306107829422
4.034573152015767
4.0955345597340305
3.9549896806395695
4.0156925283445
4.009580414622086
4.3786388042523265
4.962081609725891
5.235609009000303
5.485243965102225
5.178912035212962
4.987877400480755
5.290338414448172
5.458039273346849
5.762559944336893
5.658772391460941
5.376218834937907
5.309383842509726
5.223979926604791
5.355928845223167
5.250759163439362
5.07157400230818
4.954439925601372
4.4331091006625325
4.5009186498297735
4.389230905427018
4.471001366240264
4.409504403128782
4.11380083248646
3.9675018310190397
3.813044552129174
3.86330536337496
4.566862553895419
4.919199905264526
4.9298095940858815
4.860324613659601
4.625606488277792
4.782939938949729
4.736113659726887
4.895433321944947
5.137011855114044
5.119351298215962
5.093717011690552
5.585983014192195
5.5830670370934445
5.978786925122231
6.065823834047949
6.432392068547728
6.537771272896174
6.181803210157512
5.861939368543984
6.193935412966029
6.125801306090449
6.00872779145229
5.829848071091943
5.78357649860318
5.980434769106161
5.994798071570288
6.3208267340025825
6.143738193774675
6.316631867696229
6.114942966739397
6.260718738368617
6.1615262450336585
5.969372300075982
5.863360309251902
6.24881766072984
6.3314729808942705
6.234248530143112
5.9413074293986226
6.020798298919898
6.155711423255534
6.3500677352288735
6.36550214498891
6.255491001164348
6.2655894045332925
6.133659068905239
5.705176485186246
5.554412479843082
5.268800523600296
5.409866566171245
5.622034091972489
5.332117051337427
5.2240864504968
5.372106502555097
5.2205259649119755
5.215116264114376
5.021820409012974
5.105587170579875
5.3994246345291845
5.562910919269465
5.819786896885648
5.911678919150793
6.0797550632712625
6.207225334767446
6.423994141302541
6.2572918712227
6.179384037055279
6.244985031665225
6.151131189108662
5.885266813293615
6.1461626899902715
5.911262336274954
5.998490884249023
6.057620242076233
6.120542037669426
6.188928006302945
6.139157185135124
5.89936582976926
6.01193574741393
5.598997301552744
5.452139740767764
5.931366753919472
6.239492388022474
6.201858573653146
6.281302464238367
6.308168648673755
6.3091809502744
6.045559713191406
5.842300537184866
5.71915884749631
5.627358610791792
5.325363544052758
5.172557585522694
4.988288211862051
5.053671139303658
5.308450776590944
5.353650493351256
5.310633330187514
4.96290588167522
5.292058877793953
5.459134378998089
5.967590316779143
6.0589312712071335
5.863984808620749
6.223370980510701
6.3617998864272804
6.338388485012935
6.230964806490588
6.259233625510419
6.0190597223275075
6.041076052367311
6.135012772625354
6.221613649150912
6.398263535833409
6.314324279571039
6.150887542084316
6.049991832260076
5.9891106797604365
5.713442277055073
6.208232238399556
6.38239985595558
6.28362398537471
6.150623362082979
6.291680882460202
6.190309990156524
6.254634133417862
6.0117473061228015
6.306401208463654
6.561849929302485
6.647536630969325
6.336616688465145
6.703248250149036
6.50277344635771
6.559204582059465
6.326979932831283
6.379674318361802
6.642851324595983
6.370567335995952
6.087856061534024
6.492467813785335
6.716511217251989
6.4426291217173
6.229930153613639
6.193474816948616
5.914175296723836
6.335689895836461
6.198687515042536
6.244722216089018
6.432913206083924
6.291879619184111
6.49679771371829
6.272062654585417
6.382231721419056
6.464095548416057
6.6084433003162655
6.4862189649476445
6.627105494635704
6.510619737382808
6.554566755402282
6.480917334223602
6.644683666520632
6.537150328656139
6.517313628569762
6.46244309680227
6.360258811242886
6.266115283114559
6.288263741902943
6.414107709623101
6.132377586173145
6.586132890434486
6.256467753258962
6.144779804064175
5.765559326712162
5.7556790383885685
5.836521072443493
5.708805518434287
5.842351279535982
5.708376750329551
5.807600308418313
5.478866377116546
6.321333635191133
6.555722686481221
6.170463917728032
5.957478669646855
6.158209640241987
6.445214451002724
6.3933187935237985
6.449449648503868
6.381543365436615
6.493755319284321
6.57469294956079
6.572191237820535
6.643684878351861
6.459858196344916
6.4687169712565025
6.373885471708947
6.27695213904286
5.963311682427267
5.861946928207729
5.9212582398675835
5.9250928709476245
6.165824188674274
6.2410193910192815
6.420244973727011
6.435368715507098
6.293678196788273
6.389606033424945
6.464336048736198
6.125966578056057
6.085628305941013
6.24824647778789
6.374042270725076
6.1699950592134245
6.2373964814772425
6.057008009433439
5.948877652038244
5.831145614214244
5.923417218776137
5.845811615631932
5.671190719238467
6.176326434950736
6.211944246544746
6.327025936636725
6.549076274819176
6.275675280461985
6.438740039780616
6.237957225247046
6.332526156865809
6.282605454550382
6.365057071147502
6.322941548601887
6.396643887445754
6.428347224826197
6.423338707743632
6.241775908036445
6.127439853181504
6.0822221188732914
6.102438624159758
5.874573318333127
5.920261042388825
5.879828223838166
5.82405433037874
5.90407187534594
5.941446634327592
5.949121579353165
5.551608770013604
5.38937512055604
5.708492484324189
5.856349058396282
5.879895488354232
5.971033765090896
5.882967272918831
5.984135986742674
6.261041486313991
6.354871023460324
6.364693830187157
6.298973535175138
6.509618726919493
6.615528235239895
6.201149047917115
6.205273642401825
6.366223818864998
6.291040040024657
6.125391163820443
6.258906343677547
6.132181652897491
5.959459855582713
6.154762487652713
5.913526285206226
5.677184216153671
6.125318229087268
6.327757653257547
6.082649781055615
5.892028576967279
6.007266667902324
6.213706963471714
5.927982902497893
5.9266447611999435
6.036879873072989
5.8012586735161
6.0979196933633855
6.215464661622612
6.191292623501331
6.297396374291734
6.34562082654286
6.516600456085331
6.471450796410581
6.2898720892675355
6.4897669136909615
6.580402389217541
6.771190387807508
6.751787148761551
6.6482925563159965
6.583338795773136
6.601783387918106
6.605672467032269
6.549144557204261
6.406874999851913
6.253613928686713
6.507741447755791
6.682549183783766
6.5441898041980675
6.647958341992319
6.33123866997638
6.292375765351249
6.677314045630557
6.792813443271051
6.64284783983139
6.453845908054977
6.768483985260038
6.621361308916616
6.806790681675553
6.753637437728614
6.629281503408203
6.717274563702096
6.620504215740861
6.468378269093163
6.397700758109449
6.593030966447694
6.5301685336309685
6.533473279888971
6.587843282655504
6.51173795069686
6.362521930253692
6.3272907897409185
6.386798241296767
6.548591140595088
6.718151581934398
6.6453816001664645
6.758234984384998
6.591765055465105
6.607995531220463
6.566857259322509
6.684973462887069
6.610825792371846
6.5957396801884425
6.370848848650018
6.523540133785429
6.5442142338602425
6.429020749845074
6.455279740809165
6.5179747643415995
6.543003085217487
6.770457473592972
6.642569395815026
6.522258895502898
6.745393797196978
6.56087655351771
6.675118716022608
6.7915801540845795
6.643041877716844
6.604429328496681
6.688670543423326
6.503987872937361
6.723661543112127
6.766213902347376
6.5031435487764515
6.523314243837338
6.495752890599261
6.337864736102236
6.530688057957948
6.335138427281673
6.110560480430735
6.455776922967852
6.070289149026796
6.153063114092104
6.1557368839731055
6.163275913773182
6.242059159506655
6.334851595770568
6.388046500475852
6.308818078115337
6.169914930671699
6.24232258330556
6.114043663364879
6.341823312122261
6.372210130092537
6.347322284252574
6.182235206465765
6.036000990166029
2.554928290428278
2.523387526498536
2.1487250342929873
1.5863826594144623
0.9202780033682221
0.7673658944701158
0.5247005691070656
0.3755096601363807
0.3782089805055276
0.5203042563993208
0.7053345193599055
0.7528476394281127
1.0041992240251196
1.4753046237470246
1.8777070191293073
2.048144454638961
2.158230073383437
2.4008205752174954
2.570924079033106
2.592892555013903
2.7110820657008823
2.6189266097065493
2.5521125623333005
2.413701470554263
2.3507042102922022
2.2322469479873783
2.145894881699139
2.122198763352819
1.9447993995062633
1.722276059974023
1.5567965473152352
1.4994255727191987
1.459374057233961
1.3873279454657295
0.9960757921079793
0.8567430938290315
0.7100196937375554
0.8594436771569797
1.088376036874915
1.2938658041784228
1.4669945410501757
1.5537822208275023
1.801243721932493
1.9582370270724225
2.027451858331667
2.1686115229356573
2.329658559965689
2.4591986933490455
2.4196789716607627
2.3252656312495885
2.2109771192883474
2.272500822746396
2.226405993070243
2.1983700091371636
2.05840567948452
1.7928094790996094
1.542499520884515
1.3012754455054953
1.3658268932042308
1.3879703915236243
1.4678022680350828
1.5948887367573992
1.471398337446465
1.4575355235395582
1.8812050828776208
2.1393233865765224
2.2474742274834063
2.392958951728307
2.298620435575868
2.061582570072031
1.7954272330008607
1.524601841970264
1.4900542976088142
1.4915758733556141
1.5639064094929498
1.6650956236587278
1.8193468740630743
1.9287222570014741
1.9447462427969464
1.9616238873281602
1.9899948374470224
2.012731392811001
2.270946445699475
2.4587871789806215
2.6034034180726042
2.703275583589096
2.728291022520358
2.547105056602122
2.371139352522154
2.1534496780038053
2.105333215438951
2.3882761282116975
2.627464187420658
2.6197178012353612
2.772713330514633
2.709640714659156
2.581401920779844
2.674308896941267
2.7464890994978246
2.5706976316647525
2.651990977115261
2.6309583193701167
2.465216213959008
2.269996551291777
2.1752751530275
2.0558005452476307
2.0848874057784803
2.0586737578667744
2.1211015401640125
2.1661097467555512
2.1871090764515966
2.2049402859894536
2.076357822094618
2.0260414090181995
2.0974463030671577
2.190545016831178
2.0543263190435774
2.034751139908056
2.1014719139117983
2.190657120775458
2.311329247137665
2.4888812813762526
2.335495666003003
2.1655554923078406
2.112643317580852
2.0476718606042827
2.0896756422297664
2.165765287770335
2.3246874263315447
2.4887854030363648
2.599308873544877
2.7138578310907997
2.6254428568256567
2.4846649097342053
2.257490815891404
2.0213024458671796
2.002906977017676
1.987593307944648
2.2882633039287223
2.465519988043707
2.6434972286670697
2.7065048402481797
2.6221079685329083
2.4952571920683546
2.3058714293382194
2.4683306936136136
2.646051074029228
2.7104952573924885
2.6283038960222753
2.766106803365891
2.7767254896964984
2.727305912803761
2.69413237581342
2.580765038286645
2.733701578791604
2.733302944261962
2.7738701483567114
2.7226037512905688
2.6668360676818237
2.7114626735288057
2.663778410081381
2.6616584655593925
2.6263746351304995
2.630027691733004
2.601778508834525
2.56980438463505
2.586581237103489
2.5901705317415598
2.5692629079799048
2.509856914641143
2.56864642738223
2.5573426243129505
2.6536989532771575
2.7041685805410522
2.762116915229212
2.761984931844267
2.7357516595548113
2.74233517612238
2.757197611683586
2.742768598591545
2.7020644075243516
2.72353026464395
2.7088925084853592
2.6875458711307645
2.7139204950641775
2.7066386875573505
2.6626366918618354
2.7163669564044683
2.7084328227743315
2.735088771274242
2.6858780746050215
2.623661288973754
2.585336103736533
2.4484074276765684
2.230329592236053
2.341982198992254
2.4387951629974336
2.5177258467081565
2.5571697989229456
2.5528863829296653
2.5745252474908096
2.5575662844496714
2.5440056895995453
2.513944203819098
2.5398226375832005
2.604531881030656
2.5716916995845267
2.42521259141193
2.571857367047179
2.6029041063819474
2.5806107771881965
2.5687802401875173
2.555576236205308
2.6856477776499803
2.716673689789821
2.7225196600323684
2.712779770589303
2.6930846727498534
2.7170005661654626
2.6792641942906075
2.6316763461363117
2.551969800133462
2.5571984864137334
2.520922129803619
2.4494298425892005
2.4023483188268395
2.407832868241819
2.367393481341745
2.3184259184688103
2.262169729888607
2.273185859604773
2.2360584793934875
2.1659101360432382
2.1687171254154807
2.1599949945018104
2.104145645127704
2.09453591748258
2.061804559202907
2.0323846747270045
2.047410963992222
2.0138827851722048
1.955484212496625
1.984012123926917
1.9531258345314186
1.8905507384737286
1.8922464975471116
1.863175280975699
1.8414885050248437
1.8618459351003167
1.8162575424678922
1.8595723097595602
1.9012082120329832
1.761251634409937
1.669697617024837
1.6279423460379967
1.7597999049103903
1.6100616919497255
1.515474959870754
1.5552146597279717
1.6164895294296209
1.7548621851252004
1.8862047377361575
2.005128107328581
2.1268393253005895
2.258101411993657
2.4148102027844063
2.4017333911146843
2.405145370826234
2.3731400615524514
2.3209212728660873
2.2835810582370457
2.2551053353470993
2.258624786291499
2.2382445963034763
2.260821408527486
2.2606402030278088
2.2910955025164736
2.29245185995175
2.3546881717760244
2.3849842032394335
2.434591031513986
2.459574328699071
2.5558534817727248
2.5958075681808963
2.6002912117645343
2.703842949083785
2.6466674474034897
2.616534554616976
2.682186964347019
2.771925633441441
2.758954984857755
2.780167042469317
2.743752747639973
2.7379666565992933
2.742767192240149
2.677127404806046
2.754633349223205
2.756084039801814
2.7583499260205846
2.727451417538532
2.6918068760271994
2.628951800347358
2.634643460776129
2.728413401143959
2.739623045267002
2.716650875257298
2.7136174986892136
2.723427313558612
2.6929005171162963
2.739821891690945
2.6683668184338196
2.7363703198647826
2.726506464671952
2.7666645175682145
2.6866428684421857
2.754956057590917
2.7229599646178846
2.767840693828897
2.6834211182113763
2.750847758715981
2.7820462550040874
2.733008892988388
2.7213397014825533
2.736183491581081
2.7529616112876263
2.726286283179623
2.76440865192387
2.7662082524457707
2.7802183311681343
2.788713453798734
2.7707894835988482
2.7366373350927566
2.7521590326337892
2.7896345408159027
2.737402690920884
2.774030576592007
2.753455638999667
2.7822846508771297
2.775872105237022
2.7371939183933724
2.711376807523979
2.7834331289782606
2.7829250992603205
2.7679899446711564
2.7178756424903976
2.7794114452534315
2.752203553162615
2.771044814571283
2.75918240214513
2.7543523222179176
2.782040889883856
2.7531309985978685
2.752635396191187
2.7524986479913394
2.728321887856415
2.7827138425876066
2.776226450915693
2.730763434406286
2.780090600581856
2.7834290228702776
2.750952061954572
2.727644107423903
2.7758562417879604
2.7894565247160235
2.762582955658719
2.7613961629232184
2.770158994253755
2.7777539953991686
2.754484839188706
2.780091430953532
2.7243928343080754
2.7809877531379392
2.753261777979032
2.781523522771141
2.7549457366039087
2.7639265968853883
2.7386766972830037
2.7818064846646147
2.778509107746897
2.7305955546509217
2.7706502316117856
2.7960271477165497
2.785268258392448
2.7147307263526805
2.7743817611103005
2.780374458512746
2.778534132820355
2.7681042396383657
2.7769510601712057
2.7667699294156036
2.777268663511795
2.731086281071602
2.784897071321392
2.780817703774474
2.736088500912803
2.7794729842373536
2.7743805396893464
2.7604415506356297
2.755792789897126
2.7590647008720346
2.776253934372373
2.7584285273673808
2.7798763236950963
2.730293411757541
2.750482604046276
2.7884271207223845
2.754156690113549
2.7499709579016747
2.7580740227500065
2.72405286476198
2.7751846651480454
2.78423457531038
2.768184462936363
2.722421043482772
2.679813024044232
2.727033456136224
2.773785460650024
2.7842572220704147
2.767184826952941
2.738209088715167
2.739479100350296
2.7566571741437897
2.734725494571802
2.7435287402363726
2.7630496944310146
2.708024414960063
2.7570359321892774
2.7645848402298836
2.765205103677046
2.781954688978425
2.7704355236865177
2.720674431547642
2.7689208647045893
2.788862445262328
2.6914427739318465
2.704389533541627
2.784754589127301
2.7514399669659104
2.780315153959232
2.7714111969564934
2.704181814242426
2.7576446768070104
2.7417673714808335
2.7815165796611403
2.6631738613013622
2.770121919706317
2.786487157929714
2.7797974119497417
2.733056000819154
2.7752065124560215
2.725613822287369
2.7529595256017494
2.765595857004771
2.6975703658261936
2.7503415336999217
2.78287055644656
2.780059214554788
2.7308711102937164
2.7829476026433513
2.77153851714493
2.728683528262329
2.7384225323249547
2.792680380097558
2.680548614268363
2.7640988363298815
2.760604249166212
2.7835319574748096
2.7709685314774166
2.7455808422697965
2.6517121565066875
2.72923245207733
2.789981246321612
2.6954122303826282
2.740262773455574
2.7459013634172864
2.7650050892874605
2.7789523231365045
2.7728062810661567
2.7238876063879056
2.763471283982313
2.761214255133903
2.7719678346869765
2.7510578346285026
2.7700663738511713
2.7207132822370435
2.7811742921589295
2.7572918227336194
2.7368983990655513
2.772126789167401
2.7482216455852115
2.765761039982959
2.766137128181879
2.7601637732729483
2.78210079576479
2.7640968367541667
2.757393994419746
2.748475927605651
2.7805711848927985
2.764597588549849
2.7196148763044854
2.769158753817598
2.7871506783749496
2.774033747980384
2.7147947155414687
2.7722165290985985
2.7802475032569296
2.75784705810774
2.775231770514088
2.7417838756478607
2.7740667499247587
2.7694853290754127
2.7814931300771426
2.7553497866437433
2.736998951671178
2.765435896886378
2.7374044930332344
2.7583971977973207
2.778948678785557
2.7657903946156255
2.7510058460110307
2.7773039101132073
2.7639834471452147
2.7703182942372493
2.7446214060450904
2.763927147152651
2.7541536594400675
2.739922908032071
2.7774513392005464
2.7683386033560375
2.7254547105929245
2.7561614245917214
2.772683467081077
2.738450006253119
2.761297684816119
2.6989047613457755
2.781182774711451
2.7794436668338633
2.764355888598226
2.7419619460026907
2.7362013050417007
2.7791100724768962
2.7718464714553686
2.731273627067032
2.77517276064469
2.7568118941673787
2.7591030953883164
2.7561255509799327
2.761321639409324
2.7670800229880914
2.7292077196058195
2.756444868347907
2.6030168926211643
2.721616011358512
2.7428708653562754
2.7438379689835664
2.727565017976084
2.7620236947404053
2.751935797659651
2.7059994268695906
2.7423896094114695
2.732829993175473
2.7412723832641688
2.7309819664694337
2.768777947886156
2.7207990394657697
2.7393009362279583
2.755270797784064
2.747954866791779
2.7628132378297456
2.7428270795517
2.7540891300961845
2.7449422432662955
2.767811959137053
2.64726565201076
2.690858128192664
2.7548185774553082
2.7579002626551428
2.7183845988165305
2.747658780327206
2.7589896111716614
2.725478763610981
2.750841852466375
2.7330167247005366
2.7449643407066735
2.7479813716597143
2.6941818925494387
2.7182182501171344
2.7359637452011776
2.7741939687865167
2.7654736175003936
2.751120835190142
2.712100857146472
2.7609799788565765
2.7528432538969745
2.7397331032575427
2.6611614444871288
2.7414552882480656
2.7583912814009452
2.759410117745307
2.71762269868767
2.7702640546998567
2.760337240555592
2.727186601318812
2.736307449705064
2.7526732650378682
2.7548142323502622
2.700486543130781
2.7275238966878432
2.754000332464264
2.7631149068269947
2.771695627857965
2.7015130284034017
2.7632105926990844
2.755003860528641
2.7603762067234907
2.7453285571635653
2.766150968096466
2.774697847808093
2.7176550598634917
2.7682453492896677
2.7568747971806795
2.7467733548242514
2.763033981675899
2.7108116734307
2.761199087336396
2.658047071378094
2.7283727956327795
2.749744672748683
2.7732876269792435
2.7503884826570406
2.7517498327489713
2.771544357732197
2.7583515178178275
2.7267181492189216
2.7240067983247434
2.785061479562703
2.6965755589035454
2.7243883216510185
2.7634156486732606
2.7790263072418617
2.7679967027227192
2.7261858451059866
2.7717409659089873
2.7592407804848005
2.716270792893282
2.7714041162962424
2.7661607399177326
2.74892350223164
2.7760480529726195
2.7561384370962156
2.7619995766912764
2.7262053518566276
2.7815168859862816
2.7703759154582714
2.717870372403391
2.7755679467082133
2.77998474824147
2.769325568264633
2.756174567458337
2.746565953129241
2.7751528055402503
2.748116447148107
2.7746011464025315
2.7531076463881377
2.7647624873157173
2.7326518914136035
2.7748802871914586
2.767280722772252
2.7264273393641165
2.702406927240025
2.691894276182204
2.76885280057866
2.754857471307501
2.7653348467456036
2.7561767476802332
2.716926415530332
2.7535832790768877
2.7773038925858593
2.730413730579915
2.7567909458835325
2.7342278797910713
2.7530776274937727
2.7700019559472144
2.741314787103375
2.7411433850204996
2.7575323579325755
2.7511592755514704
2.77405245133923
2.7648095992015196
2.7457384627007184
2.735008627715028
2.7642830567288224
2.7658662665441796
2.7330429005323396
2.7792675568292666
2.7463028294905705
2.7530747116491954
2.7352333627099887
2.7542026321982016
2.7645251162213116
2.7214814833642214
2.752925202285425
2.7164567368304353
2.7734574969589447
2.7667914763961696
2.7335378449243066
2.7210772880458505
2.7701020107392695
2.766996825058596
2.7311489283669332
2.7618392621452017
2.7449060636017713
2.7509401139211023
2.7269343479415187
2.7599631164195104
2.707575514124785
2.758906631077443
2.754877859386866
2.737966581364971
2.7620648555851863
2.7478002555162453
2.7580218400562524
2.6892135409771902
2.7442729411832683
2.69775047876728
2.7524865796901237
2.7483234389731193
2.7373212948533796
2.7500844443281474
2.7435574514738614
2.7475595983416934
2.7693798300741617
2.7538980407401135
2.7116387406972535
2.7485415290490662
2.7659685049840017
2.7547497278385777
2.6959898976263963
2.7554284261164756
2.7481324276487293
2.744508162246365
2.6913106480343263
2.7528681301742175
2.7238180310287476
2.743985534116539
2.739736372710836
2.729193353818377
2.752701364162342
2.7629126310879655
2.74914469248428
2.696164949451164
2.742729193285308
2.7589980601645627
2.7240716786066157
2.7497841348101018
2.730368898546082
2.717578541347339
2.7593525150690827
2.7492295105542506
2.7259635655115737
2.7252724396690287
2.72868336065752
2.6991753616208527
2.726796748015805
2.746365410061178
2.7376500901733762
2.7174608378770593
2.741835471184045
2.728169611558099
2.7166460485467328
