0.16792586687489575
-0.039262403091785816
-0.009457568932054556
0.09901116226196799
0.28245508751363635
0.43671266037081763
0.47813565309507416
0.49370372232236015
0.493052307118665
0.5208222942415116
0.5087655386668557
0.5270803952302815
0.527882765076903
0.5190174021546361
0.5007860786204706
0.49767818629189575
0.47563813927676024
0.39869627624192944
0.3925273219141645
0.3339427194042088
0.2872860067050624
0.17368065155664902
0.24525229950837912
0.39058638593529343
0.2898463234280116
0.2958211740340878
0.2186765725628403
0.16978955543203292
0.1144134900441505
0.20614904298006945
0.25108271472956284
0.1261251400224098
0.08735455170697458
0.079428375728007
-0.06625572834044113
-0.23005902580475887
-0.12637258578585953
-0.15231612783214765
-0.08903207453428777
-0.08296164247716846
0.035947263574445075
0.18700272231113865
0.2869658167103038
0.2980811272215722
0.373288017417514
0.5311129499403987
0.6035320764246762
0.5151342127016969
0.4371632839975752
0.20592824362387124
0.13796308481414638
0.18892139090234011
0.07156358142724503
0.06948145203861103
0.21514298728646952
0.3813703115634488
0.3990337274050128
0.42958591372897503
0.4249984946002716
0.29799597032677805
0.2554720154427495
0.1999485178909493
0.03565666040503654
0.20046432590612798
0.1456875822576724
0.2250248317449621
0.23621637380287175
0.19705917690350994
0.1282217439595159
0.36782452538046734
0.5921003451157827
0.6198585093128213
0.5657759025425142
0.3934425641972893
0.37009034000517455
0.21837307768596922
0.4526326790118932
0.6311302907267651
0.8272287518169628
0.8778467226933847
0.7582737858421993
0.8293506473560697
0.72623450408239
0.7494548040852902
0.7614217278963753
0.41206771710711626
0.3299667695164255
0.32696846583025324
0.3815304229943304
0.27244778634760464
-0.15572910014485614
-0.4062222166739119
-0.6069881258453155
-0.6772323353053545
-0.6384627324797503
-0.5529103928557678
-0.5875231365862548
-0.4862774442476611
-0.12895593922410128
0.023979911159224977
0.13315709770835252
0.3282488154909787
0.4783200438838411
0.5779939443157629
0.43285623182482313
0.5097430664701542
0.8671359673609571
0.8857550397517119
1.0296257781634492
1.306535837600742
1.350554994552427
1.136067352688474
1.0766134802167233
1.0691175877896344
0.952329936502657
0.9704246537836945
0.8520517375067581
0.7761479376442675
0.7573479090426669
0.9899590239760572
0.9912491492726325
0.8166685906794967
0.9477837156655691
1.0403315023297182
0.9228199011986915
0.900649030958572
0.7587471488132006
0.7474092360506996
0.9044073401025452
1.3477612588876189
1.60765885748756
1.8975968926357
2.1647826696738677
2.4529295091353083
2.5277261809397276
2.487138066457187
2.8684983560875157
2.9542935491267515
2.8421751363301304
2.9044053290756473
3.0656824951777115
3.2164984468355517
3.563416126154763
3.7576184222891236
3.7915615594528984
3.6776792208189395
3.8215957918977534
4.024319785757144
4.070990317467067
4.073653718875366
4.287812338958175
4.677825992551778
5.13040348676984
5.469805817153673
5.552881413336788
5.600142822220529
5.6635629592190275
5.630058187072703
5.748867715097111
5.808750490684758
5.993435441158467
5.899406572682819
5.973330285995234
5.862150406795454
5.783472483333074
5.9664718736271745
5.959940171569159
6.278560267620012
6.481346592677185
6.3455639441387985
6.382136191152584
6.397776452352039
6.397325951834839
6.450098330760498
6.505516630163824
6.5538339218147135
6.483798249984261
6.589085084942562
6.6805922288815305
6.6209537896669595
6.673740076941044
6.625688250105823
6.624975135385522
6.545748119735142
6.4701412613747
6.117600664275425
6.30956648434164
6.357174233505586
6.530379265451961
6.5326628904242705
6.629244790554587
6.560090397468119
6.475468662410103
6.52329592723854
6.525326250883285
6.68541690673795
6.664924150477317
6.552399954106705
6.535223125687703
6.645023637902191
6.489294291436761
6.469530056180374
6.428497863231975
6.284468858544017
6.510965114592597
6.501568572845765
6.43620431017881
6.634319830528511
6.387496590214347
6.459364627646643
6.505391875467016
6.35285986861608
6.268260520825942
6.3521197542422225
6.537831025816879
6.330474838560397
6.431300324235029
6.590180541027028
6.542637352865523
6.492503765690946
6.539168481762085
6.504300555819942
6.540149234362334
6.520605863938576
6.466346682252574
6.473777077062931
6.3920696149225975
6.437408686537651
6.379081054672226
6.571602273009937
6.65563898074439
6.624374519604107
6.61858844977304
6.781965525658215
6.615225788950585
6.72676970258766
6.600485322341237
6.59229537530604
6.603296836190761
6.508839525979756
6.5737535264185
6.650955300236205
6.641140299084238
6.6956041154103305
6.540288028292828
6.56008948247269
6.599398715123765
6.423331001302139
6.500022626477285
6.566087795296254
6.488854168254968
6.591290214161968
6.446983431570009
6.330358855702148
6.350437346568283
6.351806390365457
6.404858169561667
6.259306050330185
6.349064595505231
6.401988548404515
6.158205301563063
6.127869343675559
6.237015466393705
6.248099736722784
6.221626991340714
6.3155904887548555
6.380759813874918
6.4719633390183775
6.32443520326366
6.367379817965985
6.405768447465432
6.3327264929891065
6.290524434640811
6.442457266145223
6.519524760117123
6.601194664635213
6.592135356627621
6.484150916886795
6.486176021700403
6.418921629810036
6.598154434573762
6.601658584800516
6.666647701746005
6.564064162263974
6.6275298537692695
6.580437796251877
6.6076107368645145
6.608234031555795
6.6617118626534975
6.593805778498587
6.673136496286845
6.577603784391313
6.453820986154159
6.411557760766495
6.426367803140256
6.37463259276695
6.3195091224546625
6.2135415722032326
6.1799047373701
6.440393856342627
6.383218713002558
6.350584883958987
6.163477539371325
6.179228653119762
6.164445918971872
6.119359705152026
5.9777239642207425
6.151552153438863
6.1217075390076
6.03941257715763
6.1283038665984835
6.127944026293751
6.247434820828353
6.191519251190202
6.0730453955571395
6.007354701024533
6.155903623316784
6.156316759563956
6.134966962852515
6.29774239577702
6.496990058336532
6.637394393860511
6.574383506285236
6.628412790971501
6.620933646289646
6.6331964652780675
6.504656063005233
6.53092927121864
6.506066391579186
6.457055029904529
6.45656338251016
6.482856239143827
6.595698279369786
6.653370754427362
6.515795192356729
6.669077898614721
6.5927065860787195
6.464795863567356
6.332003289341664
6.268888598598648
6.153099948163939
5.9716760514796325
6.038712122525076
6.046081405503853
6.1547239182441285
6.277011783519229
6.257111405632433
6.176644432479995
6.205726998113932
6.127884377642355
6.093931610169299
6.075294586707215
6.116671662895638
6.15626886127417
6.137704051377702
6.256421958314067
6.198782903470103
6.246009230450102
6.1871216010923895
6.115060113772058
5.824930363315466
5.64500490127564
5.6217535370563585
5.903009249171887
6.023391313268198
6.190418502958026
6.322884820014897
6.515676569808293
6.530768779330104
6.532305159963432
6.648041597566328
6.639796382715895
6.595615187064706
6.509573133979782
6.499406553644828
6.6145766913551345
6.669630851939714
6.592088545462309
6.635524628357967
6.721580538403057
6.650576378940948
6.680175952710511
6.561808530902426
6.626218516836686
6.598967869854522
6.59250969637769
6.620734600869246
6.531614326644579
6.498349540807905
6.53796944839512
6.6608756288519935
6.47734598975908
6.384211888777475
6.346412910829818
6.247838102904654
6.20600902897012
6.444300014900957
6.396669621750899
6.41363821525714
6.472690735348315
6.515790881139387
6.514647703732687
6.593933759620313
6.558828821117252
6.525021028300655
6.627926754250845
6.640226528994012
6.625998017729405
6.6186614996667625
6.358378061554582
6.447714502059289
6.339043293633211
6.281054575706135
6.0706758989195375
5.999277013044932
6.145709843522688
6.2610138565187325
6.206025264774983
6.4503016688665875
6.506553184121162
6.363386461648179
6.5024403660447225
6.4695577123835735
6.297176736086051
6.386964391012268
6.4142254206089016
6.394854821831718
6.207616905507307
6.124243174458054
6.06987740192251
5.960507767572656
6.053811871063085
6.3054108802509745
6.383368953327195
6.507197141693439
6.219274498273187
6.1065000897973025
6.051939202240854
6.289207821948647
6.255149448458469
6.194454979364706
6.14445242056692
6.080301307111109
5.9384629042055534
5.836873084544594
5.828896345624653
5.83084311000194
5.860653009595896
5.8131748686217986
5.722649421067672
5.7607927267330385
5.623401679075817
5.616628631482586
5.703201370163779
5.670373386704096
5.5901026625562285
5.483400685439736
5.370493554872213
5.35947438677176
5.368754393114603
5.197104557416983
5.299170579929787
5.526328453620139
5.690124229497178
5.764945220053295
5.734716757850893
6.010713314674996
6.0098097971362225
6.119765287757682
6.197637497679597
6.065825211510319
6.19730991026584
6.327221079021226
6.453690815476432
6.327428127669062
6.48872918898016
6.603129989594804
6.532783717320073
6.447240178807708
6.44410054381361
6.572880551101362
6.523562213806944
6.38391422387733
6.419076094089016
6.598989933912857
6.449333844904815
6.49412904761311
6.384805611535789
6.331291306010912
6.285686450045026
5.443231019720924
5.402542021054205
5.459706298448025
5.396080527095621
5.33648502579252
5.10277522146197
4.852171140566058
4.862913266900603
4.77852001501286
4.777356762578254
4.850305293509626
4.712275625445262
4.845796138817581
4.868405327236753
4.620698964128269
4.565223695518234
4.5812603270966035
4.646832409462879
4.636335030323202
4.609715311742709
4.746991802536315
4.780218084643061
4.844198957374759
4.820489335431657
4.700434826366401
4.716112463475685
4.7511939207887375
4.7779470999212545
4.685569734954143
4.581154027166809
4.566426078232294
4.593047232556542
4.609090901873982
4.432395042233958
4.315783273802992
3.954642073953625
3.9082722359388935
4.115360069047894
4.334616928038734
4.405398411307477
4.5512570012384685
4.548120323272762
4.737455421314279
4.755722061819772
4.867281311592905
4.966427139339639
4.976130726247526
4.9593693405535975
5.086762578660492
5.097589750958394
5.0885501592983715
5.076405308092644
5.007593139540649
5.137212526385736
5.305391009291509
5.37535410883368
5.4142143262155376
5.4920709583133025
5.452181838314686
5.66757329946001
5.629610250012278
5.621516044418559
5.690932328447164
5.691807450338866
5.657269858855029
5.6756306795250255
5.631896898085306
5.592023316033196
5.648501034477008
5.634138094871169
5.592732866056127
5.667414919929574
5.434404131755216
5.573635938137471
5.358442007407629
5.334962185685235
5.4331274813855055
5.394261812815297
5.343396505020188
5.456841106503073
5.3479372435351245
5.258879316369664
5.412554636181697
5.467978337374287
5.352324807188442
5.352382252700238
5.241360683000908
5.286209608135558
5.22495592653969
5.1553067649809305
5.077160144531702
5.100592120682222
4.888411511476078
4.918680698580549
4.934501444671882
4.775757930922607
4.794901603637028
5.019145639409078
4.9604967656024055
5.062015960032311
5.208661078830499
5.1732699511159375
5.32765603780792
5.38433250041466
5.187788607321643
5.334984927906014
5.271625479689253
5.189948269673685
5.404025204056529
5.438894520080449
5.290423913507811
5.314137320137802
5.123970301639068
4.978037266684676
5.055208518167272
5.152373250228883
5.111813048724692
5.309625701451853
5.185630154114166
5.122906418568614
5.124725862799445
5.145746100102972
5.283707216731739
5.117489078689828
5.194591351282031
5.198142814852933
4.937759441227541
4.917388607664965
5.005807996048395
5.005466361563893
5.111716617322735
5.229469683308045
5.185432937713814
5.087674323280968
5.167566776619131
5.3636191584347515
5.347583388501536
5.262150166224416
5.352841405489094
5.3560644486730435
5.4187759954851185
5.337810569044646
5.411764933058771
5.346516860004224
5.476968046460463
5.521717207867169
5.614874727158253
5.5085793604569355
5.611320609785457
5.529049962156202
5.4639518632351916
5.43808964030716
5.269031593192068
5.353334955638709
5.426568578334895
5.459302503283473
5.362560392999734
5.383599410680738
5.317990136301883
5.355348989162251
5.4879320994087495
5.535418897449636
5.567072369060536
5.610430629207346
5.527194881320185
5.590570890498919
5.567422893305556
5.544913361360564
5.584532595291262
5.579212638764352
5.474958531519075
5.446323543844537
5.42937659147698
5.491622590612367
5.560556772933893
5.549135722658439
5.537834426249195
5.5612891783322675
5.443570457536512
5.302691701907716
5.321585763266585
5.318083705652658
5.207922179378539
5.005126491187228
5.142019916923333
5.242711518785387
5.019317072712702
5.054732427524487
5.24071863314997
5.300235188116313
5.272666630326236
5.445627631556406
5.382765080891081
5.401141743811897
5.353308151337579
5.4393510043802165
5.471536051600726
5.320622729718818
5.452324127419273
5.500044810727868
5.337887028893707
5.081160147995615
5.330627933532468
5.384593039129106
5.300896068181114
5.3407604033105
5.459856867592273
5.574795385288362
5.566918866063876
5.556308628613797
5.5642411282983275
5.556081796124079
5.560492675817192
5.596872024392412
5.620784119398783
5.565929610266063
5.625139937558895
5.56430397494413
5.519236585530764
5.451397105831048
5.4951289187533146
5.505114745080536
5.270675758309217
5.177183418842937
5.325261133048716
5.270789689931738
5.468001879510679
5.564544692588452
5.609087331236855
5.573861910403978
5.529927091628902
5.45705877473951
5.5272236240475925
5.529463276880671
5.471811121454055
5.498241334515012
5.5779045698144385
5.522713655634168
5.454244902590762
5.394514480961213
5.2468029368744125
5.397558143756198
5.473385856440786
5.660686038836964
5.601331040032128
5.471446323711629
5.490829743384602
5.40897522249259
5.310317937995559
5.371591383399472
5.339789845876953
5.332858405675588
5.582458068466992
5.565276841744078
5.4007460311235
5.447442009372846
5.518395547549062
5.476094899426691
5.425942265252063
5.399711144868562
5.3603344348280935
5.449964135125405
5.432888173824365
5.485258713877251
5.322568100530669
5.452763246025414
5.510591619980968
5.528517395595134
5.558085555283373
5.591529952851181
5.590799385943301
5.5412271543470295
5.483331085017706
5.401253509004098
5.365877593708672
5.243225326997419
5.0078487780562195
5.092212286031159
5.030973356971666
4.888838579948379
4.981140623634926
4.961561410081181
4.740078468279313
4.719801315450853
4.552349016404541
4.3825087817259964
4.303917155221313
4.362635408464675
4.567497813268082
4.8354524200027855
5.036806784366664
4.959820354789972
4.823902666728481
4.883727934085098
5.046366936074997
5.1518829626056535
5.180781627938315
5.111238032510081
5.1016816307787725
5.26481771961596
5.345529406975317
5.180628916798571
4.942178669459409
4.871035879609077
4.676016658524825
4.687608650882786
4.710884867636979
4.744648417367123
4.5962415728480694
4.726146211093294
4.7746458025601415
4.843193275172253
4.978946212224775
5.08926572667509
5.122621257709402
5.1798621921953485
5.154184531721856
4.996904184055527
5.210349539725323
5.223318961617277
5.2232628725638115
5.005471533403039
4.842541476970484
4.7757770279312
4.645798600057612
4.784827003647055
4.744276356597887
4.6390228021423106
4.9820489319566
4.952529978232714
4.973878477725952
5.082146897742929
5.07989389757233
5.0022044647422135
4.980295448819805
5.095895341685394
5.233309913705271
5.309579312828228
5.398689778526196
5.433986931657607
5.419590911896796
5.393375496021722
5.474047127116071
5.342528634132602
5.530272941826513
5.654547717323435
5.485084493694285
5.659794949575601
5.578872678160929
5.571476083050784
5.522143394337747
5.571081309198284
5.5447128775242485
5.481595682704969
5.534323804942257
5.596525065061735
5.729042861343188
5.637434098369799
5.640667520118262
5.518947788695751
5.601652863825709
5.557907166771901
5.739338010409454
5.555028176224093
5.5373136278093025
5.424498108570194
5.486780059137979
5.442585526939318
5.565895257767349
5.591264016105283
5.589745525637626
5.509158231091544
5.6146447034938936
5.5709448752913495
5.5675131407988285
5.482097518960899
5.495099371553744
5.514249876692909
5.4425253413561565
5.428784448342586
5.307184854016366
5.364539667872131
5.3463068687078295
5.399541152786389
5.1677557247485515
5.404654056900166
5.399590113771691
5.6364074871729075
5.67784130079406
5.651505507428533
5.695896640912381
5.5632193402861905
5.684042361832248
5.550377302956317
5.625084214631586
5.5187316387276955
5.61716934840452
5.506039111321237
5.580818345762173
5.402257489653405
5.466504923942555
5.613976639844404
5.49720539194924
5.503455957564427
5.440022262156828
5.481455319384889
5.380585249575031
5.357054625985369
5.435378769069447
5.558219774702012
5.53785012749089
5.553696667530897
5.4575173751294415
5.410866361846588
5.617188901908889
5.584843163993274
5.520363183709183
5.50783943915613
5.390227111805737
5.41713360745801
5.465390245804384
5.492456033710505
5.395440229127673
5.329770299919692
5.385389623144869
5.322272118279345
5.2612457252556695
5.107299095075096
5.0977375739991775
5.211404947947917
5.171700055840756
5.124362473185548
5.084868924939498
5.067206458244816
5.01415267571288
4.929660719830288
4.783294968075345
4.855463334331096
4.754950741908647
4.930715034352708
5.078125905410786
5.101067751674102
5.169412420925139
5.037906086063364
5.0466141999585385
5.095173141068251
5.0732503101480635
5.093605053024217
5.146937338964757
5.125926272881916
5.196971345885726
5.1642096268079145
5.2227351506789255
5.314725007296797
5.268916742519821
5.3742914367176216
5.320331143739471
5.374185656144744
5.401587051912639
5.460072753093142
5.485213893478504
5.374635245813447
5.5042222163942345
5.485452135839216
5.47465762129668
5.558327356063302
5.5024244556649595
5.426620254981731
5.488658641187672
5.533547733501755
5.536075365631966
5.59680572898087
5.569650545592647
5.557190511027076
5.553758977887385
5.484925503487798
5.449944291951816
5.612423878846762
5.503491321689808
5.477160427956033
5.538390640605558
5.477125575788514
5.410206411702421
5.322887738523557
5.404471139638177
5.538874060987982
5.475064384956101
5.443931088384477
5.52718091434785
5.47461857927295
5.580183644326862
5.578410003159977
5.409765538309043
5.595925479834699
5.51568324120244
5.509872806674059
5.438349068074035
5.448442710550139
5.479161155564923
5.4725614088174375
5.521754482120082
5.461394448589588
5.475182232427913
5.509675705358887
5.5592381318103685
5.470580583000978
5.527315575452235
5.497780178393188
5.566777340059937
5.597165839344973
5.460666089037519
5.467165527817188
5.479394338133663
5.4460743307054384
5.3504592504637465
5.261984505302284
5.4197412701642165
5.168173660732952
5.233225006209891
5.262612647263777
5.202720195394079
5.322317543392503
5.197341838899316
5.331523856287313
5.2940687582088
5.288789566925084
5.238152055400861
5.348390689706808
5.480207359599055
5.503722631851788
5.58276484023776
5.490218747326558
5.531312951961213
5.336439355078211
5.452637799624253
5.560685991475015
5.4173459607752195
5.396485229025099
5.265853363734086
5.348906499994126
5.413249903769326
5.335547285600358
5.302424224580088
5.3513325457829914
5.406305135048024
5.486701734302923
5.4826918298329455
5.526356321677456
5.502664039328172
5.46114139567287
5.457363526102816
5.540988594411122
5.528943515931571
5.584954070684935
5.5404246899272565
5.328337091908361
5.369724809776442
5.45292511605524
5.4818788652159105
5.453085245328043
5.477908205312386
5.552004277483929
5.5046047500381725
5.4810216277129395
5.546376638086582
5.6473107472628445
5.560191757660107
5.442741488117135
5.486834106726511
5.561072247636969
5.460346545189372
5.491293602675521
5.304320766839302
5.383373496012927
5.530434900134441
5.4343806453087
5.530084136679795
5.64770737865663
5.582153513828343
5.49931336032625
5.537660495739087
5.398591032656749
5.388705786982209
5.413649684603517
5.317327228513795
5.315939275638324
5.3040320122241065
5.367606100528516
5.327376945904211
5.385086718615427
5.355580120312359
5.460584326299179
5.409898505762535
5.330291352889146
5.179315081181194
5.066560773944081
5.0855902017192784
5.0571248581273505
5.09662820681443
5.0763524805926545
5.0134353729261285
4.887087356463634
4.8962032741872585
4.8871394999272715
4.891451060180376
5.045481100893597
4.9350866285321455
5.007880376639363
5.096064322412224
5.123369820681141
5.115768597012492
5.151715081857405
5.289147397973201
5.3504281670115095
5.239933269504052
5.228026992258335
5.1721163605988245
4.986316806393693
5.129490603552722
5.282285202566239
5.377874220228738
5.133773414442592
5.449998387458069
5.524579574308816
5.3587907223533
5.414289629230176
5.389523942666269
5.259962140527325
5.460964417373582
5.4364186454948795
5.498257846147966
5.4763579049936935
5.428360061767783
5.481574943459089
5.301542666264136
5.221439042832522
5.344580700078898
5.486421118107708
5.555735673244328
5.5839785928538666
5.571116975181368
5.542656206788439
5.464740049127508
5.405980668854152
5.550913389679599
5.574549871653066
5.580449685615446
5.3590346964138345
5.468566639029328
5.342103116731839
5.480546991055353
5.4739145317252245
5.401925035623666
5.2701135938935435
5.347490081834983
5.361043379445916
5.294413424385883
5.269272346175515
5.321828603426914
5.4602884590803935
5.29721674950662
5.328574938823646
5.491904625892945
5.473202337060818
5.5875205571791255
5.642660987203238
5.550103704797859
5.494358836819838
5.524057903633093
5.518231455326773
5.633452090686428
5.592658662189138
5.657114655260795
5.666747666795588
5.59474225308681
5.626481268851576
5.632115760276955
5.614114000181689
5.45631244624952
5.622896741506855
5.570948363366813
5.674174118410942
5.460096843868423
5.493682532403859
5.6351883609121725
5.555709510022798
5.522442923169421
5.524122097130035
5.4674971687889435
5.3461276650998
5.477221549957696
5.382880242607455
5.589787969310741
5.538127345807502
5.418202947248203
5.470282983246986
5.471155994585433
5.528365564444427
5.566629507768312
5.543636756214443
5.629366268354065
5.543422337624688
5.574917768641186
5.581167210377222
5.529079989650537
5.60108114304139
5.587034063134333
5.609447549089873
5.570348388903024
5.334523208935982
5.584698646288087
5.425421309425352
5.383489435714583
5.300106078961822
5.483459782298842
5.523957539614344
5.462613857888646
5.542193294992801
5.5023425151260925
5.546699327687443
5.559830994424458
5.49256981082036
5.578819894423423
5.414989853935849
5.236470647342479
5.458147043989966
5.348305771812432
5.41287426093958
5.535840049476147
5.5569939785090385
5.48447467489718
5.464015542124214
5.338719041181078
5.449982171455913
5.33387152099452
5.551965745346775
5.64756020941341
5.693971794780489
5.593982864581326
5.521060651972203
5.586943188374278
5.56691953669399
5.602403255670704
5.483505348952908
5.701463543684842
5.540196099690336
5.537716672788113
5.615666325759491
5.619112337854949
5.497011916382942
5.466506902994781
5.553868504639527
5.373696637224871
