1.9395801570165374
1.8415790978644988
1.6615821581808703
1.5039306686238187
1.09960917463642
0.8863225038706443
0.718568514054678
0.41939820217103774
0.04391300339398714
-0.24117537756665727
-0.48127280719937376
-0.6609858898446547
-0.5698761592664976
-0.5594500638923094
-0.10008512435108452
0.24986767139891855
0.2358447882353198
-0.17633027114432626
-0.41951740392042086
-0.4541249951712134
-0.2711482580964909
-0.21550096846180136
-0.033573687028692054
0.22926687434620627
0.34532606258781867
0.2990461952842043
0.5442948252277411
0.941605262112254
1.111612465878204
1.6617642565611015
1.711282734067512
1.7991350093403753
1.7858717693658703
1.8637255389476928
2.0151837522466627
2.314244708547527
2.3626739062887054
2.122868076338076
1.8134410050663914
1.766921937481295
1.808672471569142
2.2125667293154123
2.3758554216121164
2.033711155329247
1.6771864858877632
1.8815147558989578
2.310009767021371
2.7064316663941845
2.9564705282842936
2.9712597059594863
2.834173868503728
3.2421790829633608
3.5314004445804104
3.1786316508257975
3.113151140515428
2.7924079580530066
2.1550222360074986
1.9744618350589782
1.70403754739479
1.2738637270294852
1.665820416098746
1.9806177830204734
2.257104342728399
2.5034483263988565
2.7939489509660875
2.7320951374365805
2.865359726759516
2.843078662675718
2.8873082894146975
2.601400274306814
2.816089589446117
2.8115031888059567
3.1870307803302964
3.579188472783953
3.838771272283447
3.7581046541566323
3.610350154829528
3.388012055888474
2.940292357019177
2.9382599379656966
3.166635506774978
2.9668551596027113
2.6429850064940283
2.475295041575583
1.7883476026877978
1.5756088588665178
1.570199038049709
1.8070888429280678
1.8496944739821413
1.8193140917441495
2.0523416543399025
2.4592245547358886
2.74620227240666
2.8868521304420893
3.077829540611238
3.345708973398922
3.42451857711333
3.5085742756623683
3.3148249035554316
3.304441229776809
3.526228655759634
4.064666544937741
4.476012498775367
4.346710371033198
4.0237718332031776
3.7317519255438114
3.7775261733472627
3.946418137082729
4.12503562720727
4.032752408899656
4.492735018498621
4.5491781292892455
4.454529353311549
4.523706245316767
4.552946962903556
4.563664675020381
4.480893006582117
4.6615331431418365
5.061986427639029
5.302776992665612
5.161901372061749
5.163808609455301
4.975005033186128
5.003193268107404
4.793834621206114
5.167692747399869
5.619646318545759
5.638460408091644
5.693159389239902
5.5697298679215965
5.627278439765907
5.994142076955558
6.2671456691651395
6.289871836657802
6.3432710569157615
6.309307438513146
6.464356562594263
6.388220666456893
6.282458031637718
6.078472259296886
5.550898815730809
5.802047616053167
5.904187772306895
6.0640595861999005
6.364927317614396
6.22723861203015
6.476981576059866
6.4865190021148225
6.39729300063437
6.197109903987214
6.486114398415474
6.5091632613395545
6.5742735327852255
6.655107926451239
6.592850151535129
6.4376352734428846
6.378531687641894
6.535658309692555
6.6368414649194545
6.506154384638807
6.662640240127769
6.567688504332514
6.549177264101445
6.465726870200984
6.465903160792418
6.4222325903002595
6.505095433175899
6.418972268178964
6.480590628576737
6.462953086574063
6.567913345056584
6.689277840162495
6.539382433262462
6.331912828180693
6.227092013989571
6.446792913983738
6.302692901473155
6.226838674078421
6.26152240023334
6.299803765799605
6.459702108790074
6.1839180004415155
5.932612585814518
6.208660285612435
6.571674576838961
6.4282813829905
6.306862614874067
6.405968591138643
6.365035400557673
6.5739630017776225
6.544372356751812
6.344232824343704
6.090600164984676
6.121694273792737
6.266722276526534
6.235568130795039
5.817633288155984
5.875496440056257
6.236501068724148
6.2775040076379955
6.212306605958666
6.181656205351151
6.512102273702167
6.522928809676939
6.456731093183981
6.301561945722445
6.544268704619208
6.491611962102016
6.445593118161926
6.264864584683186
6.392865637104545
6.3761628444604606
6.40704586113476
6.075337657042266
6.125131969890494
5.9737684538456675
6.366940101631963
6.198258426896461
6.090683888540279
6.312976955421952
6.164215998798795
6.16135466981711
6.037426055260161
6.225922352890504
6.35976910652425
6.430260843962654
6.3972995812445825
6.646375237925047
6.71134515997381
6.452915732103181
6.4489629864384
6.407955329849878
6.478679759938238
6.207945214549833
6.253034965492896
6.337014886791916
6.3332460935328365
6.297727891097251
6.143090481711821
6.2089306582090895
5.997778023598135
5.554473111314737
5.577827818831453
5.6759235766030525
5.76858098029999
5.686546681053676
5.6638896227548345
5.882877379549226
5.630692870827625
5.53204859545656
5.603835380914838
5.732370583862036
5.965266841779919
6.129887568849787
5.926610325985509
5.881663814148193
5.4910935606188325
5.602234524540693
5.330885410830055
5.535914347906181
5.422868855279466
5.636797674613453
5.408066078452729
5.615403109292827
5.567319187914722
5.194649760616796
4.9811113214717295
4.762054952453406
4.546461580957887
4.36387316863758
4.595750312577592
4.569386614114966
5.1007651177968585
5.653348766974384
5.708812515587768
5.596631317782217
5.728512396818621
6.055222133155967
6.120609201159569
6.404028837364473
6.682834349312924
6.329508713447377
6.438649585988296
6.367937276030796
6.116640029441044
6.035830729421262
6.172996313034527
6.225656868039827
6.176520740381923
6.218644638036523
6.2758846163574376
6.159795281003179
6.069478469359792
6.166881209504619
6.316609485778442
6.12294815134153
6.0859584660409185
6.126613590116227
6.160022137869754
6.1348975071603125
6.180812714647283
6.145592575437639
6.369111322574188
6.2236144227346495
5.894409325378498
6.344889352037434
6.438036093368882
6.218598290411338
6.091011761022996
6.364386591745057
6.495555377851261
6.1940867916843585
6.4106672358169
6.484997380500192
6.476488551470155
6.007646306941881
6.066521829268346
6.166914072883072
6.184876057071843
6.194635234585162
5.818279329955247
5.878189785032096
5.817654459181737
6.277930004873235
6.3730267868124155
6.413519441815884
6.403083384000615
6.478840671565365
6.652877760575629
6.394422102337151
6.544093085949397
6.65990903527878
6.548422748882258
6.69396370174772
6.458524759529979
6.5513315731619794
6.281254607569525
6.201523217495177
6.298791999232626
6.35381313229184
6.3718030978044125
6.468230382776808
6.342989015228386
6.529902331346731
6.312735180075576
6.320994612612113
6.395996649826669
6.242126871635652
6.240248195022113
6.028968159910621
6.312051993166785
6.402462805734051
6.501012487531381
6.308879312118368
6.68930962631193
6.569972472839313
6.4823808958163935
6.573818617219958
6.682773218561941
6.698023421743872
6.615683716236285
6.545962982976574
6.624248602915616
6.527851146367121
6.452876331284452
6.690293246208088
6.712058685228456
6.4187188705153035
6.6771673139126815
6.8199798937538745
6.492436136905555
6.479282212798284
6.726452054528309
6.54306833328342
6.652316970994056
6.713403897842426
6.607483356744675
6.599099110039324
6.726554682023533
6.557313058933383
6.5906479074414746
6.631181161728236
6.502861852169732
6.537107069220928
6.675615505929798
6.5447984036389455
6.393800104820704
6.670194967338179
6.619873593374014
6.537025974892754
6.3582513078819405
6.513484702312536
6.4492524950442345
6.645640842309893
6.531758680191925
6.5464391520066725
6.271601834836351
6.4378309812256775
6.355901862162624
6.448852402737236
6.477719615660395
6.355404936958847
6.740844263371383
6.575573334277395
6.469296835475947
6.5919881630485975
6.537531835331552
6.424622705601138
6.56456585588378
6.538647457347208
6.290071410003913
6.382663317875726
6.328615485196794
6.126389376727616
6.048379731464038
6.053600352468275
5.852261147581727
5.646467572674199
5.774950339983904
6.0920605556963405
5.91095666149564
5.433119351526027
5.52635802904094
5.821947552454992
5.7376162137035704
5.824770007037719
5.966186206149749
6.392809918396667
6.555072600972264
6.463673225352518
6.398316246388886
6.297175381204087
6.603619124358765
6.5140593078241125
6.591951296466322
6.385902306959298
6.562730028540566
6.234986871760411
6.073854871945661
5.927034586043822
5.908142970208357
5.71872956492653
6.083727360442907
6.052236951462103
6.090720808313981
6.038873362111959
5.964839822902702
6.183905067723456
6.192045598132955
6.183028963875927
5.742868193777835
5.9605487556509065
6.2640550707343134
6.023759285067807
6.1447161050116375
6.569600238560459
6.422789171470013
6.227967986367993
6.545121625533786
6.674739125552461
6.444881122714007
6.262254702464657
6.72804973099918
6.509486933736082
6.427709369654626
6.486432942865586
6.537173261028878
6.233368899971341
6.139102333691747
6.25740509653629
6.45601819528787
6.524620310778388
6.569348990159364
6.322784911789926
6.457908059169125
6.178070982390478
5.84471193383532
5.582725077524239
5.588885984242193
5.72856383271282
5.758790071581458
5.860715718751371
6.029545632882683
5.927222089077933
5.641740201916226
5.3499333544548495
5.704017999825745
5.89242435340425
5.602824699195493
5.247239542465953
1.5488183830451716
1.6157536127412453
1.5720257945053304
1.1580155151204186
0.7383459461715572
0.23707351044799166
0.3716471993442404
0.4765408893711943
0.5572642969561112
0.5403775444995196
0.6206223865686663
0.603077730668474
0.5717668512263071
0.9514426049551007
1.2242748980099503
1.3807519380178583
1.4321909270684468
1.7196378611721415
1.7564668449147447
2.0246324239389617
2.0832577432011825
1.904701411499336
1.577644305829343
1.1531935008939365
0.8338623744025713
0.5567312340442924
0.1917044732400063
0.018363810785812305
-0.11160928432295844
-0.12381578370035129
0.07868096153184975
0.40429818044973975
0.5280021533312512
0.8472825259181462
1.3307562592723143
1.6691608848023705
1.6085177995885478
1.4395531328892777
1.1704871414899964
0.9865082918281705
0.7854585495723023
0.43326055920386947
0.23605175546412052
0.047662977715055364
-0.09746413053163097
-0.1357993474881583
-0.09024478575633595
0.04416153811250141
0.2439991404960691
0.4850303016495694
0.6699225793087611
0.8974273099606439
1.1402360626669128
1.2351982940245052
1.2363380086727436
1.0832494374026702
0.8179327354799806
0.46955120991868726
0.18374763203426472
-0.16528308182463017
-0.45090196133910754
-0.6445681479916202
-0.70135594393616
-0.5434747280635805
-0.34288396437290114
-0.05303087177864332
0.3166853613319293
0.7758564339764792
1.0690529724168798
1.2902230800344452
1.406709927908939
1.3740602413565106
1.1739809677239728
0.9773423416332393
0.7286652931364621
0.42986865712666356
0.15372109800598038
0.06645783450055091
0.04194870880460666
0.07124864596916436
0.1659569135931151
0.41679208205426965
0.7900329017489057
1.085554867464094
1.2116699911628679
1.4411231833444318
1.6858700342759483
1.7704147796732854
1.627686074955895
1.35738038744546
1.0440628487895283
0.7394729886529082
0.4301164447442779
0.18314736440484758
0.029841540365407225
0.0029419080707746128
-0.0363558235868464
0.23290607724173784
0.5405950781218871
0.8757619845603151
1.1662177858161167
1.4059054581884947
1.542947114286689
1.565422276154385
1.4634148892542924
1.2851841715857875
1.0004577104646835
0.661337983264876
0.39059841814295515
0.1477124950740441
-0.00579403137824146
0.010797767981556471
0.11671548276041617
0.3351839265929933
0.6099160950645949
0.9089618645057059
1.180453859642114
1.4033769178782443
1.5360150041480587
1.5612619445753775
1.4620844367722974
1.260467263700594
1.010986393111973
0.743967723993393
0.47229476634963197
0.24281305239938755
0.1254673427423222
0.04550941216620288
0.20515265688041556
0.4266981213375198
0.6946287843139104
0.9798534587399425
1.2237018701465892
1.4154637799193925
1.5069229666485506
1.513928795196281
1.4529422010375952
1.2148271498649243
0.9908394204587327
0.7398561369266632
0.4811534427712842
0.27116873025584437
0.145992988796743
0.15084849560451297
0.2500251476017327
0.4262887382067541
0.6596016143836373
0.9337573993449373
1.1743595665320465
1.3597325585607118
1.4312248170676154
1.4630069786168145
1.3686905740644413
1.1818256694760148
0.9283762170112348
0.6733465218995563
0.44961543379063096
0.21007176906500993
0.14647788511128274
0.1320436929618697
0.22645279187496142
0.3978028720537014
0.6349712018689491
0.8843837261565589
1.103409903464222
1.3081049016356439
1.3506127534805508
1.3776005494880135
1.2833226168046479
1.1019405643136184
0.857733832890802
0.6197551873099159
0.38242578460588705
0.22060748952716835
0.07840969261629471
0.1078659673190124
0.20343295705364292
0.377457019828752
0.603018696343639
0.8397735982520007
1.0485082163633612
1.2132085690947503
1.3059018321256606
1.2703414969992772
1.2065738338268803
1.036867767925926
0.810501722455079
0.5893887154762737
0.3681316497933661
0.20270924060278808
0.13072991784976504
0.09256057442604511
0.20542965021926501
0.38702559353196314
0.6031286807947523
0.8242554387120308
1.0151837381960556
1.1654010652941937
1.0776650123314617
0.9085181242365883
0.6861945984469149
0.49528574207552745
0.30673727561845976
0.300383052806048
0.3558152633780212
0.4546539484561722
0.5972341578640875
0.7293090792292365
0.8345221280650061
1.1973334205313866
1.4516206902559028
1.5754217825319257
1.5719895877956864
1.4757114085694498
1.3060821240199132
1.045586319012341
0.8748200073535184
0.6956864573110106
0.48955868399044017
0.30878263519829063
0.1590129444388792
0.09023097278851473
0.0884670486501198
0.18014891311564887
0.32189132112426283
0.5040885940488216
0.6953661952875729
0.8741441355833816
1.0055719495593585
1.0553847294347252
1.0578832623598362
0.98497425072441
0.8501252447790074
0.6680351005923739
0.45572100598392246
0.27097913982874616
0.13359040046254883
0.059045943769358705
0.0697238082965691
0.14989722559341553
0.29230094384460753
0.47762505915330805
0.6744215790148251
0.85474190347965
0.9849495738304394
1.0288664996489822
1.0202511355357597
0.9335083443144964
0.7829452625347909
0.591571864483121
0.3950676993591559
0.21541670382579206
0.08469034860712564
0.02329157185210854
0.020349365131872195
0.08071004377788345
0.2027449311705472
0.3685669577339615
0.5560235550543939
0.736052375080154
0.8805212536365363
0.962894810640994
0.9429517394937033
0.8784437460951242
0.7520933467369655
0.5811702242683603
0.3855116541380874
0.21773959193577935
0.08955113841913664
0.02084298313046824
0.020393246895654575
0.09079294413884895
0.21945971548069856
0.3978920861268032
0.5820080982214011
0.7450925299273319
0.8598072484511761
0.9189840559633466
0.6560084087613414
0.3585562404905024
0.06603470294337396
-0.15482838048452904
-0.285118931681672
-0.3115422524438609
-0.3411024216703741
-0.24871940984671373
-0.046421541809323494
0.23743660547134943
0.5470004489621904
0.8407186451088476
1.0659158431209288
0.9973275078854144
0.8322870720390265
0.5923607522799175
0.3532418631686422
0.13659656324710195
-0.03373589088675102
-0.13167694809858438
-0.15122844968579052
-0.10753365030535733
0.053215078387608326
0.2723183765198127
0.49926295571085755
0.7020206539675462
0.8547994344785563
0.9547054564679127
0.9981647503021173
0.9245332710127505
0.7727394697133445
0.5774998820655192
0.3470535309611405
0.12004649195713482
-0.04945867508253432
-0.14203671013983943
-0.1402552004450826
-0.05881559926823787
0.08629265932997897
0.29110572214142755
0.5305773636709311
0.7411233394522315
0.880210925132378
0.9626288571284911
0.9856417232828159
0.9052466552244164
0.7405213922057642
0.49324518467908474
0.2500627207240068
0.05032096494497189
-0.09951012599794966
-0.18548392725014867
-0.1979143951546145
-0.10316934715638548
0.06344558191719481
0.2671257128197509
0.4824743600998248
0.6793259069523854
0.8409133540562468
0.9377397915345809
1.0454872547811949
1.0351808344780071
0.9158916920183362
0.6832435610328526
0.43981380451090574
0.18715942027527363
0.21211895978582426
0.25763824875852587
0.32384660455240805
0.3946011542712939
0.4639901666285171
0.503981334987522
0.5188181594963273
0.6751370175810515
0.7872982481482834
0.8305683245272751
0.8012291571311868
0.7084857706668896
0.5515393738128542
0.36517699452561
0.4370942024658106
0.48631278346005435
0.5035065604108161
0.5147629735169417
0.4973220557142852
0.44867330783508097
0.49760326355493756
0.5336717694850963
0.5514412633456567
0.528403628067742
0.4707455400883103
0.6537269732112998
0.8070661031277249
0.8949065425229559
0.89305428817725
0.7961732600626328
0.622135583744738
0.6270990885678941
0.5889429765838109
0.5037642313293369
0.3877443989438142
0.4544164918217189
0.5165100164885207
0.5461319481224237
0.5398126163283099
0.5027143470468539
0.5386493313639124
0.7001876865840563
0.8085782479376121
0.8330221456096316
0.77095709512817
0.6379203336899698
0.4944068705204733
0.4007180790224593
0.32617460043707613
0.2574038029854238
0.35455806647386395
0.2592069096543127
0.2668098248968474
0.2964701163664124
0.34041207807087137
0.40499109233675307
0.4695996622311368
0.5198877484135037
0.5395087872068904
0.5257122692720821
0.47868115956305146
0.5547707467344718
0.5908827343348488
0.5735449623139675
0.4667959922469562
0.3312767144312993
0.40990077749803877
0.4735248020843744
0.5055504810640554
0.4951772666540905
0.46107601984547336
0.5995818985621354
0.6963389342013897
0.726997017349764
0.6860889419624834
0.5814796597897605
0.4641490734808085
0.3799088773947853
0.4820403431824201
0.5408949117170834
0.5451945703826155
0.517869564171525
0.48493133874706035
0.44007487111757804
0.3570424200998293
0.2751483367389659
0.24985708512691016
0.17965807533739486
0.37185302551318233
0.5422447469813774
0.6633790236013475
0.7342299088218961
0.7118969824013909
0.6222874113501161
0.4781523525437551
0.31121391276861227
0.2422096652055985
0.23380397758688906
0.35625479425014195
0.48065432075357806
0.5772449582717406
0.6080718941425547
0.5973472182620088
0.5170675990997795
0.39303990731346145
0.3381678596201142
0.3282409685829601
0.4485301110719393
0.5448511505181592
0.6053716355417776
0.6198289911052398
0.5819017224411238
0.5559361650823692
0.49665008123014664
0.37543585438099003
0.2534095450466966
0.15800537565225908
0.13787348021881352
0.1416139463925358
0.33139391948414143
0.5057020973600767
0.6505089146003451
0.5273959677611239
0.40590047130109747
0.28417678990143386
0.1855534467086631
0.10657940399420598
0.05195877185776636
0.01500867200990088
-0.010919435463638116
-0.010146884768402042
0.00871216519348641
0.04722068863136597
0.15539924115419054
0.26031679516978423
0.33329357488732947
0.36871876013684907
0.36892373366287246
0.33540852957261624
0.2634960555491694
0.15263491426734282
0.04129835432006566
-0.058818802851401494
-0.148161269612135
-0.20138482977719133
0.06725918529519577
0.3532908151921404
0.6138376972426437
0.7809839182878027
0.8640035807539441
0.8632484958601216
0.8279724467086096
0.7171819517149152
0.5123364815716006
0.5148105060774497
0.5134991910790452
0.5145766740002078
0.5506110298699074
0.5336918634682428
0.6789420798432513
0.8250413822012472
0.9535409053777645
1.1394156452738018
1.2375205735926453
1.3174925075179356
1.3147142185711655
1.2544516084643547
1.1582331483697401
1.0093528688047322
0.8505555608839618
0.7099664024023175
0.5840657109497289
0.4947391506399676
0.44229407711200963
0.4272639986389648
0.46220841875358576
0.5331136022388223
0.6166911522906744
0.6765071667590915
0.7304634440003086
0.7435482480376288
0.7027618997755767
0.613099547332391
0.4813014785322186
0.31069193375628973
0.1461694174541916
0.0034221415775660185
-0.11413180315337532
-0.21939224809853228
-0.2555809233397792
-0.23179286190403542
-0.15554080183158178
-0.04999886853776886
0.1027245551217876
0.2387308127193296
0.35552367082493663
0.439948392674545
0.4844791898104303
0.3285593063533361
0.17345074319353831
0.03970728976603484
-0.05922648062040832
-0.10597973601898243
-0.10051234892708108
-0.045594956159516364
0.0267150704125374
0.13257171490345554
0.1990323016889488
0.30987639286994034
0.4494210172196646
0.6056905687901285
0.720719896649352
0.7814540266102161
0.7641455719262078
0.7076778870832083
0.6043395834828582
0.47396805243136914
0.3100480463838702
0.1848368682486848
0.06943323744244552
0.03738508229390769
0.058851957639980676
0.25881634145381166
0.472604257868125
0.6968946118116103
0.9020348849029274
1.0723527788004732
1.1465547706866739
1.211660435868446
1.2131133016861346
1.151419400141123
1.0235142203241956
0.889434826523132
0.7524877503222397
0.6457744312842753
0.5939972393760076
0.5762784767511722
0.6032642514271824
0.6632262421329045
0.7658420489507947
0.9083110509841916
1.0481573753040836
1.1326121318657558
1.167414194126013
1.1555165645565904
1.0872115536882798
1.0157790220879555
0.9001326162631968
0.7530954551205036
0.6093329734239984
0.5259806140720952
0.5228711148173448
0.5517714196234756
0.620573626102383
0.7236022663028523
0.8740312771331045
1.042762193004688
1.1650230688148215
1.214573811648093
1.2570607940927885
1.2238571621700058
1.1422474836540792
0.9947633604232926
0.8138356988840425
0.6017683728053346
0.40635161288987665
0.25324898565117876
0.16691987595023638
0.15875769131679096
0.22292251707372135
0.34012887196015373
0.45974830993333704
0.5665316793878128
0.6628255863865589
0.7329461233180592
0.7385489140372206
0.677545198142535
0.5813233787114005
0.42135263715530363
0.28971659340923095
0.16086429906338662
0.06380306807888259
-0.011549611637116274
-0.020490283081558758
-0.020948708041984343
0.034840077355053366
0.1167086011094205
0.24267579026195532
0.3731571578469038
0.48401039929702494
0.5462386496699491
0.5595473001176702
0.518151505240463
0.43304444341980347
0.3268528709346584
0.1882751893233122
0.050459929919149535
-0.023551829432755335
-0.0651949873716009
-0.058922752937167644
-0.02024603261530187
0.06139038505649701
0.1862947264527902
0.320062742513859
0.44008652418231564
0.533608450820898
0.5839787147697797
0.5650875124168597
0.4982538734668661
0.3987354514909754
0.2612685269183707
0.13186281453079332
0.004681179609417008
-0.06942906560383086
-0.08978983383497034
-0.05929367064106543
0.023536487501653002
0.1360932435675787
0.2652484558738408
0.37774387040842455
0.4734194639431569
0.5565905964589621
0.5769859710444096
0.5838150892384425
0.5360785817816934
0.42082939882807036
0.27483229206428045
0.11798143659260082
0.008304715752880831
-0.08354296175548281
-0.11384961802757951
-0.09853188863961275
-0.023988398653194666
0.12452487576218996
0.28322750620583387
0.44039662345181324
0.561957039668475
0.6222571647817992
0.621205297189517
0.5548129359080524
0.46504063570127974
0.35450828468396206
0.22359353940095578
0.09212188406488223
-0.015276379563814047
-0.06823992484678483
-0.08339927779943519
-0.03880595816569388
0.0590418984303894
0.20820909971834478
0.3350889320908624
0.4821042837318411
0.5912202822662443
0.645277885467576
0.6453836880688548
0.5825251528700843
0.44973766769748497
0.29026789054188706
0.13818365791360696
0.026693260951139487
-0.0640045874853735
-0.06421251443651714
-0.03647670911713892
0.030564027108230363
0.12315656570910827
0.2505615265042172
0.3820946061677403
0.5052776102783503
0.5945054046872617
0.6276185115293527
0.6036073118063734
0.5256327785441215
0.44313373546701984
0.3216122577789201
0.1897887889036479
0.04703280363879081
-0.05618049106076039
-0.07050898399822074
-0.016194476978401172
0.07813849343407098
0.20309478905218753
0.3574358777553378
0.49139936525792793
0.6047399868453919
0.6787374231815253
0.6834731464670463
0.6523918252649814
0.5493487159224443
0.42391008127280577
0.2686328766921803
0.13733159882689572
0.04995310046375021
0.011865375854222116
-0.011630385871865467
0.0031087491321457605
0.08118599701657665
0.20991891027142415
0.34169581813574773
0.5173158106028994
0.6499383500889983
0.7001213094835428
0.7070745168589817
0.6406265522789555
0.5429640520768851
0.41444027138103234
0.2676438215623434
0.10309427374097027
0.004591121177806556
-0.05372708739472039
0.001395559176303429
0.09579925850011337
0.22268026714650133
0.3548342124657143
0.48434867945689286
0.5832323542980534
0.6529663394395048
0.7027903477196364
0.6877672217413753
0.6041194529647491
0.48975949194553686
0.3611361840539674
0.23381674360932908
0.13387326800273636
0.05174539248336378
0.011426191134765507
0.032888499131032756
0.12120243904414794
0.23501588049118
0.36563498217710183
0.5039646473880319
0.6176756847233171
0.7146803530665551
0.7420019645054369
0.7136555115123773
0.6184190501082182
0.49700809834126003
0.3749102269611062
0.1079879475079526
0.09419300511562731
0.15268769472462873
0.2288481397469866
0.3388741509352383
0.4339484022667445
0.5528930620203459
0.6697681524355217
0.8210866495700969
0.9320555643451657
0.9954211922262537
1.006622948724202
0.950673139206659
0.8478299229561731
0.7346907111992843
0.5858257491483906
0.5126586693453816
0.4567294632162214
0.42218430104171506
0.40802241849853366
0.44682618322892836
0.5264170466921306
0.6412305087044584
0.7667155957106804
0.888529101987599
0.9704117625584705
1.0280525149303676
0.9977177200980203
0.9703069912727352
0.8768524524052035
0.7370233383990963
0.5986470155479453
0.4757805675998913
0.3686284240295491
0.325842904310946
0.3353024487878917
0.41379381807904164
0.48140581204180305
0.6400351832335451
0.8004684104824824
0.9247675866854255
0.9993394715112529
1.0323401185995016
0.997528695465262
0.918397560452396
0.8014043435311855
0.6867443556494626
0.5636417623888835
0.4296011524789332
0.3357472127358211
0.32364258346916974
0.3540971601022619
0.443457882301982
0.55219301922328
0.6846525797615374
0.8222831803956263
0.9528868630865202
1.0418924488731223
1.0467919253799836
0.9912045019778599
0.8894861585740819
0.7727879288706678
0.6375299580434136
0.5041151450506439
0.39349178489878456
0.3444493397653162
0.34869745010360687
0.4144619070607857
0.49492893453519227
0.6050294570788421
0.724609272201491
0.8489379668515186
0.9568729738767018
1.0132781609304353
1.017442598974602
0.9646842221471518
0.8643708514309687
0.7397751358535198
0.6074548730783239
0.4894620147436499
0.3829005411647789
0.3290989777045833
0.36741249978602325
0.4310658671980393
0.5437157658890449
0.6775308760086667
0.8069915609556805
0.9067299947589604
0.9943199070354494
1.0019483227989483
1.0425359757884558
1.008096086488583
0.9064418971815513
0.7588357106462158
0.6158302967697272
0.47503892275201576
0.36519017937445597
0.3184593142809293
0.3182557775491718
0.3701273874779356
0.5089962443653704
0.6213059347939958
0.7913283059230866
0.9312280869944803
1.0190986537974203
1.0539388299389856
1.0247330843746971
0.9251661145360749
0.7832981649987893
0.630756267148312
0.4997135783040622
0.38750288764626883
0.3117540845645629
0.29327639967348257
0.3282622720424103
0.45276005091896104
0.5800647371779322
0.711774005307274
0.8257337428913474
0.9212218592465754
0.9639412311748469
0.9704661721670953
0.926800314522864
0.8346110743035784
0.7044243004629459
0.5612034314103964
0.4501023090854087
0.3545453061386157
0.2969683581826654
0.29034465149737365
0.3406570173990562
0.43282599631353147
0.5654929460040583
0.6538237517427663
0.8283782486355389
0.949099583576227
1.0084091269619997
0.9840033576018214
0.9131838462567344
0.7977772943635596
0.6677147731867451
0.5296455578682407
0.41437127523672357
0.30796932424237095
0.26948593352787
0.3020212276080853
0.3738052456560008
0.4697517305610939
0.6128247580727493
0.7549378982262241
0.8944635406364465
0.9873204631499516
1.0206224077720993
0.9988151068618955
0.90479193152612
0.777718319661892
0.635066615058787
0.5046288085291922
0.37380941217136804
0.28834782856806707
0.28638634658199635
0.3293013767189879
0.41745379791246495
0.5441052400401836
0.669043962692838
0.7975663587751379
0.9006116068732184
0.9745912661959368
0.9925616916350786
0.9524714653352757
0.8401821685730105
0.7287735343525632
0.6073169154104561
0.49151531812207966
0.39113798799807864
0.3305843604334453
0.29822591126638515
0.34775650921101214
0.46265910231348994
0.5886763559513666
0.7109533827612828
0.8200537304924842
0.9529567469333197
1.0156570474501159
1.0194668912745353
0.972623716404733
0.8583015955691105
0.7127872699279629
0.5419468095093544
0.4170721205634192
0.3207265026325966
0.26887277014372657
0.27823027699884123
0.34062126048238317
0.47845251527656646
0.6291526643633512
0.7794257762126209
0.9191731959862783
0.9835681812531379
1.0070020909513016
1.0058973947986949
0.9589455968581937
0.8385253439683718
0.683191433458485
0.531865670343666
0.4143955191866165
0.36796616221788997
0.3485946212855959
0.3715166502783481
0.42786561350381724
0.5384766628681156
0.6785311246589479
0.8356124718902688
0.9565804627219808
1.018489103851782
1.026634434493938
0.9793717876505983
0.8985119393271392
0.8020512029072353
0.6535175542651448
0.5116535140180675
0.3947965053850614
0.3286771940585611
0.32755219041001793
0.3911597321699998
0.4764640114732773
0.6048265165014053
0.7328091402550758
0.8577255742152474
0.9560230043952798
1.0251793444588948
1.0302045197546523
0.9886715305503266
0.8830537614497038
0.7478063426950577
0.5973510052450735
0.49726223505126543
0.4103002306894236
0.35866191606317716
0.350897696361441
0.392799803602106
0.4839981896035884
0.6223219178021802
0.7682436656636307
0.9039526926731742
0.9866400732250156
1.009344618561613
0.9826014793141521
0.9377358570291665
0.8446669211196844
0.722526876610146
0.5896060573238839
0.4541465176898536
0.3597191043896986
0.3530988110191739
0.3880168025708125
0.4546392521532702
0.5487083086387716
0.6700980853254331
0.8026865298208115
0.953179553562566
1.0443096480592269
1.0696814145720395
1.0106548084650113
0.9270572157729472
0.8039161678166489
0.6642893810196209
0.5656758189846813
0.45747007899126774
0.3802524847560343
0.3477008319654799
0.38715512015877984
0.4820009130023255
0.6299168636183449
0.7630263634832017
0.8871071740150207
0.9891342596835485
1.045918938660137
1.056881853280835
1.0078563367880193
0.9206838276320419
0.8005030240862249
0.667607140980254
0.5316019525882587
0.41690434907076873
0.342167036330422
0.33684867163343435
0.4067249799009379
0.518777471453585
0.6430934320514925
0.7674379017025218
0.8677855318551317
0.9513088846106688
1.015132767815142
1.0252630336629347
0.9880249448312848
0.8767834413554896
0.7322614583039722
0.5775759704482966
0.47149946229998474
0.38754324612767566
0.33066608460905833
0.3335374077921114
0.3860473439570035
0.4951933912489759
0.6478222819974453
0.8034392724938486
0.9555321132955328
1.0296881301616918
1.0478761096974258
0.9905124783594512
0.9165706303765521
0.7949689477290345
0.6635519220828072
0.5264766291058369
0.4000099440698531
0.31053711688362184
0.2985104406106564
0.3538187506130427
0.4612943549266058
0.575332446850806
0.6995470538547559
0.809973039443183
0.9358538790491282
1.004573173387676
1.0216236194747026
0.9793995962143265
0.8993977089963876
0.7827004968306367
0.653283737086497
0.5439621124050066
0.4380576521916231
0.3661666730015921
0.34263110998550755
0.38209064228907136
0.47264101032526173
0.5988559397692583
0.7352269307691109
0.8535055954599772
0.956891654363545
1.017123702491412
1.0400417552700487
0.9904907946431525
0.8850953381613172
0.7479233311642929
0.6027551461533809
0.4621316066021159
0.3516573355631657
0.3094152892601875
0.322535331647465
0.39018492737804283
0.48258932376381464
0.6082030350895214
0.7564862933135774
0.8989913480825245
0.9882864043139498
1.0116965462973195
0.974811040918064
0.8959215457455052
0.809045581437867
0.6799689682784414
0.544044917767688
0.4369133968064018
0.34328202961670257
0.2939656282344691
0.3348269548501636
0.4075167099210065
0.5109968182564565
