0.6079724842571017
0.7288133805008566
0.6239398198679951
0.4045786868969977
0.4055327601419155
0.3498542249592336
0.26093893186476
0.1674425440925976
0.06519053587896463
0.10204933942961375
0.0687872680688773
-0.055770332167592654
-0.29171047195158445
-0.5539339197671336
-0.4419823300337906
-0.2671199511784723
-0.16793743721653479
0.08396562186360593
0.08681980396429757
0.15673003540938965
0.27331052080698476
0.347094244966624
0.18731237609996057
0.0268863081530996
-0.06639556729523857
0.042684755059993404
0.13049482307367855
0.07296590666859006
0.396905688643702
0.49840242800428247
0.6765588385528978
0.9518909145075714
1.1499668620301602
1.3084264478982077
1.4055781802086695
1.5318510088136064
1.8074331043519032
2.260632563031363
2.396170424886283
2.339478805587396
2.3078082653799847
2.4864815454366958
2.837558905575551
3.077797170210979
3.265186256572883
3.3975543440351235
3.5079632828863963
3.442866241431097
3.485475580863225
3.4604665706806377
3.3753522479608464
3.609287069771601
3.8674659716343474
4.018559161880304
3.9259465597125107
3.80679445381992
3.8272743684500483
3.860110498392758
3.7196717575258322
3.8150099473381562
3.8950818521840658
3.9752481532922133
4.066983253629331
3.8992726015024504
3.9839309916821453
4.142394623890548
4.321903376223095
4.3203152881556255
4.291998273503606
4.411060763491141
4.398958277307573
4.401633208466369
4.258114082605528
4.094209213966917
4.042870263647429
3.8898924404072295
3.8494144684249996
4.0285649640012124
4.130299010376434
4.178292208581244
4.5225508909279055
4.673263840786278
4.80867823368337
4.872196559264358
4.720994897683902
4.7118252621542895
4.9153120212669
5.071838669224571
5.137526387837455
5.167883415444346
4.992050260384662
4.937184962790033
4.9929710686341
4.912190626773132
4.947970279183896
4.871241556770326
4.628913163213106
4.350372136425606
4.304834726087725
4.291052230399292
4.487860502524471
4.662122966027521
4.43200222142234
4.22151598371864
4.142953214216723
4.087025262317883
4.06078700614579
4.182663039636464
4.313909792627414
4.4961126526472
4.475472065273788
4.653975738703891
4.652860838593757
4.671169056539939
4.44915799906316
4.420237129173012
4.361944572359513
4.398303332786821
4.3424293300054035
4.044084497753302
4.296624839202907
4.585045322699455
4.907672045421489
5.057206234814336
5.044490772406258
5.026319855964097
5.059519564866232
5.0963119076869745
5.062779095000943
5.2877245373692965
5.274640253560107
5.239977723303326
5.144849517931895
5.308017808939948
5.3464836255146615
5.314842572192574
5.208356023171927
5.216936877314336
5.12822081193348
5.033507182980681
5.06818469838851
5.066824820685033
5.0168476208138415
4.99783343009518
4.77537484032553
4.5988100180188125
4.49067729029764
4.517536472096502
4.583987246361142
4.806294633961361
4.865750465780748
4.720590564492997
4.711593112884616
4.519940796491436
4.651863640134772
4.599638449855052
4.647734583775542
4.761491967076201
4.896531356205401
4.921344723677914
4.886130413850875
5.136806286748125
5.143753685037583
5.0177380505599585
4.925019848652132
4.6354363826374865
4.655649185529546
4.93934939857568
5.052822435928176
5.184734757017452
5.303403894344924
5.274330313202337
5.455012131560215
5.5666391788519345
5.589565208559175
5.611220279557152
5.550383233561739
5.5077930063215605
5.701399879347897
5.782066138334244
5.701823893482715
5.605027996495006
5.581453895389311
5.67874019794962
5.714377198921253
5.604093837987166
5.603517028294715
5.613827745606533
5.497411627044934
5.646806547557583
5.7745722197325415
5.716355536268997
5.695361161503756
5.59664091706842
5.505343337136376
5.422543647169997
5.449847772485928
5.639916685548262
5.58311000641452
5.541082383062357
5.612286987155772
5.615116286071933
5.40567818757521
5.486837367474283
5.556495291706719
5.530448862753404
5.454736083602122
5.359259036190507
5.319820444936381
5.328487735375878
5.384465040833183
5.435484087341317
5.525699177609616
5.499452568782553
5.587653622395792
5.557684485073387
5.527048710989225
5.57162538692032
5.502157024555759
5.434368318974001
5.562834876452201
5.57668317091212
5.713059862246621
5.665261141807282
5.5536944962055195
5.506886716217771
5.668224451142873
5.602575851345316
5.806526158648676
5.974626496659933
5.943436748137786
6.151624649752883
6.106637733188629
6.081309547895938
6.2444847026053205
6.1315764787792775
6.044270327063748
5.834976554395002
5.943016311506725
5.986182740199447
5.900600071358151
5.892156235057518
5.817662814083049
5.957046020633377
5.9563501215371275
5.903510487992659
5.827323602307104
5.960584922318033
5.919132725513655
5.915048992298473
5.8981327414483395
5.797616079110392
5.707505228410294
5.766158174225844
5.844462245714429
5.8095022705628505
5.751160312748104
5.759204226438376
5.795119004135574
5.7992211024459035
5.860881801487003
5.765997026698742
5.766757730143997
5.870396239453829
5.864815671664307
5.910148888155501
6.005209097947159
5.960564186948314
5.9019086413284585
5.918610540224286
5.917643399463982
6.073434851301377
6.105546902312933
6.100532138637357
6.053280442649413
5.920965064922781
5.964781211848633
6.028189223851938
6.093470804936289
5.956341009811601
5.8105741984508406
5.907127715231646
6.016362824820572
6.063507145753587
5.906868921609661
5.840954469961004
5.865730341476678
5.796571526796911
5.818365563784983
5.919965839207386
5.911664171434821
5.977980179895871
6.114119986970711
6.0484498080539355
5.82492831808928
5.689441443344361
5.773026453623458
5.783320402100369
5.72501414998226
5.640921994127964
5.558117764005109
5.678476193288444
5.693337872132028
5.709375627181912
5.686052736496888
5.839958096340258
5.76832991600907
5.706069833466971
5.662182021909373
5.524455346885033
5.489276352333466
5.539373815096826
5.567196906033673
5.715764057452102
5.6384343730887805
5.851216482878216
5.784554277776042
5.804564620113356
5.691877994878021
5.5827113568307745
5.681758097059526
5.724514302139357
5.6642097798377
5.62628516655054
5.62762634806342
5.6627494236798475
5.569075248718683
5.345398336964341
5.159797963487458
5.255912650967308
5.278295329048144
5.371891333856858
5.467318618632553
5.425583445668058
5.585755902296292
5.770670616796395
5.714480952417469
5.801409766336583
5.798356771739663
5.85023375659257
5.838816154670538
5.929202458449736
5.760127836202085
5.875527970341316
5.932728572804603
5.778086346574953
5.747740402467914
5.732480312234646
5.743873017207634
5.732839183760505
5.80052549066739
5.642964195107559
5.625314153708785
5.601680601779083
5.601564821702413
5.529124944818159
5.535883996207869
5.575434826953556
5.577961645573801
5.645330730410776
5.730813922873432
5.619827312414863
5.5943079669134805
5.606416642460253
5.436616430634428
5.32268046577228
5.29329406555506
5.419998135061108
5.475817059302487
5.614571107524788
5.582305462528089
5.601010017138333
5.767270277329825
5.855217206455881
5.669905774012893
5.645474370286157
5.81928032857724
6.037503638053172
6.001717147762527
5.8245332003256856
5.70271573424094
5.549678722796373
5.618853343496309
5.689596257755043
5.595508896813758
5.409415047102416
5.394386303093699
5.4875830374319765
5.403501204022704
5.392724476383564
5.411248457414156
5.549995098350689
5.540078596865312
5.468764283627975
5.382248357363815
5.324282636206321
5.430219446122003
5.447829657587108
5.441522198777932
5.308584852444717
5.387690742965401
5.420671247654976
5.470701503936066
5.6270160044286035
5.573138304761805
5.496655988489899
5.566239163113995
5.388921863930772
5.460328733476193
5.422198340055977
5.468895555805427
5.557066862236315
5.457245082032196
5.188453247252199
5.031162749813216
5.337452030427824
5.321244192591482
5.313683545253228
5.38024536892201
5.313592679306671
5.391617032858195
5.4172145079564675
5.482299200651638
5.475365699293224
5.467196135141454
5.536145557853287
5.5610401480959695
5.638967112360888
5.584103894237214
5.457135429874052
5.3765329471788
5.330279759956004
5.3267475464465335
5.303895018286003
5.4622283362424335
5.565442423579396
5.575913978923686
5.808026730233608
5.739663288755391
5.5017683923492084
5.549904972023182
5.6991578210829905
5.764273043964644
5.900138345138528
5.988120229814806
5.949899110098742
5.969816928976345
6.061253405846962
6.1458603949289525
6.124561794909344
6.136156930806134
6.203729766879394
6.243069068234446
6.233122164325584
6.08196554742736
6.213774837957785
6.383834846665324
6.472406929294148
6.429181779936173
6.376051569045846
6.577892280395093
6.479546843348812
6.427363785134673
6.369912270584504
6.428862497262032
6.395800346992994
6.501736838532293
6.571694082623939
6.4339086711326035
6.313780373958166
6.350964576798894
6.397207571308764
6.303920016528248
6.317173831283503
6.302705537585719
6.285159712514781
6.2123015555376835
6.311139040838166
6.278536158024531
6.247477401157844
6.322069464712402
6.2997667161503275
6.314550661058704
6.21083499331555
6.099832011609758
6.149328359114431
6.155093603656825
6.205586360994954
6.19035683729217
6.058460701411369
4.971369767945716
4.936556427678102
4.819377771859962
4.776199927952754
4.555301175178225
4.327401824848428
4.107508374273801
3.9434081319744667
3.9246773545509135
3.917135335042917
3.832768853956726
3.7968370416254276
3.7166094575998883
3.6173966779841145
3.4708448543563217
3.4562497833308043
3.3875654646690214
3.2762551476282455
3.4173782404028183
3.417779859898994
3.3383556736913906
3.466180919181574
3.5888677891866996
3.5860549396205554
3.3515042714176473
3.112422626380785
3.109881423497126
3.0670601304279903
2.8860643217056166
2.7344921824271817
2.7655755856356645
2.7578541345955228
2.7744970015888466
2.749929216549361
2.8267243906607304
3.002890520366069
3.226042123425651
3.376634210103495
3.3681505493168333
3.440857624614094
3.582923805423804
3.5011082712329404
3.3711790870579907
3.419384775201037
3.381713026939623
3.3963223678226244
3.4682092366086583
3.3785220966294087
3.2300828275857203
3.0803477064136167
3.089530610301218
3.2859610824470393
3.209552722192533
3.157339303558319
2.9506906672927102
2.8339641353045
2.7983488930264615
2.868013151558662
3.0260214046054283
3.2212602803809456
3.2116736666592347
3.278441766494497
3.4024277680899435
3.5594832838821917
3.6158195909481297
3.598455084321766
3.718860073381011
3.692531193604876
3.6650425623936713
3.474111577331023
3.4353242723506106
3.5168705137733536
3.459740726376208
3.3736143066309423
3.3764060309227713
3.4979143913151147
3.41603821558242
3.429426254582371
3.540020798111832
3.514515429904975
3.533837556528656
3.659616807548809
3.69844378800801
3.685227445687035
3.7986049244953186
3.771985731381276
3.7051433774055114
3.6515607249706137
3.5598120975932455
3.531761830614842
3.5758693447596492
3.5570972649919144
3.5171928019312024
3.637861744817591
3.5268401591991814
3.4800874800982613
3.468331254076142
3.584872324526781
3.605572467786064
3.6737346753256896
3.6466637746175015
3.454465163054373
3.3784033722674622
3.6690064323430898
3.9094646246380256
4.019740165479939
4.113349958431259
4.244476852817445
4.214669973675365
4.1073316638829835
3.9363449877373107
3.898699668588451
4.123986151562018
4.251031205210084
4.382423890765924
4.443292403980549
4.374698505107865
4.411731210348291
4.445126497473207
4.455157036753458
4.4741995334555344
4.681307534674768
4.7934581092963
4.793349257740275
4.68432865376001
4.650409326268807
4.52327534974704
4.386566754319398
4.298689623776012
4.0422501966969815
4.0231202766145815
3.9778785431579093
4.102657973181738
4.151578463072045
4.05866728128272
3.9693569166958143
3.9194160840545114
3.9995143545798353
4.103428562455876
4.188212609415655
4.312879535374728
4.497418402261633
4.481336864940675
4.322186502023782
4.29262724921124
4.404192713368378
4.587851445609893
4.693250130197988
4.817849815320393
5.057842527389745
4.950856473099183
4.935098560847489
4.797552351023659
4.664051451557197
4.673064633216992
4.488675403536088
4.669140032906113
4.642694484611649
4.649259013092839
4.73628767713178
4.710969651121643
4.746624972371546
4.595623723733076
4.483939757106294
4.424411381491364
4.3667206479021345
4.338123857307212
4.331576744911184
4.412143039818358
4.493818112824764
4.458599127473577
4.487349836424166
4.488380077331386
4.4316530031125705
4.538164343628976
4.502910869289501
4.502855597799425
4.457038724470263
4.468673250706883
4.449353258389307
4.422630753731899
4.382068367244517
4.444432268616904
4.527408548886117
4.527485182804346
4.64698533513146
4.717128078105118
4.715173814077166
4.873253915832598
4.969718292806637
4.957585494326199
4.832502195121898
4.7288637843967924
4.691522352963372
4.806369576770195
4.927029389393265
4.879309259183653
4.80239900477484
4.5251495784898905
4.626636246932422
4.640640374628314
4.507914593439017
4.487022854080827
4.469009868226969
4.419120335899188
4.319807299436356
4.367337762441582
4.472471194926973
4.504338055965999
4.511158862025035
4.492567293457259
4.605817511098295
4.7523681954392165
4.613545116962845
4.62995445497292
4.733204665089584
4.73693739691119
4.72625194306288
4.900079117283538
4.908840058834638
4.940802213615388
4.838549145128939
4.852310278139839
4.819759807822407
4.731879334893769
4.686023539222364
4.645062176726011
4.620275501365587
4.614457634021383
4.585572749705275
4.635654043506039
4.614095453903804
4.6551927233818144
4.62860482922785
4.6579719579249454
4.702384856546442
4.876385358363581
4.948764135070763
4.93432828862603
4.9018808315847675
4.768063223543927
4.929667769800161
5.014170510377206
5.0564355615807814
5.099060222665112
5.131188813339739
5.0651307374923045
4.998347892902151
4.940646833673022
4.933327188536137
4.832908930626325
4.771487863621611
4.744160028272122
4.77410750306091
4.828268789133617
4.8594662601448935
4.840192216107557
4.843705989583551
4.9345365118638735
4.962301847366194
4.854728390494737
4.825906252705744
4.73822849820217
4.78127828952518
4.845241608375169
4.910369782407801
5.015181534869156
5.066790406318386
5.050420126961944
5.096671809102982
5.010681383904693
5.124356288094901
5.132591316249643
5.122340755887274
5.089762641211795
5.1776957386483495
5.067888181890792
5.0237107011664195
5.109477899743407
5.033703718070132
5.043715780024811
4.925566587940803
4.978694200154435
4.97296492336098
4.873226664559786
4.712171844164637
4.680050731159472
4.773132643476901
4.835856334552137
4.78345016843494
4.826089510043349
4.8051614357265535
4.897054829624239
4.998902172959426
4.8959848118036815
4.976979946688306
5.095917557526457
5.231723828367767
5.241048245843847
5.265047081504574
5.366864868393497
5.351906665537359
5.345193646657146
5.297958493695569
5.3721562500115825
5.311985539176703
5.223981983898612
5.262671109004068
5.11115641434588
5.155225769053498
5.220604963336903
5.169367849447922
5.154888219528817
5.086293117667257
5.095705152052771
5.16767948099135
5.206967455226179
5.106686608255184
5.174483084270309
5.221533341877486
5.255612902565209
5.258381563425721
5.325389804779622
5.291674283624441
5.232888710704099
5.195499747016333
5.300256632238939
5.2898931018933695
5.322106778720135
5.342577025315473
5.3636697575530725
5.351310244535925
5.391168920450398
5.407295293447578
5.336800080044704
5.37373872003393
5.373057155970954
5.404967257641476
5.294558021068264
5.278683632537505
5.340082541155763
5.411234908946731
5.352936164455355
5.404239486801072
5.330455698912508
5.29635001545561
5.353111374572684
5.362220945214762
5.368646016973966
5.314480754845356
5.335245217271843
5.349386855883746
5.318485087154056
5.221798281884467
5.344250361906481
5.2451517322235235
5.23604704593264
5.271385084062703
5.253378508741155
5.209576372183409
5.168348961440737
5.273495102239345
5.235215050749737
5.237375056488689
5.3103875612389775
5.258053382756389
5.387497856420998
5.351915127830011
5.3073660393233375
5.380702868855982
5.4028977382912835
5.278933234560647
5.358153243479417
5.357540700652037
5.361407000398195
5.3436289694748975
5.301706964392832
5.214004116445356
5.343017467272191
5.364219153851678
5.299901389799288
5.3433340143000665
5.287621471079198
5.34473045856821
5.361283779605958
5.280043099656899
5.32549544012302
5.328468249439204
5.406250021909982
5.395233730403163
5.319359945638114
5.330400757461449
5.4268611405473886
5.368349191722563
5.340014546319737
5.299736155861724
5.3613863096455905
5.375719052989017
5.344666723991066
5.349623368512089
5.394709058761916
5.328126094729447
5.367872273353113
5.288523446734696
5.335022008011667
5.351746191975216
5.3827114709309525
5.323017105941862
5.344218494719874
5.315696673837551
5.349499046690878
5.3860232986513585
5.382290783590301
5.357587836043027
5.31894902119862
5.271187570348043
5.388398657696501
5.441594429926938
5.313246274998188
5.318891353993438
5.390789783285262
5.32108054150887
5.266905647065764
5.184376754638904
5.292790716704978
5.187916402546594
5.246936189576498
5.221033422490985
5.240073612053031
5.251956248075429
5.314401691544951
5.268094447886299
5.228763435952394
5.27327327491202
5.367453525542122
5.2831150342929085
5.27914097398418
5.240355323424235
5.24707921111485
5.270372101765572
5.373943667820532
5.35659342283144
5.299068146092403
5.349059114830794
5.400543310170065
5.393080269379693
5.32472856686111
5.334505847409987
5.248598288499455
5.290821582147861
5.388805822674333
5.377238501992964
5.3231523748847644
5.414476366128858
5.388028991756107
5.356385071642739
5.410544140500332
5.340353549699225
5.372526790091213
5.298060659836567
5.309804470455163
5.3002461654708055
5.184966691615682
5.318147886928451
5.2933363764540555
5.25617056684688
5.326959921217144
5.38436156378866
5.305627696377317
5.383595736919159
5.364551970790225
5.296159597081446
5.301980124108167
5.28589859474816
5.091948619027449
5.276559973292287
5.387679124894082
5.354748967277276
5.36229653738277
5.312496373104839
5.341340845337753
5.293880040494076
5.231443407613849
5.314409451761776
5.340724902652199
5.275448246467984
5.219996776829609
5.250279850645595
5.308384293394011
5.2272646736376736
5.166811251288403
5.26613949678672
5.259465228426624
5.21664490062808
5.259269682555586
5.29512963393027
5.291036881175678
5.23717627422175
5.360465626991875
5.211676794828252
5.2264664974280075
5.268993963011295
5.218588704997618
5.301594662119251
5.2616002431912445
5.261027433893396
5.2712941920109095
5.307560733552248
5.281540834562694
5.22809312955548
5.3369957849731895
5.305300159971256
5.2095735356332655
5.310514440086339
5.339188790208655
5.428276679191497
5.411531374155809
5.415505351637879
5.400116181771562
5.311972040740902
5.324952873840755
5.387661304764948
5.379386937585707
5.307132434084283
5.37996470300549
5.359976900114288
5.296361976179934
5.2633308660225
5.292196463714649
5.282531246841509
5.241805734117115
5.168105667027107
5.1859598820115
5.08461465246936
5.2698805242574345
5.255108015637596
5.236013231668324
5.214679720620788
5.217464823492763
5.291520404180859
5.188610415612581
5.214936084992302
5.148549474521243
5.192933969381434
5.141574936211611
5.316229051194606
5.2844451918446556
5.347486218358008
5.3526906133847385
5.393099303198994
5.409073816908826
5.392642231885336
5.303008898301329
5.334874529043471
5.401414502946184
5.342260757865947
5.390085523792736
5.350559668818744
5.286365741873883
5.3625601033246415
5.456654380939162
5.327961921927028
5.315942678981554
5.368943970935528
5.313381465821721
5.292346049835884
5.250385425887293
5.276618744001298
5.217056931937068
5.165345374769249
5.143976172745156
5.086161440569911
5.165706983674624
5.188327966062482
5.1483925836023285
5.228799347143347
5.250885710225681
5.251989937859523
5.28335302786463
5.333092758006502
5.265929584947644
5.261530193149319
5.344508627206028
5.345534583535259
5.305492274076091
5.2935118885274
5.325361000613316
5.262719993916841
5.273286228048413
5.248053450896026
5.181857183583833
5.2064646707617435
5.216911341393129
5.286664516313201
5.327257332321842
5.332333693008892
5.3442393571494
5.411230587463334
5.386935107482467
5.322241880201426
5.334868070335023
5.340944097866092
5.276977739873513
5.1742623870355455
5.204060337461734
5.211616782459181
5.182176675040971
5.2834169965388265
5.258846093271152
5.238807184193505
5.2420080561782845
5.233799278244784
5.2696643416296
5.265460764221837
5.2728058046591935
5.180782199920362
5.177490136616922
5.0341761151413085
5.025829613030859
5.09280728441671
5.041067487131383
5.090192692501289
5.080759051225051
5.088089490487842
5.084839471736607
5.0862656247412374
4.965324450898534
5.071850275194959
4.985555610071618
4.961126263783052
5.017506811531234
5.060597504633664
5.159072964811201
5.06187419007478
5.121231749021803
5.193745765439615
5.232863698086367
5.129485325795158
5.048533890938705
5.14671957669668
5.164783625510049
5.244854539274546
5.212751896881013
5.256179291651958
5.285303414871654
5.271979279207792
5.252651499459952
5.2866625895922
5.379241201007065
5.283215220455335
5.312770283999637
5.310630025895253
5.312877663554267
5.296412514210764
5.304802235153122
5.32720802078165
5.303866050870575
5.231728187236233
5.295006778056181
5.219087299214314
5.110045998995423
5.090992046126144
5.200285457223689
5.110513295035292
5.252071245531064
5.320189528797913
5.230059349269145
5.337235045652583
5.262911368097452
5.181908669313414
5.0804141506513165
5.039281303533003
5.0439650025938105
5.094840979902704
5.052813113642907
5.04549365923588
4.945184132924247
4.838666185031076
4.8824000824643665
4.937918610263776
4.887700310213178
4.71822571203528
4.7627522529070685
4.866088591636356
4.999486822217851
5.036549627834445
5.0927510965933
5.0364537358877
5.119465138664242
5.142678378556816
5.18572087458609
5.239625154654975
5.193855948181017
5.250872294103201
5.263382098521064
5.209877564362667
5.186081902807706
5.100412294135898
5.082929352327442
5.161424573047181
5.229139805670671
5.214725525905898
5.191479791166525
5.332048312793838
5.3746515460201065
5.312573565471539
5.33917757308069
5.295675424268663
5.3832287933570635
5.302734931284269
5.238813885570312
5.348199989100106
5.236488353481758
5.304085433725987
5.257754770260801
5.232541825603987
5.310052460174373
5.308597117526658
5.263282181038518
5.295055154990737
5.230151415447918
5.119923539335313
5.058508172391218
5.127706842952444
5.2135512522793945
5.300970782452424
5.298089581830867
5.231122882700472
5.216797960718679
5.147332781101136
5.177258474484927
5.141285320126501
5.051620396663789
5.094547981888797
5.019703177859168
4.963691747467433
4.950521584412618
5.008626478269536
4.983366843625162
5.0644182360888035
5.094941763900367
5.147232282487956
5.232225793894798
5.22855341564072
5.183888693046901
5.158589235218991
5.310641924881241
5.236424685635975
5.334496058544485
5.294119503102235
5.305221776297787
5.297092821262833
5.261065137722248
5.31894970899746
5.3238276643497935
5.2841250888129245
5.288882806483137
5.178794351617931
5.268300482711563
5.09729274885596
5.303676526611776
5.198277299575397
5.212617229390835
5.290491636196507
5.344051796725678
5.23957748693554
5.199881098551563
5.277508925798932
5.3594050014923456
5.2762465386937585
5.3466998416841784
5.367823208773729
5.306758047525794
5.215956565492387
5.278296579224055
5.254447543238371
5.3426367669508545
5.2124492751485105
5.318680393830606
5.299638905163447
5.198972597662819
5.176590413796374
5.247607013997106
5.264142050745247
5.206201142040161
5.254804436148251
5.2066301862665885
5.177155750659982
5.305161245606192
5.309143737946247
5.261396193444537
5.177330909022846
5.198112373374682
5.1752431270896935
5.195261339156259
5.216366793320524
5.231721215206634
5.214811560095328
5.184149090578441
5.269694370571582
5.273310828108601
5.272201135995162
5.255623456460385
5.30243313731132
5.208090565149296
5.185906085117466
5.1741733081239865
5.260549126905915
5.319827688237521
5.30033748801728
5.330966647918939
5.3356700396667165
5.298032412572761
5.1760386980393545
5.266562434233276
5.270554682490779
5.2371174103756095
5.179288918998311
5.211962032706829
5.269744434639772
5.301215695411005
5.21861725427276
5.338143226070197
5.302253023138359
5.286006857452818
5.247589287385473
5.255233353093263
5.2318260747627106
5.1921775716529215
5.211294691728304
5.204893998491899
5.2701522203094475
5.216412157626516
5.213155199131481
5.222644963170494
5.289021567246868
5.254138178609335
5.244441232211617
5.265445535394377
5.32298896974396
5.34038516393093
5.2625309429365394
5.2632389811940685
5.316500445597824
5.341113167212911
5.2513579491902185
5.265253462211408
5.220517703876637
5.196975154293873
5.160028067087946
5.121328254086206
5.1925782967423455
5.266893721300441
5.266933798618537
5.195396957900236
5.235335406598285
5.2780065626811075
5.2404958304678955
5.189614785872482
5.2529122359976235
5.255657563865841
5.263366593495812
5.35266766304783
5.210423360158767
5.206364885536735
5.101534808503637
5.153556205647683
5.1652410377260285
5.274371521616248
5.201284625761682
5.268933571743879
5.282954782512485
5.3080333246189095
5.178849711265227
5.262098533492028
5.358384125493144
5.23380700369336
5.217881459119757
5.1723759970651875
5.328252116882174
5.269182219112503
5.245614062825312
5.183874753374808
5.238828930771169
5.251863565388008
5.268915588659
5.243331206537229
5.321387418882097
5.248167958504362
5.2239204614664985
5.299273781187083
5.36147994533184
5.308882065987154
5.321161077285908
5.334978109706241
5.349619038140911
5.199206737260838
5.287607439266896
5.194389471083352
5.241430518460543
5.210076743457783
5.289928198078659
5.172764252512027
5.219320725882397
5.237797273959019
5.21468363794068
5.259980856074006
5.217706343691369
5.2222216694712635
5.220988265049277
5.274612767975756
5.264098496898684
5.274883546283008
5.152699905242673
5.202452865134549
5.232553263070074
5.180785648716062
5.15510774497331
5.17562373629767
5.12059364326239
5.077856014734064
4.973010886828158
5.068449819459502
5.102246241420058
5.124206889996144
5.1404993624947455
5.083595682393054
4.9952443284336905
4.949096988281515
4.974662127394182
4.954426290256384
4.785132690926413
4.896004438585411
4.965548282461017
4.995242385632284
4.987205496007158
4.882200946607056
4.850864451618287
4.768615398698134
4.834284372109682
4.8477721621833725
4.919674796221389
4.715683281689314
4.7287754004502105
4.864601922280636
4.9110159478601005
4.9961439151413325
4.909115862435231
4.9152998607860345
4.934150607983622
5.015835842304569
5.025545332317893
5.13728248025255
5.047973336519586
4.985443728178501
4.972122096496582
5.026973676042133
5.064280077502438
5.094103638784784
5.080896706823179
5.021214167761673
4.953649415739532
4.888427292796596
4.946960349617326
4.944265724174192
5.049860906057953
5.159196500703384
5.053782631192032
5.110378758767964
5.159495871363265
5.165219285923764
5.019517097529622
4.975539396176407
5.083532376294912
5.070942730923563
5.048991281349431
4.997721582844909
4.975308846723577
4.976506299275102
5.051904558146941
5.137481505272786
5.121242155942889
5.1885109957587465
5.28364671113416
5.185767598558252
5.129849159109224
5.115252026657832
5.1382370458525175
5.1959234764881606
5.209935528066807
5.221346381970626
5.288923264502366
5.264624251759148
5.227707510857171
5.2323871685822265
5.120379687644784
5.057421982620277
4.9358458285224245
5.057807269585497
4.997077704998334
4.998975772517869
4.982299354543221
5.106685382034873
4.976115717496068
5.109197403977503
4.968132400412588
4.843591683824824
4.734788460501949
4.845613842370784
5.09968561413246
5.172891236247304
5.220194809068407
5.132738835725071
5.166787956992456
5.217519511109252
5.148194640212663
5.152397222316713
5.09018169897792
5.120749059782569
5.182846112617935
5.199895039447259
5.198401435455256
5.177049364922011
5.13606524734202
5.13670479816579
5.1130502681186405
5.151124619544639
5.20573582570536
5.092592768607407
5.161766724363287
5.282013263902291
5.285148078892795
5.286819448147705
5.314752576705139
5.352030554921087
5.243411251600837
5.257151532862139
5.295148973576058
5.193563517976862
5.241185338074297
5.253002810442508
5.223039095077144
5.193852452601755
5.2559190078992035
5.291819197670317
5.289532388678522
5.213175514794772
5.236719033707616
5.291666887190397
5.241353036238709
5.185669409715343
5.236595141137704
5.232736015534439
5.211047337709619
5.254640443768187
5.2272484200161955
5.050952285202981
5.227615564973194
5.245773641003097
5.239791667072058
5.083906567187983
4.997609653217096
5.017389334196398
5.091209471308153
5.072991821224134
5.216971418776551
5.269202124393249
5.299740757072341
5.214978017294954
5.1234846450234945
5.101448498763376
5.098209492720481
5.135968057861974
5.1174091426772925
5.074424127137565
5.195216355376776
5.102095550998959
5.14178387818658
5.271876862009882
5.245940038031024
5.3608866319281905
5.299297930919297
5.286646876760986
5.305760763112098
5.320422988433022
5.2330836991336716
5.269493575550951
5.3421885783171925
5.308057257761009
5.303522557191578
5.17480878132207
5.170163717117196
5.224312675469111
5.177690646226572
5.226135788338457
5.25538350870605
5.24585127190742
5.1810383768533255
5.049350426706594
5.191535136181312
5.2379807408325405
5.1986196250346755
5.295976866344144
5.209587672396472
5.208355104398484
5.201587352355537
5.220489119165761
5.233497717983114
5.196839052862794
5.226631091675828
5.250999250290603
5.332987222338718
5.249525032123763
5.301845912743663
5.268926483592184
5.320856921632844
5.324080043169533
5.310792502979503
5.35731179369493
5.3506750007195345
5.273264863305055
5.262828136185387
5.25256162557827
5.290817313179548
5.308988295401871
5.332050844233907
5.334298754864031
5.301797787879552
5.280677870050356
5.225081135459383
5.277906623947717
5.316593973078658
5.258811903696386
5.24104620899463
5.302003786851263
5.272662986936629
5.215240882985525
5.281489638986596
5.235243248112702
5.125409262927332
5.20665949088073
5.303213813902143
5.2823941181713305
5.251595679803018
5.181634109116659
5.133809557946218
5.20994585236323
5.2652447482228375
5.158408227788533
5.236130400239904
5.304805093747247
5.226610288351666
5.2141323261253065
5.223688104035169
5.209921129191024
5.273640720674075
5.3157886157060625
5.248378242598594
5.316083326822332
5.2990909536001505
5.2140249887307855
5.2788314916083205
5.34222587066364
5.262681964796291
5.125671860484149
5.254386732222227
5.30865655773269
5.268117955182448
5.366450219846934
5.284274020445812
5.2062973158146795
5.292593718596879
5.363277450741866
5.33311148538778
5.319606004393288
5.323450411562633
5.340629971311155
5.252089639489059
5.2710254524965885
5.28193605421447
5.293770242986188
5.262091734814883
5.266564934171104
5.173969690391405
5.234569165935488
5.177940704032018
5.310249648411549
5.2589114297526365
5.207825764551774
5.1391433642881035
5.260671613318636
5.2670789138144665
5.287673523664632
5.188082747377732
5.250404685909925
5.295095243249664
5.287010494364656
5.227218398967324
5.152523351754296
5.268138558766652
5.251856126507384
5.262160177555601
5.181528974179116
5.260187196257709
5.255666292700415
5.30227944153201
5.206597767357291
5.215194762368935
5.267035300391774
5.299436855266618
5.249010352449537
5.242394206015076
5.335053114784569
5.260060568272403
5.2339937383829795
5.230034692553087
5.338777881696725
5.305377364639329
5.3175625075541415
5.221486037863033
5.282072073321344
5.2478330082820115
5.268949349358487
5.32882413335564
5.329568959014971
5.259871835274075
5.278916321808831
5.282765840084339
5.184365089792136
5.1589424799782435
5.122083691912889
5.153911850590003
5.061897336260357
5.078954178406982
5.103604560324453
5.178310230729263
5.300407996237913
5.22995312683902
5.1514031673478335
5.092501876017385
5.160079040836404
5.231500849141953
5.269449944541594
5.221821043743466
5.160215082825443
5.185975092846313
5.220816073308815
5.11447942419078
5.117448138132493
5.174240366123108
5.1485653484733644
5.131657540864248
5.1284637721431094
4.984877151228741
5.062160727729222
4.966121399829704
4.990340116850722
5.049507166778796
5.099625118349426
5.182471160126799
5.2537457917943975
5.285825395490599
5.201559541505187
5.2318347277215596
5.231170211159898
5.176504346834608
5.311811614770267
5.232171316130292
5.238768230870565
5.299130777760692
5.24796178010549
5.195712447511067
5.280242619808206
5.358066109080351
5.319797012530696
5.279665087460408
5.300946524686662
5.314715393796671
5.33641702296623
5.284245170728282
5.307643165908084
5.339643327741339
5.394925684212533
5.31155734888452
5.301248487033796
5.258715034557493
5.270707424059078
5.20649638146396
5.239608929003259
5.236633028489821
5.1774586075631
5.171538984726842
5.224627593200295
5.229538678982571
5.246896701220893
5.279864458533259
5.291977051065707
5.250991237204776
5.271985301069224
5.313621857583224
5.26331277479028
5.2710727437526135
5.220957189384035
5.208989675596264
5.304200020863193
5.296193811506357
5.268793347242099
5.284968154793537
5.156659457185838
5.171049018608821
5.1416056978493785
5.225779943481209
5.250250653072801
5.336299663545158
5.242715786527713
5.249802389358004
5.254617454177247
5.254449156021974
5.262331315928032
5.181407097135735
5.1996243719264
5.223661557065454
5.255865350671313
5.2740031774529985
5.294357375656857
5.278694634542714
5.314699616327893
5.317486540818354
5.240069330545675
5.252794385486869
5.244967009960561
5.210979498629873
5.193647758905335
5.328120202835632
5.114731758678223
5.1504584539271185
5.287906612004774
5.20788471259991
5.249185539090534
5.263139485075064
5.343847942632328
5.3053070880412045
5.227299087597791
5.277088981993408
5.249058356154987
5.263625434539765
5.2477279368855765
5.094574975007415
5.22126215057907
5.2452310720984565
5.2922540065114125
5.295218124234144
5.238429268933332
5.182010671201944
5.254306240844456
5.294026691882093
5.289571850770403
5.321210564569169
5.2085265930028095
5.159715193824886
5.259663116898947
5.178418657594802
5.244194591927782
5.231571204609347
5.2076504826344285
5.174796137570127
5.139009473649375
5.218660737959875
5.173950351550834
5.183280235087757
5.13485304987179
5.11869265648396
4.998656751734917
5.041463044280912
5.050869801229315
5.093144835735777
5.115328722297575
5.199140177569042
5.210770536074387
5.078301884630552
5.16683782174227
5.246099061613554
5.192425905518436
5.1004046439569235
5.071629868433182
5.092108057153561
4.960857963981274
4.871982958316746
4.870876339919223
4.9533751560556905
4.943583400347763
4.897435231562057
5.065161547385501
5.129904989195726
5.12357456069395
5.1036894912933946
5.1364112335384196
5.192126103190003
5.23132259429009
5.123487274118098
5.150500429263405
5.173223557831347
5.312091975247708
5.315295245358434
5.298626421726437
5.1663235935928435
5.26396771221487
5.246479883763577
5.33136758027465
5.212624088924079
5.284250585871185
5.241656630512969
5.180085934764089
5.1503688385679744
5.096081913536024
5.040748391621878
4.988064804429244
5.009081651263723
4.956511628438535
4.947903225653202
4.9555904284250145
5.049288990938935
5.083770846411857
5.099604360071785
4.923214019246902
5.101889334872319
5.1347255023907845
5.095232475311758
5.039236747736083
5.155538740952936
5.225647865067161
5.16406829298618
5.214105902454494
5.17555671220751
5.124303409934714
5.265076702699463
5.178112829344011
5.1061104647898246
5.276308074715529
5.185821673210436
5.228402700317388
5.329508377790869
5.224867545464997
5.108720759039908
5.156697099042256
5.26332353515065
5.154117471183883
5.066454062803749
5.1229258227165735
5.1598444870055005
5.2841659775349425
5.266935312907584
5.316766945658694
5.379998448461452
5.29186852652158
5.279900869703307
5.329570767190075
5.282722994167321
5.296894139155088
5.344991758229237
5.248050268780628
5.242007492952187
5.197281096380352
5.23648327591638
5.297640968158958
5.3124959658751365
5.244752077811427
5.1853498228025705
5.310186101691112
5.220367726635043
5.256684538124812
5.1795965756448235
5.178346196044344
5.2124967955699
5.187384780266163
5.21807989409642
5.238200492871606
5.310793610123028
5.315297057173286
5.377860241444994
5.341650892728333
5.276312697268254
5.296309497308869
5.317235415553505
5.287938507443905
5.248936011600819
5.264098525460766
5.320425855326736
5.30183836725379
5.347931302668394
5.355046297282612
5.284789074299559
5.2118692122115995
5.361255808471392
5.288542642555343
5.281810104346294
5.176999053935345
5.241333494937721
5.180831523459967
5.228390412317098
5.210625431156761
5.1451394437494455
5.258410245200549
5.310430397935403
5.315508835758994
5.266543740613916
5.251859740028167
5.235260616217619
5.21643220373156
5.299008296123459
5.234383431860971
5.188432663568707
5.148361485698818
5.153705379690658
5.285755556017202
5.114113324888778
5.243345826327886
5.271329923728496
5.225007135427969
5.069855468808501
5.067059957363306
5.0638577361681625
5.050928242533518
5.012966348981089
5.055071747851087
5.026017268325531
5.109343873199269
5.1183726990564455
5.05520193083365
5.12019850466204
5.17427124746317
5.258573013274095
5.220814256353158
5.303765397313921
5.223031013417147
5.263347913221402
5.225699743383299
5.237489347412276
5.144215078614667
5.2194441715829045
5.264100861988985
5.299469256541211
5.241572580093899
5.178035210340122
5.152249878456239
5.171734995051696
5.186730778770997
5.246906732094877
5.189290457740688
5.292535541489027
5.210663692732367
5.197088464453668
5.19641843466441
5.266789453629188
5.283053797888228
5.269445190864405
5.158269091611579
5.137043222786625
5.005457773972562
5.041346858295077
5.1483467926195035
5.109333434061917
5.034839834367481
5.094209839580891
5.046961386529137
5.024133256518159
4.9956107495359365
5.048340458763094
5.038507687747176
5.033742324405448
4.94268303948522
4.785703640922189
4.876223941638057
4.879915546677633
4.936126907725801
4.915077199561553
4.914872192825442
4.923489528794429
5.011753073451875
4.935293811034109
4.92066089396738
4.917516231732498
4.940656406604293
4.815935840450431
4.736493655523495
4.656750005846109
4.684274589670821
4.63148442600343
4.625111431538858
4.576465872206107
4.5115650501705
4.424617409092104
4.343997660172447
4.219620906564606
4.152353896952204
4.1656420041267594
4.188625212648468
4.238286870128932
4.2471083140463834
4.151009007832888
3.9195832175682823
3.8849487534750153
3.859063911198229
4.035219121022956
3.8356466467627377
3.84558386132251
3.85918952542682
3.894410632464851
3.9436379923577682
3.929388718674946
3.856995813974028
3.70331167264272
3.70207330895234
3.7589444756661856
3.767299703557084
3.708473902316539
3.5913330263933716
3.414397712629535
3.2821446564142875
3.1697782310414384
3.220578517660565
3.2512866710020347
3.155224239520678
3.0487593184204216
2.9642217408923206
2.787619994550696
2.7548612697456303
2.74687844714129
2.7321525458483813
2.8484063094071352
2.730850933762578
2.6961921139245617
2.7620387962081407
2.8810563060102425
2.8600514517519366
2.8126595872360904
2.7105899903942112
2.715941284977887
2.8771439905489187
2.975437088260732
3.0753131224205466
3.2693932501178504
3.335507278612763
3.366176134674069
3.4551055807895215
3.5093349691045934
3.480783448178732
3.558616775298676
3.660978763842307
3.821186018132122
3.8193837917621214
3.8360467695722775
3.615970723898256
3.4387952629130094
3.3797042573161296
3.44061233312106
3.4076433756958036
3.4136636316983964
3.2917569782649267
3.210643012072659
3.057639572528073
2.877862265810041
2.7182116270946413
2.5233691835400025
2.374399861862043
2.1968656778651456
2.1253411897571373
1.8778244528464754
1.7155875060277288
1.6616353753337083
1.5748871791318837
1.6646817199873967
1.7204037254896354
1.8567442139277728
1.8128382023380958
1.8020883412146984
1.8278469624737306
1.9445482113183012
2.0163270058984075
2.128412292024966
2.150293383287819
2.235396275454645
2.4172535000619058
2.1878679858675683
2.0065954505070858
1.920723743528038
1.9281522458218217
1.9392795379329089
2.0673658290615315
2.1602756387836655
2.201897979250266
2.3023895768295284
2.3607134501737743
2.3718306154550852
2.5252477955251518
2.4240887689565507
2.533006562406386
2.4150061610756097
2.199803747089786
2.0551067773587604
2.0134144148166593
1.901570139720424
1.9079647949357428
1.8756144515144886
1.944909514216696
1.9745757782475155
1.9526445264489949
1.8557201729081134
1.694582634591981
1.827325808600737
1.7271159047555633
1.8024634537411979
1.6963487149754612
1.4720530300501995
1.2781749639575337
1.1719593858383182
1.1687816213537925
1.2030566465046661
1.1756653241334218
1.0797512241908884
1.0352146642172586
1.2139271734440282
1.2383639933791932
1.2497442348021195
1.231921440414215
1.2795450661999288
1.245114010293211
1.177591959819595
1.1975985078749614
1.1745586175074016
1.2022397277968775
1.3087642314836276
1.377932923338465
1.514857199623596
1.6420911481656306
1.6833950835868883
1.631846394874615
1.554723707138645
1.502072601076118
1.3192616488064737
1.1289284368677448
1.1098921893630935
1.1858603198585365
1.2367463071864873
1.3056622328902918
1.2939637479516402
1.299360762594966
1.2149207493988086
1.1992042828987035
1.133307816936202
1.0481813908962778
0.9879527106896955
0.9361591128970064
0.9304285809576633
0.9539378528274638
0.7695961860697227
0.7744995698064119
0.7291595005329056
0.7252655817198027
0.6275146449202192
0.6915977193776743
0.7341368328887026
0.8433199374925416
0.6445493568672027
0.5476062623952902
0.5562782518165358
0.45995624549566805
0.3533559661205565
0.3661394640781467
0.37571322880916624
0.41183245871753066
0.4347174156142759
0.34884389244975966
0.33730740236363155
0.22590291763313938
0.14967527816648776
0.2389599190398739
0.37418601443810473
0.39619804037281264
0.48514065289740227
0.5510084852336745
0.5927165408391094
0.7621468118980502
0.8191692324773271
0.8465666777273055
0.9081703585848652
1.1138783227678806
1.1474117064885438
1.2053268272415245
1.3863010534366393
1.355468263418829
1.2522736061751187
1.2620369124304245
1.0860804832126538
0.9721852001575251
1.125378450004266
1.1902448027689447
1.168163249484017
1.149044764772644
1.1683625924535406
1.2306249838523968
1.3045326104388388
1.3389907829055445
1.4703317887097902
1.5243604636773458
1.561676831738611
1.5852882639091954
1.6478744192114556
1.7058329100151235
1.660787956829696
1.7755213498203284
1.73482539180436
1.6114156280303897
1.536785508262146
1.5052005947221403
1.3710703547311647
1.3931434662008382
1.3805610910335886
1.44556693503604
1.3714198214727116
1.4074574960557322
1.119877720468382
1.1118852985653311
1.0881649474933002
1.0591649418347528
1.0881932256409532
1.0656576797740949
0.9989590930895864
0.8870475452650943
0.8391345727234563
0.8458477501194246
1.038929166082236
1.2483808682253272
1.2724600151407999
1.3535536639499373
1.3396894810129947
1.27239755888482
1.2455212674073852
1.2276881019949062
1.1646730153530704
1.1433790457539812
1.1289027269753962
0.9534879512952854
0.8677666049993191
1.0233036356744627
0.9935217866436302
0.7975349908489057
0.823477128890078
0.8363597825571294
0.7944998714883582
0.6809878401037417
0.678343924219756
0.6856789062415675
0.7386079909788411
0.7122086916478285
0.7527371317205336
0.828696972126772
0.7745749098406485
0.6138091942520508
0.4328391889315197
0.3208255732791215
0.2678871511683919
0.2358644464214072
0.35522036181389643
0.37013878467912176
0.3056555257830822
0.41847621374719324
0.7330548374060953
0.9092528114080887
0.9573181059240048
0.9396038415938043
0.9441839390803263
1.0773524977489375
1.2309275931461785
1.2414223350325573
1.1639864123781813
1.2362645293714263
1.2841614047830094
1.277596802952938
1.4195110571453053
1.3840426669907588
1.6712275720345784
1.664155684855042
1.5491598503428496
1.3494142308810653
1.3022909373641127
1.2075268537523214
1.0379712330201651
1.0903393454324273
1.14290350047194
1.1747000957247125
1.122020751092795
1.151242410187361
1.0800677405395946
1.0337954975003145
1.1265189561354385
1.0884952569749915
1.141758914197239
1.0863483012654456
1.0656711093431626
1.05189697857057
1.0575377693162935
1.1024031778781151
1.1282775848290878
1.255473062968913
1.2707841237607516
1.2982445434886605
1.4352081605003386
1.5911273918620876
1.6093384960314427
1.5239597603134911
1.4384429318026213
1.384015419747437
1.4724209378989914
1.5374673658186742
1.4465221529176524
1.5614253716764563
1.6483728949796477
1.7939376312758601
1.8716206288547876
1.788457008950815
1.7205225714774413
1.7451357019336973
1.6846101176415829
1.631004290034322
1.4612696349150907
1.5754219271288719
1.7557542443415217
1.9783566819919056
2.1389485814432523
2.199755740369792
2.2707416370832147
2.2064039681331646
2.2501073426754767
2.2914933795851256
2.4043903817372736
2.4000318104603258
2.218671625517851
2.11915001227211
2.2588767533147056
2.35153042744128
2.3191625430909584
2.4690787731138926
2.5190583954298735
2.5895831044487467
2.6298135429399805
2.6175737421862504
2.529157163560174
2.49444610833015
2.2611713075293145
2.1091435111683547
1.9166264524139762
1.7663223140903297
1.7298888817181535
1.6868578063560884
1.7358699850526973
1.9092422604077672
2.067698029989537
2.037868480219694
1.8430348857143635
1.7236998113184634
1.5758837724138122
1.5762730741677118
1.5914013130414548
1.6052009791627733
1.5980612958471783
1.533057250864642
1.4462054645801556
1.4757749085150678
1.551930548562748
1.73700498295772
1.9236630125074439
1.934593493349925
1.99824107242538
2.1388362119463604
2.281137172039333
2.510275415492538
2.6811596926731807
2.679631283214858
2.7667791087168485
2.839042017335852
2.84904106293281
2.693190925374302
2.5500396179580935
2.6135882319566766
2.6425294976260636
2.736341510559785
2.6683705248680525
2.544738230949497
2.464114179789234
2.351156475761053
2.3602766458638405
2.3897975501505937
2.5914909086343756
2.6616962945430407
2.7798359462005156
2.7779923793128116
2.898351171115716
2.8593465541012417
2.829985192803265
2.802112510505251
