0.19012265396044786
0.3286953722763568
0.4677533557271803
0.42121211125330565
0.4022165019756514
0.40079893715610515
0.4212807634336959
0.47630540404970406
0.36498639637406055
0.1706680503259159
0.09208978223049445
0.09759067052123925
0.20300203170144207
0.24061683502590794
0.23361186825433694
0.32338811403098633
0.28931051171650934
0.08827328104183611
0.12334823331636544
0.14542798965685944
0.11666961011993746
0.014442432141851909
0.01941419991675171
-0.059777295022842486
-0.13363279436352588
-0.03372837571999331
0.16490598071343704
0.08066390542350678
0.21779643578556865
0.17136991839945753
-0.036725598108720545
-0.028170569428608398
0.16807860401744013
0.18241930956990227
0.18012697373452646
0.2614221896748771
0.5116572320850562
0.5214669404838651
0.400234312216228
0.30733193708355505
0.13738980111203358
0.13600430691994359
0.11946585965865707
0.05053845442251391
0.03654106150226533
0.15823690576707108
0.2485595868927789
0.3877465436334524
0.4968816256568868
0.6326418291671572
0.9311156292942948
1.0436703900996143
1.149643579873129
1.3492335276217438
1.4707807195389209
1.5110914559856679
1.4676459252967462
1.4376833789562802
1.3744450052648103
1.3254921056452786
1.3328667797952445
1.471604450935282
1.7241084490510241
1.661505466932502
1.7536105271461644
1.7928169278388193
1.7864371107042873
1.878999508923999
1.9078787466886777
1.9218905956108372
1.9347181068414816
1.9409669959801716
2.0145313761478345
2.1291453157225924
2.2977268318344852
2.3820413095305466
2.5919944644437503
2.6236618841475647
2.5448730301051956
2.2229034100612877
2.083597589979531
1.9355099162824516
1.862136485450697
1.8219128366865447
1.9440288638582202
2.016113048492599
2.164939985772806
2.4718109526228527
2.816379756302985
2.926926594558895
2.88166258335261
2.884162100235912
3.0023993099354063
3.1200040453702225
3.103556619810101
3.177682585300013
3.103868625298339
3.102088224100766
3.1222146337654237
3.1742527867735815
3.1757261820489013
3.1214293076443953
3.026459976050619
2.9388293584513745
2.944853767707356
2.9836681627080055
3.119190910139214
3.2452702763476977
3.359509012698947
3.510431353239065
3.680711134618773
3.769579468003903
3.5992174365398864
3.4606377740954044
3.4903478705040043
3.408825075458298
3.269440714018165
3.220317426942613
3.0753427232159134
2.947986854148297
2.8088871981582804
2.661590177823191
2.6928012619913257
2.728653323654632
2.6704038718657643
2.694406374759713
2.6381592953132933
2.5900785525007746
2.6145905314947027
2.796542328703798
2.8788627157629265
2.869976080188609
2.9633266986486104
3.0011765179852627
2.9968654254899696
3.0908699887744286
3.0522263593278303
2.982506701507814
2.88876878461281
2.7751321422697823
2.6132511879601914
2.6458940302464087
2.6028540799128335
2.586993153702034
2.5955792184187123
2.5850997900939365
2.6938717202008706
2.653658734612824
2.6092781243219396
2.784665739865917
3.0455495417622602
3.0448602679321572
3.0632778351193504
3.1681446166281466
3.2233424788287595
3.367538005208603
3.4438059416881974
3.4508792023770836
3.3912610767786577
3.1828948231799092
3.0308648614256306
2.964871598738431
3.091226737397724
3.1460932937833492
3.2897005600907265
3.305578787883622
3.2033506916752827
3.2579887295754304
3.3061972666411648
3.3632759125613676
3.3392898468435055
3.319876509736659
3.522228574016748
3.556033559013809
3.525474012994178
3.479354306546047
3.383840005854756
3.3408642419133345
3.547712636094457
3.557141170221669
3.6170027414743022
3.560161944579847
3.5035763554418042
3.6931717149068453
3.6419549110213074
3.666535540294187
3.710451906054865
3.7646145707543126
3.699978263572648
3.720042523782018
3.710999352713382
3.7348176037009697
3.7741273113190594
3.8513530821050717
3.940143947111261
3.948456495301225
3.8957868482354945
3.901640314841524
3.883174269920893
3.804462170454406
3.7645766738235262
3.6552758746775065
3.6021618240314917
3.5316957218093825
3.5410996757424114
3.720756208863776
3.8475916362058884
4.032593192026463
3.9800954749782553
3.994204570655883
3.9737760293846085
4.195054542984519
4.3801820989324085
4.385776092854545
4.528278608386717
4.520011836168571
4.60269960395179
4.694308912783743
4.563439327849957
4.596649471173012
4.636347442170441
4.580855036386773
4.698789023060001
4.744214024015179
4.856798980761936
4.92858411480987
4.887843655459076
4.851883067750745
4.8794493389137665
4.943975888794383
4.865929207203561
4.816145466540873
4.853322745783652
4.781009062880893
4.809290526552955
4.670754446334414
4.746498156263936
4.752523609786486
4.8087281885986295
4.845125347601097
4.929768121195629
4.963178873557178
4.961210586151555
4.9436467330012555
4.9580076811838145
4.978417373021399
4.890249641579075
4.914128529728806
4.898240344417958
4.93660847745919
5.167796436667024
5.40866348699019
5.3981350567807285
5.324280656734308
5.320741780959642
5.305653998750952
5.27356518236043
5.364816523219644
5.4609203911830715
5.4400538160531315
5.334179761877925
5.3017485447366095
5.190105885375992
5.113661365762926
5.1265051747260095
5.112859336823004
5.277214170731356
5.470860066645575
5.403232150479311
5.396346191591038
5.447305957865703
5.524591725364676
5.508935705898157
5.49475742730561
5.422442772736729
5.437472885289142
5.4392176347421435
5.578573928427654
5.563162827065656
5.5636790868012165
5.560266452718781
5.538326205331216
5.612016778481159
5.744525091658904
5.681340023146023
5.700968629541409
5.533920636949667
5.384350872598893
5.28319287391511
5.283156836417943
5.260302942782537
5.3014627502765075
5.41855616251069
5.344287444190029
5.1542201921732
5.168225358076491
5.135276740780402
5.139786770705143
5.223034202586548
5.104313568176105
4.931320230028973
4.825807375816943
4.8941555027992925
4.970164220807926
5.043973860880545
5.1829719868282265
5.188240805957265
5.092477620555056
5.123205582366759
4.965240811674466
4.895809284298424
4.8202587479312164
4.813357944813926
4.835105469092898
4.8934643114208916
4.881811149439216
4.884638600943269
4.745979769127456
4.657397916491145
4.683177749055099
4.763866184678595
4.921381739254979
4.813757498129965
4.778064069207499
4.695440627802348
4.72746109268692
4.768143406261735
4.8187181042763845
4.985833554321708
4.921665645893123
4.771868141459716
4.723277577624142
4.664448401525755
4.580533757486407
4.505001926141496
4.445317580267352
4.472737367736769
4.4584087544048945
4.493116709920745
4.536993692531129
4.374212033176517
4.327252592632764
4.372858201139926
4.5882105064208645
4.478739048046748
4.44091050121005
4.422283065237722
4.55350391221544
4.620649821098397
4.651818008598736
4.736726285671427
4.76910998027435
4.84299832722749
4.7680744509435975
4.780588068259319
4.862402209758141
4.9989327356792
5.113947870352268
5.127275186860715
5.194805527878717
5.122776950952411
5.0844191466740805
5.089526143856918
5.04564343374244
5.0198875317884974
4.9715257565755335
5.0445782361102225
5.03941051491517
5.151193538547635
5.160838645764535
5.220673802895966
5.339130482796843
5.301473553261217
5.269317879698921
5.185852605259966
5.100812097213797
5.133613344896563
5.135645690924645
5.330331505419073
5.424355465660324
5.5271781081417615
5.500068829889592
5.418854280119876
5.408550769533297
5.444201366371939
5.442519697550288
5.444168794262937
5.48745333617843
5.466956798093784
5.385855078618912
5.414214970115717
5.486322612541029
5.500386504471364
5.601631669970943
5.627912977756309
5.671134930839897
5.712946594522314
5.730601798404405
5.725490513046944
5.625657696460699
5.494194931355576
5.4179437892734885
5.418913722452179
5.352795709624598
5.533237558733173
5.63406034569607
5.694062486155945
5.73497074168618
5.762954585075708
5.684589512093944
5.641060019197955
5.753713699470797
5.791157298230621
5.801587500586867
5.607137508735985
5.606398694536802
5.694459903623538
5.749015890103067
5.818217730714483
5.8136277586528164
5.816549070906111
5.89435302956813
5.799923557819028
5.786409813625826
5.821404380130025
5.859394017348453
5.938153175635734
5.853612684463879
5.7912879143199305
5.813770714344798
5.879655103208725
5.969836968722701
5.9358744607111955
5.856203653676503
5.788502727383994
5.9677015266343165
5.950978173916217
5.77174940762982
5.790158771491287
5.863437649148241
5.89504872042907
5.9112016934873655
5.935951087630724
5.999975796824982
5.974768140427704
5.888618930129089
5.927464440199506
6.075500554751077
6.150047196444409
6.125792794659637
6.059370562301012
6.225419635332414
6.189411626250656
6.181752595931612
6.2042186065798255
6.099725705329877
5.999130518134077
6.187697869090084
6.172848801846271
6.112461920390781
6.026792631189108
6.06150164392636
5.979466898441799
6.096277047237274
6.054851589909544
6.112830466092207
6.037719529768382
6.050931367026646
6.061429899132727
5.958678687754334
6.05841899279314
6.125380191437716
6.068332871433925
6.075745894463695
6.051063313248762
5.9462710585755145
6.025437594378413
6.149433571634688
6.09825901181581
5.95426312020274
5.952784451656818
5.880488030808509
5.796986313274594
5.787091092472661
5.804278195876125
5.896874486148242
5.939444562328511
6.082119773910775
6.084276137492043
6.01328550446681
1.7954767582686195
1.7430014348742489
1.5540731965821692
1.2659095238848725
0.9747777168161513
0.7631451024416412
0.515221569314345
0.34020556849196715
0.3187100985712057
0.31785469471008343
0.345192134276459
0.36296175412765835
0.39581664113305115
0.3612928522197761
0.37724662695227434
0.32558617281804536
0.2803194785280013
0.2752501851345517
0.2128361078743757
0.21515867913831754
0.20143566283951103
0.19937893365463114
0.2559704597257722
0.36587533658603105
0.4232672535134928
0.5015112526560511
0.49064509356253844
0.5029103130164512
0.5311803306000491
0.5302248965777286
0.5317555410313034
0.5298980758013324
0.4564406217198032
0.4210697110444082
0.38977702849655727
0.36703038666038396
0.3617544399701755
0.3255031514851862
0.36077383667503043
0.29836352443203773
0.3237969749809425
0.3144000099312491
0.36134388781033955
0.5117946186680371
0.5498061469028783
0.6467747731530489
0.6520690458498326
0.6641242900717514
0.62990581617343
0.6092939778900519
0.5123377691401447
0.4462588441838503
0.3888532103469793
0.39094857399720667
0.3855185284365228
0.32593244490388196
0.30283815812963255
0.29294900058210804
0.3050039730384268
0.310882064214878
0.3522832438881278
0.3900826311625633
0.4128969620319883
0.3961134725164409
0.37142792630906685
0.34410551120609484
0.398528684860168
0.4690364363762739
0.5471709039908302
0.6252879777848434
0.6591991039673871
0.7122853987099427
0.6652384799417033
0.663187297290849
0.6858861557654171
0.6954919841831487
0.6552599017473747
0.5642067701586262
0.5152918603666837
0.39864907220073875
0.36789948226202285
0.3594561322194824
0.31698446022126825
0.2962794559864028
0.27085138414101734
0.2742289778004529
0.27465490826981637
0.3067574688526697
0.43730939591496404
0.5649556072886118
0.686351025813507
0.8066519665980203
0.8978029152664497
0.8883078794674845
0.8888731736075673
0.8189540468342659
0.686453197548585
0.4976169363632279
0.36879606873119924
0.25535570842608246
0.2023993959530043
0.27885789518922555
0.44451669609724076
0.5908755457236016
0.7026383086692245
0.8564480292160845
0.9549372184781224
0.9824199202261359
1.0495639777404184
1.0974399222644997
1.1137600356686328
1.0051056048880602
0.8569763845585625
0.7204071453503551
0.5717108964268142
0.4504540437885882
0.4392766678663391
0.49000232426237644
0.5540982099054017
0.5607871135185708
0.6123380928772222
0.7003982528649729
0.8200538939259525
0.880054122739073
0.8849926269852252
0.8464462326297704
0.7621439520968633
0.7439491973627617
0.6923275794052074
0.627673235660368
0.5105809808241122
0.41496891429723265
0.33635922215123104
0.30435563019853995
0.29871291864924826
0.31911227012135895
0.38029658023814
0.42675665930835505
0.4813339771354029
0.5780087959601963
0.6384841568488515
0.6807635935949822
0.6201989502591462
0.6862580963391542
0.7464963074224227
0.733021902406486
0.6670764770177903
0.5861822805488613
0.5011795976628365
0.5102295016266185
0.5019700801416089
0.49764812382579804
0.4887213435311172
0.4986225049128242
0.5286316383420221
0.5794087780411918
0.6254008307512287
0.6284576239514191
0.6373276726555342
0.6399342265351556
0.6150378157170419
0.6092885043766281
0.6047223669663363
0.5886890023868149
0.5922655054243674
0.6609848946883542
0.7001853474398326
0.7370222428440458
0.7186407003707629
0.7326479651118427
0.7054635455469352
0.7194405979067905
0.7309977990177942
0.7017440865576902
0.6955518780486095
0.6433944652965138
0.5695774503712449
0.5229425344482455
0.4804967159383896
0.41377758444858914
0.4217097791872871
0.48515257861047334
0.47446656249958696
0.5096212471145717
0.5919909526454015
0.6670376269041395
0.7624195619361143
0.8592655665523753
0.9033786995858302
0.9568302111972216
0.9942891845961266
0.9993097985086814
0.9093018969902449
0.7968509666071114
0.6604232824047878
0.5617406076537654
0.49428410781350807
0.4376020607016455
0.43737637119375017
0.5231242962636606
0.632668206729715
0.7605270298617696
0.9134080437769407
0.9707370539828191
0.9990385644569235
0.9605108853533655
0.9183235204118099
0.8058768197623744
0.7220173112378651
0.6551723999634231
0.6404895728793417
0.6321767080355057
0.6155380468672077
0.6025468336327051
0.6042477272436545
0.6092628178091934
0.6268466107885081
0.7282514697347651
0.7722880574095982
0.82876864472643
0.9054598772200727
0.9173171883328212
0.8715509486002592
0.8999839923040098
0.9265903493399275
0.8915370372198584
0.8626216701018538
0.8171995985221173
0.8125297588289898
0.8046133137535705
0.7469422970789864
0.6940783792935079
0.6676362190826864
0.6655148583544269
0.7636277693236332
0.8831376864235885
0.9371542807684128
0.974855218485567
0.9525464387388163
0.8618148627513892
0.8116883182366457
0.7760945702678583
0.7715442455600376
0.7392136483312314
0.7011117156992686
0.6304686044114649
0.6826758223007355
0.7589168729288741
0.7462089828695742
0.7503946396030793
0.7407824081810981
0.7047426414085757
0.6317118693297921
0.6237419393516843
0.6335638371949388
0.6854434961512405
0.7459203922294988
0.7475846517797003
0.7767756822440682
0.765942554969283
0.7400182576386544
0.7053667150181049
0.7668279547307338
0.8064443327858126
0.811510682847409
0.8100112629000755
0.8168701519665297
0.808999450728017
0.7414254408366441
0.6458612027444967
0.7016760258966976
0.7215917235337628
0.74258094807073
0.7433545678917031
0.6919363068918887
0.6632455263937473
0.7341867678540381
0.8146773753308131
0.8768623105906295
0.8606221851020734
0.8320000663034642
0.7796035359582979
0.7463685601400004
0.7026737619317632
0.6686724298498978
0.5661417744856824
0.48156709517124335
0.43304816442085925
0.4102317173745641
0.4207816687306894
0.4868463704272502
0.5443114778995131
0.6742221640943403
0.7973032544625687
0.865964228975827
0.924769073988565
0.9762660084444442
0.9160151960166768
0.8535037322418759
0.7757324288526151
0.6563181549905687
0.525400391483408
0.40270211098667374
0.3936932372884827
0.4440360972962209
0.5582609941976634
0.5391997371282442
0.487859029636144
0.4571799423584601
0.5043815580409344
0.591335029561637
0.6484270578664593
0.6969779449627908
0.7395261598547301
0.7133303057685203
0.6511857690166092
0.608342497056518
0.5467266391102803
0.45996382471085195
0.42893402110689616
0.42992608275325056
0.4911514825260538
0.5499627999247649
0.6186371634547467
0.7369496745934658
0.8733746052653079
0.9008843886993322
0.9293031898143969
0.9406688071813352
0.9014933426469333
0.8148439052080226
0.7919414683371254
0.7302369234870532
0.6553028946911104
0.5933972338967527
0.5392928167290792
0.4757856524647969
0.4478195079619921
0.43052159225674863
0.5074142506812096
0.5567066840056785
0.6547219739960749
0.7494425516152168
0.8455642017978627
0.8860655515572335
0.8997192943179368
0.9075790842734541
0.8837594329771515
0.8759045318489338
0.8641713049802623
0.772702531784866
0.646373102746664
0.470228150563849
0.37298550537011593
0.3514946666848345
0.3597334767717967
0.4372846287164042
0.48625566285498967
0.508179642927024
0.5244278551440376
0.59206201268587
0.6689784205862079
0.7040083849774829
0.68110570924397
0.605783196548748
0.5936116644629685
0.5415350420728139
0.44953527294559104
0.3688316705692582
0.35016151983265476
0.3538252254643416
0.34291715834665937
0.41426110583448605
0.5033804624004938
0.6047151023205098
0.6379392845499323
0.6256163197434795
0.5709779361924087
0.523633257755684
0.5332716089842557
0.5145867103739217
0.5012273541481135
0.47353195031922396
0.5008506311563568
0.5402517714000621
0.5435002994555976
0.5706458463548505
0.6509138545473151
0.6761542745949192
0.7532791424616633
0.8050150679605221
0.790552648451462
0.7984820959103405
0.7656496691541339
0.8254351625612188
0.8351245258930114
0.7810367082323003
0.701437188777166
0.6454690109089491
0.5875662799929623
0.5584526813852478
0.5106489653223781
0.5277820648198635
0.6000708691223025
0.6412135775837635
0.6674998660540252
0.7020164009025404
0.6890451555503274
0.6984226927582593
0.6891838583430956
0.737059396168438
0.737514409146032
0.7199120876848568
0.641247297188069
0.606670360245729
0.5130390174444731
0.4419177661752163
0.39788738129514345
0.38516564023757743
0.4325133166009351
0.46148551280821537
0.4982123468797719
0.48735178501634363
0.48645449725014234
0.48653921778752307
0.47595185165826565
0.4813052343525267
0.46552472949918
0.4751327858195744
0.46078431921823865
0.4981247506278696
0.528699427692338
0.5858091858020554
0.6612883784596026
0.7008066655500389
0.6850798937783661
0.6356075890569152
0.6222225624468498
0.6615950703434467
0.6861052844857496
0.7113645294405084
0.6982940757721551
0.6711353019021246
0.6686768940284444
0.6944785442128731
0.6745308706690379
0.6290732116388082
0.561757398034779
0.4645163531660157
0.4251205340268283
0.44261013433438123
0.44902928915812157
0.43626528525452557
0.48126250838851947
0.5659819846657025
0.6366081053364683
0.72239580461837
0.7220128710258358
0.7096957555754798
0.6902806959562284
0.6854151938196503
0.7231111526042869
0.7460004616003799
0.7452052980002594
0.6848632880330257
0.6212520184009344
0.5188601936622543
0.48317408839765613
0.5053631347913631
0.5915514538725627
0.6443979537070473
0.7045402059938914
0.7241864693853731
0.7589522130606627
0.8013911121921704
0.7995110519779388
0.7737130377335788
0.7439949254939839
0.701599618192744
0.6674587809928514
0.641647420723093
0.5750037327230697
0.5059200526623828
0.47308178607163653
0.4726683000415138
0.4701982367077181
0.4669153744092454
0.4704417102674318
0.46733853872570386
0.5043618367208357
0.5824664793189609
0.6508758606331345
0.6590731385832902
0.6587972980274348
0.6425144817303093
0.6764210948785311
0.6771458732716604
0.6302852429197532
0.5765154041781063
0.5167245305943151
0.5384908266754477
0.496198249357137
0.4537917465371848
0.4672191982871665
0.5392423586449894
0.567845907825288
0.5787307005718781
0.5279234204865871
0.5654263682412073
0.5572079661517217
0.5580204489632536
0.6000301548766375
0.6048845006173886
0.6161210596900716
0.6588932100613991
0.729342111243363
0.7434182640170307
0.6836154586506182
0.5562453539306891
0.4568723216107064
0.36141182564906205
0.25184029277073583
0.2531367756661182
0.29599424541249886
0.3533172728290063
0.4631219855467944
0.5467356638544875
0.5800028489443158
0.6684871068937812
0.7286510216599487
0.741298087025681
0.7527953780829448
0.6987261758624012
0.5821371062967569
0.48763619800539
0.4319772475692082
0.41758760059884326
0.4471392273156609
0.46143716714647254
0.5722712286458309
0.6876272178316037
0.7802439056599176
0.8286646783740278
0.8439667086569393
0.8115912026845612
0.7420118574561679
0.651684856855743
0.531199581633582
0.47134387566348923
0.41317373805044577
0.38957566105665486
0.3610178450736237
0.3278587989368502
0.3296811222837838
0.3037961348826937
0.2566875504888327
0.2100330557696759
0.20054358004023703
0.23078192825840077
0.28178345290457485
0.32572868077937445
0.3622181705197571
0.323106945244265
0.31371497711753954
0.35623453870402577
0.4149716632696827
0.4091909487959407
0.30363836417453255
0.25516390869842637
0.2372203854150065
0.23181992519959935
0.2624258238951509
0.28758103750340513
0.2972420785122047
0.36058919593221966
0.4164957883281549
0.4902905362550482
0.5380539878722472
0.572102180146297
0.5910930345560531
0.555606152843505
0.5077687060926531
0.44787454720519604
0.3972206712358698
0.3561346600127874
0.30388943075721236
0.24827542993634505
0.24204219179352748
0.2655582888058174
0.24322003304573114
0.21782300569371046
0.24209807604695427
0.22998698101258003
0.3614701643399157
0.44755491004498815
0.5317416617638265
0.5302806635848382
0.5019093590072401
0.44992534257177963
0.46099354486818356
0.4606548930260729
0.41955774327115064
0.3921552726054889
0.4066870805334115
0.36930101147169814
0.3209601726018956
0.3444427115924158
0.3645008183920263
0.40995015860221273
0.47843969698637734
0.5401428111603975
0.6361423307792927
0.6267636856522951
0.6322057976192013
0.642523681457848
0.5797569613987723
0.5147708699181799
0.4245099773689305
0.3321051222316468
0.33547304499185915
0.34935466997496817
0.3749174130669875
0.46836920380826247
0.5587914083301335
0.6010729541307569
0.6542061143986174
0.6611590761138553
0.6386222777140571
0.5809800071661374
0.5086196497983547
0.45070811423925244
0.433331342678353
0.40974232933090343
0.36094439595024597
0.33287804650149716
0.3091619616085086
0.32354356300108655
0.365564311139522
0.37970624968913197
0.41251370682082483
0.4547204661264029
0.5948634044711195
0.6684486148231737
0.7618920751305461
0.7854277966708625
0.799571400271654
0.7285792273653746
0.5293729936745823
0.43308162062070127
0.39451895507062784
0.3365618952255032
0.27966451274852333
0.3118748573752575
0.3499300491041995
0.4196274735932054
0.5378185650919982
0.623501257025605
0.6972416296238859
0.7523721169466188
0.8132916308979148
0.827055542855359
0.7514784095862619
0.7261993665250924
0.6931730748177465
0.6309640173222162
0.5833454391956125
0.5542485230962743
0.42539307181697195
0.3301720701241575
0.2124856027477495
0.13757520322709188
0.12089286672346189
0.16658958501370813
0.27078412651287276
0.43586116230830413
0.5547725318030081
0.6288728961348223
0.7130430619860499
0.6834976589626184
0.6961698240872681
0.7785849978868968
0.805915527151532
0.7583866935577062
0.6538500378631309
0.6063579218850053
0.5426726113433974
0.4875480430865081
0.4887678488436025
0.4840586313215298
0.49770050782770353
0.5434726347190596
0.5812764762770938
0.6311516546658887
0.6462159133115388
0.5891676895008122
0.5790197643713598
0.5341220205670173
0.569298528510095
0.5492229558052156
0.5118937078021848
0.525452536782424
0.5954182857138122
0.6047618616041436
0.5796093658902844
0.5762506463935684
0.5544707001040292
0.5202617697853575
0.4763440227756538
0.477074547683481
0.4447974149775441
0.4335801666202729
0.48364281507477425
0.5166675562838619
0.5789047191023674
0.5929658468861099
0.5620811695980936
0.5734989988512303
0.6118157193178825
0.6399194887950794
0.6337365810592982
0.6669461627142286
0.7487970031821051
0.7551871263821609
0.738620337820129
0.7485385911456901
0.7687199450517193
0.7880477347929955
0.7614832093654504
0.7793807021051254
0.7277816100083839
0.7229849398804526
0.7373589797120164
0.6748241807127598
0.634665750438518
0.596656393937401
0.5190080800574273
0.5232081859340062
0.5602770025253867
0.5530696565213744
0.5373035457537454
0.5311729784158029
0.5111720603487998
0.44343693117540306
0.4558561363075304
0.4710182273192838
0.4820477250879289
0.5571755875928618
0.5712007183554304
0.6181373351772947
0.6690293931153901
0.7215202759130814
0.7471001524117835
0.8027164999771785
0.8235955064657048
0.8643298962799111
0.8424225682117185
0.7751710014698022
0.6981113245403638
0.6845448582314306
0.6389011981814245
0.6171538354991926
0.5927349541359319
0.5943063265007779
0.5760651497012869
0.5778213034135026
0.6243385007832478
0.6639499746406
0.6625019131999597
0.6688916703801746
0.6790735634601123
0.6682552026942264
0.6736505394757679
0.6318081498062902
0.6344807926482964
0.6169357471587722
0.6037222390430629
0.579972257489263
0.4977363380563268
0.47427453299714917
0.484195121415847
0.5162570156811003
0.5551531041551718
0.5865585605976891
0.6334674399126545
0.6340852864648976
0.6521537440683673
0.6797401761757179
0.6309473449212407
0.5341818720908527
0.5068918482883276
0.49946794813668677
0.4853000243430013
0.4793786944137647
0.5521852901237126
0.6293045946148114
0.6281937833191666
0.67476275607897
0.7545205580750688
0.8301171008266018
0.8718498276933596
0.8466239087226594
0.7925472223696207
0.679622423250354
0.5848161624623986
0.578278686373175
0.5589852568885588
0.46381661470769314
0.39972004905987807
0.3283151360294941
0.3957773814215731
0.5135503100878255
0.6754987074964299
0.8018023051212887
0.900818967053
0.9458809802239336
0.9560960783236652
0.9487682909268604
0.9539473818604666
0.9024336004006419
0.7547179680166723
0.585277427704153
0.38303023875797204
0.3238526417776572
0.3120244355898854
0.26234920310786036
0.24709296250511503
0.26036252869342685
0.3528786018734613
0.48235986035283973
0.6440687455343721
0.7639036930910089
0.8482574621630161
0.8448550426830999
0.775263771743532
0.6980603375429508
0.590355927802993
0.5291497828805146
0.42211654098105256
0.3301364388382651
0.21945459745593124
0.11259034803996903
0.08518822150382874
0.10799650641426257
0.12842396758171004
0.21603336320926697
0.2665530630917158
0.3132531384241557
0.3367563892759106
0.3341478549172572
0.32586424435393063
0.30151718677009254
0.21846415370942182
0.19353516514485844
0.09094960392307849
0.022201873019669076
-0.03031001851347435
-0.05534707622659847
-0.050564795999144915
-0.01866848347872111
0.0731885861381521
0.14805055489115407
0.2265804752921146
0.27472724401828374
0.27133184531102894
0.26846664605318593
0.2960177377552648
0.2693898338147862
0.23159660960236655
0.11506126349537371
0.19484086858241897
0.19302860265186136
0.18216027886515218
0.20371780990223343
0.26767379711923067
0.27011362972285735
0.25022966361557
0.29727671376443293
0.32746725734948096
0.3454839632001322
0.33153074217123646
0.25925391495126604
0.2343473242340715
0.18050867129645298
0.1579443137927612
0.1582875771869155
0.17976918268836667
0.1874057473991232
0.14047468342122194
0.0964244651484129
0.09464069912813625
0.1521651932725213
0.2571429449959811
0.4090604636772916
0.5339153940718546
0.592122154309203
0.5970758429251832
0.6296079522067078
0.6145860520968214
0.525273342538267
0.47044119181162636
0.3807413563840763
0.3192808704555123
0.2954425113097704
0.3570907447529709
0.4311188559347465
0.48770179278398096
0.5504536645715179
0.5934152999357697
0.7058634799123971
0.7945665966381469
0.7733741095719125
0.7763263405106943
0.7875964619583544
0.8276803903616543
0.8117354920807174
0.7728246915294846
0.714310746183333
0.6655455077692196
0.5892498433183554
0.5661852296047785
0.4949664391709587
0.45836690161394317
0.5051189339491917
0.5252595301897225
0.5160730248157642
0.4869746811236918
0.5138306247506942
0.5212872979678674
0.4963311480461304
0.4946908231507551
0.5045801190756378
0.462084566634783
0.42604001780023654
0.4240807096634208
0.47613401903667296
0.4287602450114646
0.45273651269096193
0.4412466301519817
0.4662431490861013
0.3797995215461103
0.2937597156777761
0.19522702583845772
0.1757514483709595
0.15032921652501588
0.1708105442740979
0.19774791451355297
0.22839025105137234
0.20130607001663
0.2033171786859225
0.2069250715181309
0.20190391954525388
0.2364060023284915
0.26920335397431017
0.248759769431897
0.21893241887632386
0.19205101877799913
0.25825624007354775
0.30248326847581647
0.3033862174276661
0.3259462115932288
0.30845795045639623
0.29479350715953223
0.31756903576548196
0.3583255511633159
0.40610642928892837
0.46617125543109306
0.48517193655729884
0.5118488606661076
0.5169200824653697
0.5731892514218684
0.5382475550664951
0.5222335595259533
0.4729534368299478
0.4608120324809608
0.4161059560375331
0.39463981402103565
0.39011617506238283
0.41504200424316545
0.4170945061425529
0.4360494107216883
0.42935259141380755
0.37081436820348096
0.3629531854099163
0.34269773267823056
0.31442743842776455
0.3216821234229726
0.314538020897552
0.3361838143627026
0.33337757738375706
0.3194591476545499
0.30478077788052466
0.304363606831698
0.2747608414582006
0.363129279068924
0.47560000122256824
0.5971836970960509
0.6702229289669756
0.7310064503885488
0.769751780617356
0.7881209506464129
0.8391127747320914
0.8100619120578092
0.7819331981160306
0.7277744436490338
0.6594297146298913
0.5762132591785296
0.5476159369480282
0.5121617218815346
0.48986120779771475
0.5192518712941326
0.5482590441196692
0.5498061757094185
0.6191904929607595
0.6590822286379
0.7190958001093231
0.7276326585221146
0.7335207172382683
0.7857300111215412
0.7802621583496452
0.7620957940570909
0.7577747152437453
0.6922831866458055
0.5855641291590953
0.46826688544582595
0.39600910888601376
0.3683775765151626
0.3390405447088918
0.32120553613910674
0.3329196730888977
0.3779524457345785
0.39866317546011737
0.37190620124305535
0.3636141868796164
0.38309137192869824
0.4149628608410314
0.46526574047560115
0.48388116104302453
0.4579003852480912
0.44533249347529474
0.42901259815301407
0.37950151943091087
0.36777918045056684
0.36234019029811665
0.40646194182390716
0.47196736596419286
0.4579042125708114
0.43656441294069465
0.4296427470846784
0.43632050781782283
0.45576415483033317
0.47904763032088693
0.4605504958032173
0.4381264711585361
0.42066880446202964
0.4343298727032554
0.4457485086861851
0.40812060725666327
0.3657484802261762
0.3317417370682845
0.30582389090730216
0.292354720789048
0.2602876831366335
0.28180756735693535
0.23747260441788717
0.17922922972979233
0.12338916343450457
0.14986757569683973
0.19598984639091868
0.24116156007666373
0.24762439603811767
0.23073481693008116
0.17143749225752156
0.14288854712922244
0.13295380619770578
0.11375254196611385
0.14380613871565825
0.1941969567161502
0.23587239406330326
0.3009965684777357
0.333506704523047
0.3948139444124209
0.4133234947245404
0.4299567381761243
0.4227521337845893
0.4797299415160013
0.5631139879628821
0.49245114076166563
0.3910114563675559
0.3442415338266406
0.32513369892408156
0.3528074567518892
0.3531080599391276
0.3516223180496376
0.2660847285535525
0.23356547887604368
0.21978318163365668
0.2773771480802275
0.34802572483825
0.3530782771539039
0.3696289215149291
0.3452278231296131
0.3707336346525592
0.2536226287464817
0.17422996715682018
0.1443595895212929
0.15760970171163552
0.12435796651984735
0.06412276273827021
0.006768611306195021
0.047895307680262914
0.06759616737479066
0.05553874326477083
0.07080545743659142
0.08554341791106485
0.10765455146322075
0.11642188243164103
0.18085595781108402
0.15527493490515798
0.13567514721038845
0.11562984440302787
0.05950551797865903
0.030104128099146293
0.00690613724622594
-0.056360726089143665
-0.06977473803307192
-0.032848949684979985
0.07729544598476236
0.10696599067924133
0.11539240314305213
0.06544446236157091
0.053504724553086615
0.13972837441856645
0.25817564673108
0.2967935464042349
0.33003413834766193
0.3302402011755188
0.27580627627902055
0.23661687307057055
0.18480428379461777
0.225711075349557
0.23721396383289978
0.28882857151845925
0.2447485088572477
0.3282978070526598
0.35770103399379866
0.39971272179117195
0.4046998569110963
0.40048287129173504
0.3647781290783717
0.3305444272293196
0.3489799208607481
0.34756081189126514
0.3781475553593762
0.3796395354402718
0.3541301681998216
0.3722876634237718
0.3968966055948957
0.40348310863441983
0.4013690285376127
0.390426599391757
0.3902301263456849
0.44680588485244166
0.4535638354643489
0.4312708335016686
0.450688876959435
0.4717330447382857
0.528496561957375
0.5445830321825792
0.512564930326988
0.5133464428561537
0.48547950502236886
0.42293104583355
0.36600464116466536
0.3268229180825956
0.32136660794747635
0.39590637911190435
0.44952454969074973
0.5000229765602678
0.5565088243409774
0.5505317746664967
0.4963791135709968
0.4953650836945347
0.4902022896102674
0.5026661569214321
0.5649334156198056
0.5459321212986743
0.5293528937336043
0.5180111987340973
0.4571721415063874
0.41154686108488325
0.38999254537237277
0.38552722737859996
0.36935709230995306
0.2898233060393305
0.2160186934744825
0.21528151812703578
0.25824214133164264
0.32419016461294164
0.40569334074796687
0.48600835023725786
0.49352539829817355
0.47235671336388785
0.5162218164391564
0.5186512811181005
0.5036412525668735
0.5028643357989971
0.46295310314762217
0.5229576282845442
0.6077705747157809
0.6876436316403459
0.6856941408217005
0.6752429908096318
0.698212952156247
0.6633634484604566
0.6653946850953332
0.7093277986773621
0.67496325667989
0.6789174070066453
0.6610632088976964
0.6504689714964533
0.6233800175811678
0.5828892136366806
0.5423845976520436
0.5314580673577951
0.5736912283843463
0.6996023061162354
0.7102272924686018
0.6740477741154328
0.6447320077334779
0.5890807602760207
0.5904340390518965
0.6153457637173708
0.6366055762124495
0.6413240167000979
0.6830927853373858
0.6982344682961926
0.7163882779001753
0.6888343337169354
0.6597798751501888
0.7069204239887833
0.6836252215673406
0.6694440176578164
0.5944581605865293
0.5196026851003672
0.4610914997097041
0.42213267867079446
0.419217296497027
0.4418396721594238
0.4563315635894238
0.4898024095282677
0.5439377675831804
0.5514309276473032
0.5385630395764506
0.5317491606242958
0.6309473061638513
0.6676095360073265
0.6663640272711369
0.5831068373849895
0.5646697888858941
0.5921956670799667
0.589522989392022
0.6604185135908714
0.6224301516714345
0.6406038225127731
0.6650768476034666
0.7239562090605111
0.8197821790594424
0.924207398417757
0.9974048490620528
1.0015372045603463
0.9371313439436905
0.8877993408322291
0.8131735162913827
0.8418068804232434
0.8787122545021221
0.9197620065130102
1.0036347575433404
1.0204895161905656
1.0001477412540882
1.0494538164652343
1.0366769387130341
1.0459980430542684
1.1252834899589552
1.132699247514355
1.1113387123856506
1.1180204890737455
1.1709122497143256
1.1859986741475452
1.1645080476606184
1.1341142206618107
1.127300873759775
1.1672775814466363
1.1555177020270022
1.1183545802702737
1.081455869568277
1.0663773826242062
1.1020167582659834
1.0966671330910174
1.133014984938693
1.1023571756726005
1.0514401411488665
1.0464782074960488
1.0307996914892974
1.0203821344564725
1.030561736436829
1.0370960667316877
1.1099988889685548
1.2224700150552907
1.2611194991878032
1.2924254041782843
1.3034970329372328
1.3251355071198718
1.284927339391761
1.2864836148964602
1.2414220701784007
1.2193550788249476
1.1673694102333885
1.1675981880750783
1.1975758848750073
1.2015092385204178
1.1878823128807159
1.2130027071763516
1.179136413155799
1.167051856638626
1.208087663588142
1.2557382489748539
1.2086109165726928
1.142318915349318
1.0707129194993887
1.0438126241137171
1.0720126081278183
1.11555360722125
1.171786501946188
1.1365901914621614
1.131662490357828
1.0932944984583597
1.0944551925828159
1.1003808375762656
1.173581565830364
1.2023904175638473
1.2294614682529834
1.2791743590975941
1.2374815855756063
1.2059149571158847
1.179603119588276
1.1404744811898404
1.0674007431859398
1.0151443748820443
0.9974118640354492
1.0202719536138647
1.0531877469719262
1.0707360546313016
1.0366943592010893
0.9308368001073424
0.8484367148669942
0.7549488131794035
0.7618954185476832
0.7971119810106366
0.8237205489826482
0.849767418501897
0.9072814533868042
0.954468655648561
0.978099463173057
0.9852377865614903
1.063393625375729
1.1630684175358181
1.2113334268544313
1.2688576032160606
1.269632682034706
1.227320222078427
1.1756535119846137
1.086756961318124
1.054658552090804
1.0046408360112653
0.9761838377760442
0.9488083863624073
0.969103567718273
1.0137062305608509
1.047824970057457
1.0898441006495616
1.1850238231703338
1.2334860466702864
1.2806877513939452
1.2837492975880522
1.3007055127956262
1.2713282591460884
1.2160960455216696
1.2172104575887621
1.2226278009391174
1.1377772559203185
1.1621120816856347
1.1769740581493426
1.1316258175903642
1.176440480109602
1.2048178998805292
1.2286865501303064
1.2109681039033922
1.2217135712353715
1.235832695906496
1.2425647332096434
1.264370344058943
1.285405634672526
1.285371345130714
1.2005388279583642
1.1389244079621965
1.1241284788220671
1.13468786554187
1.1499379909775638
1.142424717172763
1.1385048488671077
1.1658067003638481
1.2070484420939074
1.257528280257336
1.2562033655604643
1.3152093868184018
1.310521103616746
1.3017109253103236
1.3167632094363768
1.3132421226351838
1.2792765655885938
1.2957162863640048
1.2892227456807814
1.2365243414307792
1.2028910126597854
1.16997446240701
1.103945835127127
1.1114515310479545
1.1148189469827534
1.1000426095974207
1.1500086688844007
1.153040539642914
1.1853826485440866
1.2517529330583157
1.2473144466522137
1.1763833547707836
1.20076168333811
1.1560306475743862
1.1085135017970718
1.072465349502429
1.073372681499665
1.0495413304814365
1.1005477563781076
1.0903452446535478
1.1256364691118483
1.1243472676354436
1.1889273402505387
1.2261116555782183
1.2492059674060014
1.2922549646333845
1.3042197116994532
1.2894320307765343
1.294719330163649
1.3855085366157898
1.3888559491398553
1.333400798118388
1.3097497884975167
1.2897484379340467
1.2242671335870663
1.220617204024178
1.1438369606075094
1.1012891742978457
1.0995989137462383
1.1050503215268148
1.137535161420374
1.1814683316877417
1.23681012539344
1.2789390332098123
1.3088173277577684
1.2985559634401158
1.3151025366182156
1.2566823907463647
1.222665290700171
1.1643393326076985
1.1199489420635937
1.1183861559704869
1.1368160140180208
1.1463519104894748
1.1691302022736594
1.2268274122748917
1.268144285760899
1.280889837518028
1.2718859928350192
1.295294816279441
1.3130466537272067
1.2870399936933616
1.21647445165782
1.1956896344914216
1.157531351099811
1.098954993554246
1.0659336622833149
1.0281167574190357
1.0400218752243162
1.0962038725708352
1.161456917539037
1.2642727696299014
1.3466891558568093
1.4269284576204677
1.4839483663730038
1.50928094139103
1.456536347997894
1.4540238396471148
1.4297722733749891
1.2931477822522799
1.2253144283396695
1.134371073792939
1.0534548091755553
1.0011748219168723
1.0093263343534098
1.050631260608208
1.1238355465131318
1.1957504411039073
1.228963401197574
1.314895952885201
1.341767617401245
1.388475007081042
1.3615020976908476
1.2981920280054688
1.2520539370385833
1.2197973120468548
1.1466422457941425
1.1179277999519877
1.0844591959361836
1.093240136773719
1.1179179706845495
1.1505714096696464
1.166388611235023
1.1980780849788304
1.2366249829975613
1.2797544171919404
1.31832963258874
1.3066983222795374
1.3444156744157987
1.337682856821224
1.3087722793739696
1.2523460124456576
1.24926443300348
1.1398229436485812
1.1144560214173322
1.0855750543384317
1.0879004720203702
1.1372265717528294
1.1459162296866494
1.2543329331661202
1.2899983564341024
1.3487900844637857
1.3926292630370471
1.4027317675501934
1.3721687265950941
1.3397449451442842
1.2940434516084884
1.2153325485645983
1.140126487016029
1.0802926344693367
1.0664351720382295
1.08614426617393
1.0754378203109474
1.1102437620599113
1.1315142542143732
1.2048622591288423
1.3037141922442315
1.3763275068814056
1.376894344213612
1.3934729940775212
1.3681066330648877
1.2870326210070204
1.2052209934358646
1.1918064547758036
1.086512021381635
1.0317198999481818
0.9790756518340892
0.9337371152392262
0.9551466749286871
1.0649754978692256
1.1414284536371957
1.2241899181635236
1.2800852623344081
1.3298660311452766
1.3412712461999143
1.3502837026509797
1.2971460475142116
1.2367450626120688
1.1587284809601703
1.0815258576841957
1.0634446653125227
1.0963227194870746
1.106939748946921
1.1355587192974612
1.1942302862482324
1.249480859015445
1.2891289047555046
1.301681835906758
1.3150062676916778
1.3297596783661163
1.2715350030424657
1.2908711917438034
1.2573342591216576
1.2287167826228254
1.1269736354620923
1.084018875210587
1.0439403037840242
1.0381166990042423
1.0498397394391412
1.068058437385728
1.1274151087008806
1.2019014832344168
1.2757269695575328
1.3211502394334758
1.377790392686093
1.4114052672190385
1.4052086551337033
1.3279225641462085
1.250219960308865
1.1829577961393556
1.1067162353981457
1.070828883373006
1.0355127630239798
1.0509240596714227
1.141334836104225
1.1914610172236917
1.282521204298663
1.3633800424575497
1.3958053468366787
1.411577450637454
1.411417343727294
1.4082723238629273
1.339827356373929
1.2449953152029523
1.1631501572604153
1.1101644269373958
1.0586851418991303
1.0121624040831407
0.9985366766296287
1.059875590564155
1.100254396916104
1.2112174912666231
1.3100391902131867
1.377611661708345
1.430913309183903
1.4644766569367644
1.4440182403359783
1.4039949249904
1.339552381643414
1.2892949657151718
1.2386979204234083
1.1545573820862938
1.1011734660888461
1.0625080024965374
1.0480002286188514
1.0765974195496626
1.1154915129988203
1.1561749914440642
1.2391356953747172
1.3379128279118453
1.3703688128203126
1.4239271923500048
1.4362334943939645
1.4234107301191599
1.3749685516575783
1.2886802014685457
1.1953796552403653
1.126571913728101
1.028184672616613
0.9623566839927626
0.9495144101911939
1.0101594248346049
1.0220450365484106
1.1233717115945385
1.2008384203042233
1.2785979229780957
1.340725026980874
1.31827709624016
1.336265318025776
1.2748310924233872
1.2338007664104567
1.1840985629249257
1.172078118434213
1.1136876030975287
1.0769506099960466
1.0429804541579686
1.0608397703914845
1.0400722325761855
1.0090665528780727
1.0839792758212852
1.185836579267332
1.2383371624019635
1.2777810536897973
1.3467569670597794
1.3761145645577175
1.3248781051175589
1.2399765336724002
1.173790936233591
1.0888136031017503
1.0398493279749699
1.0021063003396804
1.0035087625663668
1.0053977451488694
1.0571307123956162
1.174005503130218
1.268850883573463
1.3486661478131936
1.418172302138026
1.4187138384469855
1.3753767639742518
1.3668761294070424
1.349009057822947
1.2657896570096254
1.1772070802751022
1.0865588615091908
1.0411961376390642
1.0454779888554133
1.0432656274046814
1.0802605498296112
1.1507008415578992
1.2038009788777577
1.213673055462295
1.215017428778312
1.2607365253151812
1.2768746661978425
1.2298989058599268
1.1976106700825428
1.144181104900636
1.0412273407613197
0.9533337230297332
0.9190041150650683
0.8892229060537278
0.8291972978861084
0.8140092299458732
0.8319519201335221
0.9328688876910506
1.013201593448463
1.071242128329036
1.142451209667756
1.2048766679454623
1.2272823753113846
1.2339554360550822
1.2113922827408572
1.1253760554617283
1.0865593461098935
1.007382490085151
0.9331754960848856
0.8850802942575531
0.8464908674162746
0.8832216683290202
0.9270231825874589
0.983355800624884
1.0304809964487487
1.1074810414869136
1.168501988108551
1.239636928908933
1.2113014297178497
1.1994967171526836
1.1767238344703488
1.1505333515122194
1.0812803965061228
1.0304760747929265
0.9700821504868731
0.9380213165007406
0.9203008872213507
0.9466185803558727
0.960111542958189
0.9684291425491557
1.0676992875184133
1.1946316223834001
1.2231930311808772
1.2260338997185616
1.2512038115097661
1.2616160247299248
1.1885399896735924
1.113680156289418
1.0242763948777343
1.0012940790803064
0.9705463084785387
0.965050613478728
0.9356178900049382
0.9844911205434098
1.054634151490331
1.1193963641630424
1.1192640715259876
1.1757713391115525
1.2246761086938516
1.2340492256937474
1.2144099094122587
1.2621966088374688
1.2751243770650122
1.2575789539598352
1.1791933146996403
1.1714664641990544
1.1227026217956952
1.1263397640700603
1.1074433318778534
1.115024374857579
1.1041216068721365
1.1842342082725248
1.216365606314351
1.2469317356547225
1.2920894221541175
1.3414346298115896
1.3312030824057655
1.3222485417244298
1.256208288212607
1.233025227145229
1.1814162700186626
1.1268752660483594
1.1103866304708598
1.0939377523856344
1.107471327036049
1.1187306778874153
1.1123777247255173
1.1284065113915185
1.1242228172759372
1.190806462603106
1.2195457582194942
1.2516682537845423
1.274031400657844
1.2641431862541008
1.2198767502329013
1.1409135867572342
1.0984659324075554
1.0036389297394015
1.0032522771361463
1.0092555335232556
1.0002746311134323
1.0299155112976832
1.0331655492391016
1.1155232051930022
1.1603281611828917
1.219648712788081
1.2408700438766767
1.239677640532374
1.2326674202017052
1.2494121859063998
1.2072282459534036
1.1661917166653086
1.1201185891603236
1.1014792534390103
1.0690182425419896
1.020062627617648
1.0495432497824881
1.1377777462232488
1.1844900890862207
1.1796161689940785
1.2127829651258732
1.2130419918285624
1.216129458935763
1.1855954049740243
1.1502743338211803
1.1403764267477092
1.1359087268115065
1.1373558959153984
1.1218275033117653
1.1426336573918732
1.1456657824893524
1.1188213239067486
1.1020284750747276
1.1294009744092075
1.16114533807973
1.1930799813666773
1.1673497344406796
1.1735607177284433
1.2066807647645097
1.2037524205969188
1.1440491865670155
1.166139319407702
1.1476124551072049
1.1152817728077387
1.0312343888715612
1.0130276405433793
1.0458591400319976
1.0543291959555487
1.0997309586510122
1.0898524995772023
1.060438192768709
1.1200625858659023
1.1834324407259056
1.1925936399339796
1.151975593426943
1.1298149598297287
1.1597001904819797
1.1248852710788855
1.085575904850203
1.0358071938325426
1.0027313505789022
1.0031114031892923
0.9821319765022554
1.012134613412219
1.1031267140594407
1.1719862823079148
1.1795142788426594
1.1857653809226345
1.1785973475056606
1.146267554277219
1.1515344645006496
1.1110816171047007
1.0773722242827681
0.9868154399249016
1.0670949208525073
1.058850031545327
1.0714316675627855
1.0621282506527703
1.0970423783246983
1.1091400620333434
1.1317590475123138
1.120743476330753
1.0839211275637242
1.025246252892895
0.9820004433634366
0.9859629516868751
0.9735914382432403
0.9313065036847328
0.8755840755244338
0.8922050191520268
0.871794752764485
0.8786797549109482
0.9126802499207831
0.9631470965381593
1.001725125955465
1.0123117996345066
1.047389045665476
1.084123786591138
1.1045221577738742
1.116388271218026
1.1122545904302001
1.121236775753064
1.1039975847535246
1.0813169525022772
1.134238314756691
1.0923723533624123
1.0556968604877508
1.0389372240591075
0.9639315918218986
0.9490229357403092
0.9675815799181788
0.9938912129659293
1.0732741503613803
1.0769323221205547
1.1312644966503378
1.1177767563757899
1.101957270442018
1.0713310392005377
1.0783035444592466
1.0456144763734654
0.9824629239238771
0.9574288307244894
0.9641301790261154
0.978677093347118
0.9579907636168314
0.9625187978184354
0.9957623154436165
1.0837286067412422
1.127082057851054
1.12411444247716
1.1237084089109504
1.09876870085919
1.035091564357292
1.113121250563524
1.1121832599094603
1.1041008215382326
1.0882631794837718
1.0636609010189269
1.0676479292278815
1.0593979638354183
1.0671238057814136
1.0907747806138113
1.1152700538879403
1.1542033008778518
1.2105471214939307
1.222741247945398
1.1972192276111489
1.1629324338614835
1.1489906527394047
1.1095610513456848
1.0566179601404622
1.0450261064852793
0.9656587704857946
0.9282631733184904
0.9552935133168978
0.9168806819059638
0.8716274976434464
0.8249136163010172
0.842718714434133
0.8824459258938591
0.9440523876047513
1.0238328127872338
1.0329716278595065
1.060706691350655
1.0741658808209138
1.068383284439929
1.042286289726196
1.056286488808655
1.0421107816526354
0.9958736358300654
0.9423162454416372
0.8840232619466595
0.8471236911498916
0.8846302580579941
0.9074687078761191
0.8891046294332845
0.9468003375439826
1.0416885526411088
1.0788556766616861
1.0746290271078647
