0.5221961437656583
0.5642073750979347
0.7384839998835028
0.8941989332588158
0.8938617868458703
0.7232847378633629
0.5641497375922223
0.4915867160354104
0.5456699841970706
0.6994900362222544
0.8034496420442631
0.7920631333015913
0.7572436443558178
0.7069737747246392
0.5637726616491734
0.37120562514813954
0.17904777819255213
0.157501642343614
0.38943408407935387
0.45877492448438467
0.4058752330013257
0.3591508864765994
0.4914544949296385
0.554466347071396
0.481771797737115
0.36588282632086844
0.3772238865646247
0.3542482505056194
0.3290613790338412
0.43297092847625507
0.5381461236528863
0.583923463192548
0.583920272617855
0.61484742969048
0.7282587692835191
0.8425921018370657
0.8709696878446906
0.8935973484442208
0.9440770185419843
0.9346114977224109
0.9114541267705648
1.0370731437515226
0.915860327647199
0.9874013240968875
1.1852019898004331
1.1648295229412031
1.137397517418098
0.9200689317251516
0.8461139918310409
0.8688720627562464
0.9700187517356426
1.1730920486606957
1.5089359846253936
1.812605023879898
1.9095479100955646
1.741813603889695
1.7012582520821216
1.8578682071000219
1.984590007043146
2.0795926174936428
2.1134071492131126
2.240045951417285
2.3416195308707572
2.5766969471391987
2.8501779804675325
2.8901511300443894
2.836906166966518
2.9092762184803633
2.9144432555956787
2.9648334141184227
2.9625710236915426
3.0543073152166853
3.2171313391614773
3.3272756304896247
3.4599268873779803
3.5918289225710196
3.4877409272270894
3.3526960344448185
3.280976188409117
3.2671524751198167
3.3809113263482016
3.2574396062088997
3.2883773817882216
3.3440987986715878
3.349584698190048
3.3355357634823464
3.4291599812246836
3.495556412836428
3.6190384521835077
3.75923893388153
3.9798692643586655
4.086916045412329
4.063887779161275
3.952989048516388
3.9769300285994333
3.932706824451216
4.009242893410182
4.095604184224823
4.133940418679949
4.123464422219668
4.048744277099603
4.126128843630669
4.10084073866841
4.037516206738998
4.037457213583143
4.114981684937407
4.2317983709553495
4.228799853066103
4.025486218492759
4.134203071519814
4.153640493280949
4.068526767267447
4.148731820039985
4.055232387028622
3.8916227546510234
3.7934621467410397
3.8950734285043067
3.8870698566824795
3.986791041407434
3.9988670454146393
4.0462883283712685
4.184022095502805
4.156535092719078
4.230660780001394
4.180658681603771
4.192558815393999
4.212232891252269
4.088935808743204
4.035694285055089
3.9663453729137803
4.0371042880494175
4.086989836448145
4.130171017748187
4.055557172037461
4.011958516698851
3.883579553652396
3.889410903348275
3.8438574193780255
3.707070148405391
3.6237195733849807
3.4560598004289353
3.440167861865973
3.4707411977323614
3.4069403427775433
3.3265117828106554
3.262891595905639
3.1783572597813503
3.2241951344411257
3.240143850221208
3.3426538044136778
3.2246022625041606
3.288269366897962
3.2960196527517396
3.2324956181083446
3.1554871000700926
3.0929178771497146
3.1259068653933717
3.149597701192598
3.383955451924462
3.559659299061889
3.6437486099916363
3.606811972447265
3.5928087756407354
3.553250029937438
3.491947085296058
3.5096519055443087
3.562050973108094
3.539518035100856
3.5282817835643163
3.6273508044228406
3.9089390375248803
3.8987740918533076
3.9094585604499765
3.9077657816075293
4.015635564368398
4.0041552956474495
3.9426248204387715
3.9099539523643365
3.8411229691128095
4.017802845066124
4.178785685524201
4.1755997998024945
4.202521648884113
4.182289981186226
4.217024742318982
4.159505426817886
4.01992441108758
4.011394778653097
3.993378480301418
3.9319811970346983
3.95933346665993
4.082981638809367
4.196950413623031
4.34517757099855
4.446954564189551
4.432865995808775
4.352559824437843
4.2918695357922045
4.2524145493163115
4.340820454195522
4.327575296971598
4.5055118404010726
4.512787357222652
4.60146230611036
4.783451982597014
4.874225298908948
4.796579002745816
4.774138057083849
4.8470974673502925
4.958976198232878
4.98508329636476
4.970191458748769
4.9807554435268795
4.942021599908604
5.029024125169124
5.047147773645822
5.048685778920656
5.136578175824865
5.079051022455294
5.060402481522618
5.2786430804511335
5.397974225360592
5.464942789107191
5.4154521988909
5.515057411389624
5.475225194104986
5.405828930472378
5.258432702154625
5.22998071794097
5.20116408082875
5.204118676488915
5.1956262161444435
5.1036016025302695
5.22734049822831
5.122039237509984
5.17828131654509
5.079363690810765
4.914262089261713
4.923224216147333
4.853968538849782
4.884792252887239
5.0174076845598945
4.952308412820258
4.946684161119443
4.848798514761439
4.88493595380291
4.957557015490408
5.023097049389448
4.860420090691975
4.9941353792503325
5.0449386161541305
4.988108085187688
4.9678429219863105
4.993947306602515
5.052765145140241
5.0781280198649
5.048738023488778
5.092084474370293
5.167385716949632
5.132480833944112
5.269934208107786
5.239449583944196
5.179834124906299
5.161734941453865
5.066009920698896
5.089666123789871
5.072486090916665
4.976659041761503
5.067991850684056
5.242817214850477
5.355443274112645
5.301899797043828
5.245212061983045
5.340726808423439
5.351903391979031
5.357237406071283
5.169396142477535
5.181370083109431
5.231932499634713
5.336795129536094
5.5275134787016205
5.558144595423789
5.395426910768546
5.3675431192452425
5.4435904895840475
5.547594480430705
5.577634574530659
5.429591230898051
5.394747521447739
5.296730595308693
5.166107329848731
5.183378897988573
5.17610980604174
5.142932301067549
5.323211990509897
5.290937197028472
5.254562199442384
5.326144328234826
5.255474133315865
5.04903407438523
4.932996729318339
4.887735045611128
5.005664828246832
4.971051357777336
4.892048276429567
5.043439639997714
5.21485348488476
5.190801494084922
5.1857295266368695
5.220612116199545
5.282909128151613
5.25976088371786
5.272611169334271
5.265976140673622
5.193303075948826
5.069776779923384
4.922556001646976
4.979756580582359
5.157119822462585
5.232583400769194
5.150071047191122
5.096401791284443
5.188315503264684
5.30773854929181
5.316425897705546
5.372622725660453
5.308447248976262
5.343198213684839
5.260292121840182
5.2643134403725025
5.232478585942024
5.127220451237336
5.0278703572844385
5.024258283532274
5.1284342510769125
5.277204316025322
5.225531365605823
5.0956549803827365
5.120493115091372
5.254065345262799
5.184115300782836
5.153821525035934
5.235399308994577
5.378823306048477
5.387366615553578
5.362260706851662
5.263573074881242
5.165407072367561
5.073939072350728
4.988351559302963
5.011513386469717
5.1545055276199445
5.194424194401726
5.265118677336256
5.343302333426236
5.359341937833108
5.491127530439428
5.531627369822817
5.454443731802992
5.41366531984962
5.305525171991844
5.2360143196437825
5.1983048618108185
5.218228652429249
5.215400147754795
5.336990677566207
5.367486847772284
5.4520833168310165
5.314997559788717
5.181427627629397
5.151020198066434
5.072103685821729
5.190161254393572
5.1908492322443305
5.151454884092823
5.082028105005446
5.018110276602432
5.085704425009146
5.146515855849179
5.175151931184708
5.235040009160726
5.167129293332022
5.126235040151236
5.121926359037814
5.149467902808016
5.12851510600552
5.1664826635849455
5.162907628633588
5.236456737601466
5.319678851886347
5.295443053532644
5.365115516329276
5.274088151538503
5.1708392040139275
5.232284939653969
5.255381987903387
5.298226486805282
5.22497116820779
5.2043610901292565
5.2139723779198315
5.185023106855515
5.188355918298137
5.272985469294233
5.195579410843084
5.216769788019064
5.281577455175154
5.347768051426324
5.366900639464279
5.405265414414869
5.465256591303725
5.410125910922677
5.3894385058926515
5.387727871504479
5.295513272985222
5.240999589781198
5.376460618395222
5.244733498032049
5.231802143965317
5.280065649675366
5.350640594057288
5.201361645944373
5.09403812546499
5.15765716070203
5.089962339935072
5.111953873038606
5.150462358985917
5.287607630301375
5.26831030148782
5.265646770949537
5.265373255636839
5.100083100130014
5.212452836723913
5.289845434101848
5.156343077936449
5.13830433521594
5.214925172817414
5.283436138381871
5.2384952260790465
5.214801491801645
5.091320958333001
5.038727271947283
5.006167673607396
5.218407661578856
5.19889249835662
5.137100939085196
5.096259362520319
5.165356904758641
5.249480588769347
5.372624575051548
5.475595714732942
5.560270712805127
5.534728515352729
5.6803593320583685
5.608801721792467
5.624119669246632
5.724232897854438
5.7928721655308095
5.818664182159441
5.945001797974885
6.051179606629785
5.933536734494721
5.867759316544191
5.792633110986668
5.8339804027573425
5.911753259206742
5.852801364073003
5.847007408955202
5.798287893467605
5.834815184798626
5.801884643343189
5.82243743050891
5.812124151455926
5.757230041313009
5.8199918836265025
5.8722645205754205
5.773624330585478
5.854278864843763
5.850349843999063
5.877738932848704
5.970577293850845
5.97318853978027
5.881259143319548
5.921658028967321
5.8200786823601005
5.884549546592848
5.879227095160011
5.879136038682884
5.785156397704707
5.837317215003898
5.915200834657371
4.653575020413834
4.592456710262457
4.531444826290542
4.454044645328257
4.406461553537971
4.322402825634089
4.078860254253175
4.000163743200069
3.867006962158188
3.6922229991966873
3.597837650450474
3.639425714884969
3.6829878188227867
3.618326298798791
3.615398453728192
3.557271456007891
3.509444008710632
3.513836849541227
3.568432172576803
3.4714245588639416
3.3634335047374124
3.203332653496448
3.1750146601250684
3.098956027297412
3.1078887169299185
3.1613915055927104
3.2496503993769483
3.369165829179148
3.3916111488017497
3.4827480596041482
3.4859657289713977
3.3503763897221694
3.3407422693007494
3.3013130172276828
3.267804540323289
3.259153362003608
3.2494016297876076
3.329914561758437
3.5599773106160066
3.656030474889894
3.76117146815075
3.710328933735447
3.577390995793264
3.5541368735271033
3.6509523538622037
3.710866674829658
3.695806391604403
3.5579887362270712
3.585323826455781
3.505889440335906
3.456513294778929
3.5842771775377833
3.5784147010842196
3.4518641346908616
3.3467809409101665
3.2499722963738167
3.167155209395421
3.149040075723656
3.0178093301215756
2.827440389990576
2.615009911965891
2.721333071187704
2.9797310618367443
3.053253078135441
3.0530239490135056
3.178584169827317
3.2798526130200014
3.2969881177995854
3.2748668044954945
3.3816118968411177
3.532124377634932
3.584305385249134
3.5467433654340246
3.5400351638290024
3.3777259775273505
3.417903564664601
3.4363381189042057
3.470761853043024
3.551346815272626
3.706660883764224
3.72881227481807
3.6699925976761087
3.584934856151344
3.4689963341332124
3.3784557527804746
3.2623487180389623
3.3557308606754823
3.527840224985404
3.683079263968853
3.760644324923345
3.773267729905192
3.680698960877014
3.6610624396066775
3.628398445781526
3.578921065947373
3.539062895050208
3.5911291351552985
3.5026755697067573
3.5241074140813837
3.5865503868560835
3.6111553739744555
3.4600128892801734
3.5106218975912356
3.582477764811896
3.6140354677728803
3.6474513453284056
3.7027939645284573
3.6675712155487714
3.593392032894747
3.5009433277248108
3.539184588949665
3.524565882974417
3.6032146339321742
3.461288817236726
3.532868390483995
3.608187211476184
3.5680335383204445
3.600782653766471
3.616693450450008
3.6475162746734813
3.722505167963715
3.8326396132704144
3.9776096326911206
4.083276772420917
4.092709809346476
4.035754687988632
3.9063711115817905
3.9399347593075866
3.9031255712860107
3.8318733483169387
3.8541856306611626
3.8974930961090752
3.943923081482109
4.035344269331449
4.141835670191759
4.204096604648807
4.279390880044923
4.287215040245776
4.249619456830063
4.171232859474628
4.0824556777025744
4.053594669015012
4.0282283382143005
4.08920004543554
4.105413436943269
4.0965168333302096
4.1883035462853275
4.3584260038833
4.334153333836185
4.139292141904902
4.106196631867662
4.037014223164218
4.0994443721371105
4.10840715939697
4.106303219049387
4.047903063678308
4.08754470080698
4.057571369251819
4.060841017416317
4.06407191743346
4.006889406720574
4.021385226378417
4.112205634121252
4.074612444312482
3.92650464343321
3.7899039969637025
3.8339733219355803
3.8197686794868955
3.8587623127823747
3.856978192914867
3.8147879179055586
3.852450415637545
4.017518644586041
4.089314195306845
4.0672295387009925
4.062093629727133
4.0725557922319755
3.980465471368961
4.06118554918191
4.217573171070406
4.2931584347807625
4.350866989254359
4.304955812819372
4.178012393153633
4.097187834972034
4.137665005491198
4.105320870075424
4.009952242559528
3.9747909004938125
3.957694303222288
4.049825794715583
4.1183977096494235
4.190579824907815
4.167426357814653
4.010222712703234
3.9223379014419915
3.923936602711218
3.9693666756357846
3.921016135779686
3.8437835482860567
3.9729661036785195
4.076805259010689
4.074132726332038
4.1208146912180155
4.154916522218631
4.205344271933584
4.179492237103773
4.199704638581029
4.216523715541999
4.148566159599277
4.195642525685044
4.262438387473208
4.274700455707793
4.220020431521613
4.172439687533671
4.221554948898934
4.282863982948908
4.297886885939502
4.3141120654997716
4.4552701392389915
4.523211952952274
4.550158077791059
4.474886477650105
4.497993662535972
4.522552306794783
4.425626606077051
4.288945554259153
4.384438398224116
4.4070263765592195
4.354449778365261
4.285132342911115
4.336739930393688
4.3684639239242165
4.287305515721636
4.176091271090931
4.142019536083373
4.157682870107395
4.198583870060321
4.237225788873973
4.284651507930334
4.224805069758014
4.125460238021438
4.061656171895441
4.0893937997020915
4.253936773158484
4.325227569383595
4.323541642225304
4.26834931654074
4.438760501752629
4.391262926545523
4.315930192515955
4.448629118174881
4.515430113439975
4.481498986331046
4.370577304551782
4.343934547049463
4.375248329745055
4.450554952640735
4.598048556953548
4.580231894190282
4.645603232391732
4.612917478736046
4.591889892250784
4.537825368672036
4.56918878950473
4.549523147354909
4.511874039646932
4.481930982934148
4.474625469526307
4.558380778347028
4.582565554357826
4.584629980565194
4.631982331814566
4.667834626422249
4.706722159595667
4.79379326871906
4.8073635783027955
4.790438488974446
4.793518199416286
4.66292603363354
4.5819199985291315
4.551038486190893
4.540930562095695
4.477118243052651
4.521444068517743
4.520373309855604
4.433799791039239
4.514746294544319
4.6287283861078485
4.692750589222853
4.712067702649941
4.745959236344436
4.698178199180113
4.7057722567008735
4.7380631747839645
4.63291025886249
4.602643082882741
4.673745338247872
4.765845150177848
4.858303978152387
4.921501667126351
4.853446160872272
4.684998864594564
4.718420519887461
4.672395753778682
4.500989114869219
4.508214722454612
4.492165903281829
4.481569223031768
4.415322494289316
4.475681502984024
4.535451500506998
4.415667291001549
4.400440519110448
4.422068584926064
4.515194198083867
4.581427140149262
4.592729782727945
4.672969282097298
4.66391165395942
4.668977189512512
4.663530027126572
4.643773317932326
4.662564529553583
4.73399029266071
4.810975802988459
4.918459854687663
4.831249562194099
4.753773245359344
4.612954205806977
4.608817757017668
4.642365469265529
4.633015877135249
4.612244470673667
4.534177016542631
4.473005514402022
4.391545360740015
4.468406346548167
4.451016040465849
4.504364406257042
4.598496339809347
4.701356025151329
4.644817459990532
4.6636054408602785
4.65929323207888
4.616789406457404
4.686785191649069
4.7268528045501
4.750610700765972
4.766701866323208
4.727771020432045
4.705827831080155
4.686105369041559
4.763021304606745
4.850667653740114
4.790116358813751
4.782297025085217
4.868990437727419
4.925417625058212
4.896418004675729
4.91040972931518
4.879454479078933
4.861828606601271
4.817504452546228
4.707236473342857
4.799690395648987
4.824189019573924
4.833351556261681
4.84501476979952
4.915697060146269
4.849827613481144
4.943985266183376
4.935971710127315
5.011361527707278
5.03051518348226
4.962210240822831
5.001067213089917
5.039243309407519
5.012738936032661
5.03113319796245
4.987758677704973
4.985903429697478
4.8629215099707475
4.900893743487714
4.887532086811263
4.9404483510254344
4.912860157210372
4.95716656130835
4.91576148034572
4.983591043647562
5.065511768522522
4.998409021554398
5.124276202117398
5.100855898435188
5.082266069517552
4.993003434529136
4.966679566991196
4.922286374955903
5.003712458082275
4.938674462182643
5.019049607805409
5.057822120622319
5.0915758861762415
5.07850164609181
5.069461218880798
5.019014341269025
5.0172633814033025
5.088997871370656
5.132979672580505
5.112100648832642
5.032894959630537
5.047939820372267
5.078304556252601
5.029376813207026
4.991553642753153
5.071033704364139
5.123155219601479
5.1299517978579505
5.112085249309446
5.102083909542234
5.120261331057038
5.132700620180974
5.185362498942515
5.220482870209955
5.139863449668041
5.208401680544748
5.1680792820749035
5.15798556595809
5.128092343884247
5.097996052641571
5.106662542989557
5.074055311543763
5.141600791671753
5.127197811966306
5.155066033161064
5.137681405851101
5.165445230477576
5.218858161166402
5.237070691226108
5.214029259950316
5.200550498560401
5.228954806245874
5.207025247631988
5.2954052222427235
5.227051314007
5.2304746922896275
5.249439151389248
5.192619932455752
5.126055488518306
5.112534487779486
5.127918715753244
5.079188098504869
5.16768733319846
5.1272789840625
5.173757184431855
5.207576711981297
5.253236931505451
5.264198111617377
5.255947838104598
5.334594244866384
5.35811989530674
5.331724067417646
5.341889013731663
5.318344222342482
5.284219146050118
5.287784719805752
5.28356094405782
5.3022677877598605
5.312615580641279
5.290704251860252
5.206049362008406
5.241332893137942
5.159688428995882
5.1654374513509245
5.147408056783431
5.123669448976914
5.188937561241116
5.133520572649353
5.132220256728581
5.169770435145554
5.190886149711623
5.161283249096815
5.11729998697988
5.15573528350321
5.139686054743388
5.152833018727162
5.179380640060006
5.237006288996143
5.142729535360754
5.1908175313718825
5.2275556906262315
5.221392778379277
5.217931129840507
5.196101456508589
5.110815947577751
5.20234184002363
5.241576219598986
5.21408665575397
5.23142821439717
5.162340321356066
5.161592154668207
5.162906236719524
5.171057130746242
5.1850731100767185
5.166981097529958
5.188702433575223
5.131716815915454
5.16748990926467
5.269089190596651
5.256374468494223
5.194311131041425
5.1490515017145775
5.196264875123754
5.250198804365183
5.280602463310864
5.289799083992129
5.2675639638712255
5.2782379972008755
5.306929496033628
5.285522252934957
5.321685818011194
5.2674101582806205
5.224372849331068
5.247280608788597
5.2454784082376555
5.214027392418907
5.273628842401667
5.349105066161679
5.324260648591088
5.26996854738488
5.2242302071178415
5.221232155529965
5.203263622661809
5.183917639894847
5.225225432048776
5.244955496626094
5.248534460452222
5.251088465928629
5.287922546343135
5.263337133615775
5.1997376320393585
5.23824815191939
5.286854547243182
5.290833763902156
5.197384567808895
5.173471468337493
5.228412291897643
5.243271538012156
5.270055827919143
5.226217482769892
5.204194331138931
5.176669721105407
5.225140749069992
5.22867159668383
5.183178298324878
5.227111210991043
5.222741737128024
5.274278187470511
5.229256403002898
5.288218469658551
5.3361471746309554
5.340899928732212
5.3281653718612825
5.2811886644772
5.29097863378673
5.259912766898242
5.27076720684428
5.262829223065151
5.211813454980402
5.205363755288902
5.194649460817085
5.284386391444221
5.283288191984468
5.218805184190418
5.222243920712469
5.2627252384291205
5.278340778040995
5.274048631905311
5.258492543790499
5.253412079827126
5.274604220515516
5.213777267673242
5.246411383859972
5.195789541574067
5.262730150267819
5.25756021110381
5.238988570040526
5.24343783982036
5.222244495837327
5.188534703626692
5.2156967822059395
5.2109994839850655
5.259470595600724
5.2379525961170295
5.260036859082548
5.2795160650986235
5.260755365112755
5.2245251305603055
5.3345421533046355
5.332271751954907
5.284628468654821
5.320606581012418
5.287086943043603
5.353065803884292
5.256397745495678
5.2813944793286005
5.256571614201758
5.273722896627742
5.33487766755249
5.265566473924213
5.2040413800552665
5.221570381922645
5.233716157429337
5.19086698599785
5.239063126673968
5.20547915795167
5.267153780683461
5.31153603038035
5.281406204219512
5.325756723362547
5.36042802980962
5.292856625689919
5.28345152265749
5.257455945286215
5.345676608866411
5.286225176434089
5.323661204766492
5.281816806178906
5.293751361936022
5.236272133241653
5.267801708593754
5.211730620531913
5.19236770212753
5.276869591152723
5.343699961862728
5.392841911064627
5.324245452760917
5.279616010121126
5.344650888602281
5.314635194844081
5.295679833434263
5.301145070167886
5.272747644459136
5.321682611843548
5.261929340084973
5.237071781488042
5.259316243618925
5.255609201017174
5.273494089904679
5.325771995275548
5.353360347306486
5.330953905028682
5.328344694546286
5.402417870948555
5.323476253517981
5.302830837388027
5.317270855963184
5.300075320066143
5.292840810984612
5.332656580232351
5.298637312390916
5.259201919080317
5.214956637634534
5.281191980884152
5.2930370454555415
5.280172646358556
5.298023339512233
5.270999484358651
5.280821047243477
5.304053794031955
5.266189974338061
5.277093447560922
5.227140812426667
5.308126077974307
5.294769715731853
5.320336938265189
5.244946736389136
5.2234853935429575
5.276031346414315
5.300475431340669
5.287686135824848
5.315015734983446
5.302226169775103
5.285814925663237
5.323736768338931
5.294323809538151
5.3139821239339495
5.3236279925472125
5.302519463750433
5.2791964406716545
5.194500364486564
5.366239616746681
5.346422638776671
5.296007203202514
5.331697759035701
5.325352682723948
5.318483555747747
5.2953791536632
5.310573883424631
5.336973972303018
5.280289686713336
5.2939375460092455
5.3044889949609
5.319931357098206
5.237794521241406
5.198748431159772
5.263557155677003
5.3053212686137625
5.323364657094655
5.327585581531026
5.286968289191757
5.299468556784976
5.307173843901236
5.331221161400065
5.334987915221206
5.289996219208401
5.308032388889971
5.276723065120175
5.331859959661431
5.277666450596364
5.273399602742147
5.295630692872344
5.325262673396532
5.274487666552991
5.300628693175352
5.329576910019617
5.332180201604856
5.296097829437194
5.275586920451361
5.331712634520848
5.3136123640129735
5.306681601120345
5.279661135183363
5.280584495596072
5.272308190619491
5.247279693122989
5.221176560670133
5.27150789230192
5.184717896792191
5.146526572582706
5.165590956172185
5.150978811127311
5.143025129691478
5.217697983089074
5.238195751613177
5.234792448521473
5.2589687225979125
5.2350791908809855
5.292798469452567
5.297568634660324
5.221757724737765
5.2272555047193805
5.096746215071646
5.198361223062486
5.199939231128205
5.17543737159094
5.137565696596946
5.122590099225885
5.162268285386785
5.192024711510046
5.181287494991877
5.146971370112991
5.100595700297708
5.128590031492821
5.182458724633652
5.21361752396542
5.16644091241422
5.243797144498326
5.2806262987412325
5.272328605594648
5.250890355775426
5.240376068999516
5.249785531090796
5.293325360557665
5.2883979789983355
5.190376119183611
5.14803964403015
5.239373347652904
5.188709922106214
5.205761950050763
5.1355135075041805
5.070589199607617
5.133186892891376
5.218243531868681
5.202982896335981
5.126962710194952
5.0948187015610396
4.9861671945249935
5.067896579651217
5.095779311564441
5.099603939792049
5.008356864746163
4.984088380364021
5.075642235224956
5.125727550642084
5.196041577701674
5.241137061970544
5.233686793210816
5.299762525544805
5.286659755155836
5.183302834605603
5.186198741249515
5.1697834370008025
5.169594490832042
5.11439564021409
5.149488723040304
5.159344568651062
5.178975056752447
5.14034907381199
5.234437953075396
5.250957128613969
5.242124460150292
5.233890437034152
5.266629314810774
5.250654229187367
5.305650963525157
5.350041880074764
5.277839491477959
5.255995665038356
5.307999058752048
5.267234570189232
5.296109316606508
5.381450080848845
5.33927284537933
5.319127449741879
5.366421566934102
5.208213609407034
5.2561337447036305
5.244476082200672
5.275015943755758
5.319715265879576
5.289379896562599
5.196629812751771
5.323778581555063
5.316095104192602
5.301134246392821
5.301012519342464
5.334529412917773
5.26705628333817
5.259263215223282
5.216463985994806
5.2383889066953895
5.201684383033151
5.248693440361863
5.2116409938299695
5.154479341339673
5.123166808759823
5.225584686803151
5.24017661006273
5.225058940355943
5.296469466360115
5.335251875617559
5.3851205362114065
5.31089225225062
5.299220575434459
5.364005898720202
5.336524398153622
5.31209131171372
5.317240792938826
5.299787426046139
5.335874790574363
5.37833541032639
5.392894111805187
5.37089741341681
5.287093309807274
5.356767194640659
5.331470558408691
5.3685749946008885
5.325340791666923
5.308304035649332
5.328702396522552
5.317564840017932
5.278559052006756
5.3158313140751785
5.307199946057828
5.302972275929347
5.234235118175891
5.136380807498504
5.274708687611
5.247604839811647
5.177357602431762
5.294693393000618
5.27243245923041
5.292857293694238
5.306622269816598
5.288734514467828
5.233578402023876
5.2324175839005385
5.306954394651294
5.277425307463201
5.302904659787755
5.349096920360939
5.323603902147279
5.3319531816387435
5.3066946195106395
5.334211186352406
5.304511388687705
5.349002515935147
5.369192490342705
5.275897159984023
5.343211813007009
5.379651546439199
5.330269388429881
5.346482172154963
5.380008196415655
5.321368234658807
5.323421248191223
5.374919593713233
5.279691284561249
5.348979267543532
5.325766898727481
5.327507883923189
5.245233963299009
5.199525400721552
5.26137083059731
5.2503943663991075
5.158666781171388
5.161950595565845
5.21005950716798
5.225620155677446
5.189531383818995
5.15407425584
5.162387591029601
5.262468298090914
5.249626576788575
5.223848707139629
5.25570969740135
5.313756442911354
5.22596647843218
5.307414812742104
5.292972200754628
5.277302527224643
5.243159041538152
5.273571917218082
5.249543344499266
5.193637728383923
5.237979960681921
5.226159462125093
5.245813953473857
5.27277675265613
5.248114768442951
5.284714188792992
5.185754897862073
5.2132102494166705
5.304865318858581
5.277959564331849
5.281666896910907
5.295032472290837
5.303208173370162
5.26882870973764
5.244511256803458
5.1992814834330545
5.163854729717886
5.286089440305082
5.266005592313084
5.21992764944373
5.162645353019351
5.200530214460042
5.236746636819151
5.251141269223057
5.211467926676464
5.230617129046614
5.2170180960068455
5.223939700174148
5.2307183501660415
5.221144756130213
5.274769196577136
5.22917412582946
5.1469133451760465
5.1605372778111045
5.199683883863477
5.1780182816187725
5.099694036176904
5.201223487265472
5.240605431164955
5.206469527037182
5.239849543297687
5.193067426088751
5.194559150098976
5.212958951309928
5.16491092740189
5.223768275183751
5.23973796143382
5.237808217811389
5.248799632642669
5.256395138293552
5.192267294446847
5.194934321367498
5.087148024903551
5.119771125326418
5.14954603001339
5.184296829023455
5.157883180441515
5.108156110021404
5.170140219695907
5.157351632821104
5.143355662593874
5.241816502964161
5.2616432330679395
5.272859181871338
5.184393576984356
5.177242555729315
5.117084513198077
5.07063118899047
5.109807639205937
5.13475585409919
5.074834015090048
5.1153218635550965
5.07947808689847
5.094110771344582
5.141044396570788
5.168800204246912
5.111375034632264
5.151266312680544
5.144639940821037
5.071102093195603
5.192713197570267
5.125404456058436
5.130164320446365
5.197386618314213
5.188746611823294
5.225710762912563
5.144820537430552
5.192657642917387
5.20094336171745
5.152625167957945
5.1336716830848355
5.158315027180108
5.18498200372641
5.190011121629102
5.1927892747332
5.202072282126966
5.193401105734901
5.117284920604434
5.217089792918619
5.197983022923147
5.240593369567147
5.2520114895649375
5.260404411785357
5.2375458844768445
5.262319358394957
5.213062050945939
5.194626184443246
5.202040076032774
5.223349314518974
5.197302420573635
5.161930883188262
5.210372282050621
5.201349301278953
5.204529186523683
5.11695925284406
5.237159854109584
5.206546128911862
5.246550549747094
5.1805490122637385
5.24352313648365
5.21957519766445
5.1919264689040645
5.2093219826933375
5.223821294462398
5.22273353366796
5.238098377218348
5.267167869991493
5.20323783353129
5.219959571515336
5.196928484471707
5.23962651014627
5.215368833346592
5.309647572738307
5.210965325368465
5.2072256316835475
5.20776133357787
5.205974929032643
5.274796442620261
5.262864525318582
5.170446446298764
5.198411759301691
5.224094429019333
5.273541053380577
5.241505653900106
5.228113573911258
5.204210236005504
5.203705177616626
5.2035036754856945
5.198637621215885
5.158222450682046
5.161658803797746
5.188527268163836
5.143806996256619
5.110720850848146
5.166106128971753
5.22459846621131
5.1427130762271425
5.134676173454659
5.091552138796195
5.082502584316445
5.075753491935343
5.1274953420217955
5.102141871283281
5.13695336598371
5.143836400730348
5.080489822464976
5.162893259341147
5.191142597956847
5.140986019835912
5.156663794311437
5.217635660447018
5.257509534842298
5.232559950501295
5.2049184047278665
5.16352022127548
5.1411549026189345
5.2031183110234
5.188117034180589
5.222934191928743
5.253286736644511
5.1914934781584785
5.219915525208894
5.188822450788389
5.1863776099193455
5.1961504586979945
5.198550204013585
5.224988074714739
5.280685909538696
5.303943308632044
5.287717415613661
5.259076939406141
5.261609656980238
5.275451971113716
5.312513208849796
5.274130057576009
5.229820033221552
5.282219427659957
5.222699570385141
5.220716399539899
5.227528577633426
5.227926847154449
5.23583256488987
5.2093524622244844
5.1779257764826525
5.210282886670043
5.24752695463414
5.25546064864616
5.309751092608294
5.288152717204099
5.2051572592370725
5.256191836471598
5.305847751163847
5.302001694926088
5.241130732226837
5.24765307288299
5.190086609032281
5.184048939944742
5.289432005500255
5.326854397352573
5.26093313845163
5.167838304272374
5.278656282269859
5.287781513952428
5.294810803476813
5.304802246231222
5.252644160335897
5.267862522818851
5.314961611964947
5.339646799391402
5.268864781843256
5.321695890046215
5.349988450234664
5.2637693481504995
5.318831472297985
5.304939625923421
5.271097107769724
5.225338867520271
5.257983105907013
5.285201243460303
5.310395733734681
5.200479632591639
5.324872465004585
5.313952740095776
5.3140418877817295
5.268169361769881
5.341200773377164
5.348490613944043
5.346549448490241
5.332387984808115
5.221432267090267
5.272987317991401
5.2563814566612175
5.255607197484096
5.260576767510712
5.284476834122106
5.307503531493528
5.225399729520456
5.230922060892826
5.30137408711072
5.257178485351017
5.214808535462291
5.211273894913791
5.20397165262556
5.254244689394767
5.327704602384962
5.331763392520377
5.320729938152908
5.28713776476076
5.28071953065717
5.274183309534423
5.198941010213876
5.213711135603212
5.16924519161124
5.177575437428919
5.211330513811947
5.111388302247937
5.114513497655638
5.116518561823116
5.1709410626298755
5.232614121911545
5.221393802747025
5.235794491468521
5.261008142852866
5.298375615250902
5.2502733252290765
5.3348177029109
5.309393588334699
5.271335990987905
5.326377510774418
5.316068620375722
5.31189285344451
5.273044065822378
5.317844084062296
5.2620728892720425
5.276761657416888
5.276282159279342
5.278043583019238
5.275994719256209
5.303164494357556
5.363094802440206
5.297013053657992
5.302154494915039
5.312301175929719
5.241621386154252
5.195795035974566
5.251121400859362
5.2881239669406295
5.285059698395596
5.289333084579214
5.276060366025868
5.2980490532097635
5.347539554036964
5.3002764364434025
5.251187174149879
5.298893109280121
5.276909644001917
5.281206191784556
5.249901462352198
5.2080986498469874
5.237424970116729
5.24538977044047
5.223918670119949
5.233282594510745
5.240220799723976
5.183965863834319
5.232718767917764
5.193578536467747
5.125353361465261
5.165300034295288
5.16049515203624
5.202735499877069
5.226641046114809
5.2432617168568685
5.2331494205117135
5.291698852764549
5.266860064042508
5.343086768945046
5.248693063449248
5.263774954065602
5.331445024074132
5.34542354932145
5.304967218336563
5.252121186630802
5.268370426431506
5.25544474664365
5.302034584329522
5.31659599369922
5.3124277826229465
5.279484815822377
5.2766294884902
5.2659438071252085
5.21267073077786
5.123111915618544
5.13813776671531
5.124142754107141
5.228033562462955
5.2671704111081565
5.202956744012289
5.26209749203114
5.251548119216205
5.223190344389456
5.229777895412285
5.2288643671931245
5.269736750442875
5.187042412576386
5.174203630336661
5.2125451151634525
5.234910930835423
5.183626353318498
5.265274540638083
5.234454726632005
5.164263366872081
5.237844792279381
5.196224144483792
5.153454248363552
5.193566273657364
5.227270992889857
5.244091206949512
5.186939212491314
5.144609355662517
5.240788512228563
5.1893215598700895
5.177133741252971
5.131409072216148
5.101074523969425
5.018517070846538
4.947699130039088
5.004814014392308
5.092332818314041
5.050855198774689
5.021858333955873
5.065010557373096
5.029590608542645
5.026310760717222
5.082547683788128
5.112747419184711
5.109399654546594
5.066773538421827
5.113389025907207
5.072685773510512
5.098744405684283
5.174488561615871
5.215122251533062
5.168760167604801
5.230419816547083
5.276864680593092
5.258924232562942
5.223774321668737
5.259518134674421
5.228876946912107
5.226114899981773
5.169936301797968
5.187152323201037
5.100279162371717
5.033996028325203
4.997285015335125
4.967437205101515
5.067387080726824
5.076691715508181
5.130561949672046
5.200432485544825
5.111394045416919
5.153459841705545
5.097587453971795
5.140271407069886
5.072648190436095
5.1311396752520695
5.0706918492916095
5.081093166805196
5.129319650686832
5.15112874381688
5.15311035792251
5.152769904407526
5.1125764600286585
5.1347005552496965
5.118449425121906
5.1047465538257715
5.180162775425512
5.142179064923989
5.098744775924994
5.067293648342088
5.068873537649682
5.147921758327956
5.122423913624117
5.158376967028971
5.138444334880403
5.152167062203518
5.18275818367872
5.227964929800108
5.211883166839898
5.129228842011283
5.286385284331704
5.241278754716229
5.237478197664868
5.314583821709934
5.28923299138047
5.327059792993589
5.2623933157482385
5.228503498227447
5.255594846927413
5.319611448686276
5.306298750037274
5.288681787870801
5.268552870983349
5.302309641476913
5.274508302103727
5.274820903417567
5.23546923685023
5.18566774114993
5.1427239819712876
5.138282817947384
5.210302422380229
5.217163228610962
5.2086824682073605
5.230062442272421
5.233638986801578
5.159028488161132
5.241740555810494
5.172934325130674
5.1108432927792995
5.231325005102572
5.168897281044549
5.158630580387275
5.190369560246036
5.17169899659586
5.148542230275775
5.1340080516699445
5.192872632733936
5.174546193259261
5.257604022532333
5.174300112577509
5.112595049135855
5.209753710845729
5.15504540980647
5.128743329673401
5.1532907798204635
5.1599314997372145
5.14944962319039
5.203552383673486
5.179039786302772
5.235871180622546
5.181348058675984
5.1931033365026735
5.129298545748563
5.167067579685777
5.180095890301552
5.138006983454073
5.088635335361422
5.118266903469223
5.208114538240465
5.187094998880273
5.206267600806471
5.162246002573069
5.184724142912302
5.161659614524443
5.207163701435913
5.236010895856492
5.258232320469582
5.166729691954981
5.277892260176333
5.240810443249245
5.139752419779651
5.181626411794081
5.181580565818617
5.1857933686400735
5.249655834983361
5.232859356886587
5.212932127195489
5.240261798287094
5.212555897012205
5.139223775064766
5.148582256348982
5.117850924666255
5.115168952907942
5.1145144545542784
5.057751523241049
5.114369062138098
5.203173148126525
5.231180608934656
5.2773821192007935
5.227341190832918
5.141670655949013
5.108771688568838
5.1930132401155005
5.215990628931508
5.132966927202673
5.133021059008313
5.174852190102821
5.193436052779991
5.168385469911175
5.147777264988357
5.056555806251881
5.120532576981526
5.079917637681745
4.992062393049523
5.019400356631296
5.050742818648599
5.113438917618932
5.090468551921508
5.21404348166146
5.129538736270315
5.090265581094309
5.09363927164987
5.170404889464496
5.180671341070326
5.176365211373963
5.140471149503908
5.105531862180973
5.060740775898648
5.077721708493445
5.163614037124021
5.1385739061154485
5.068940954007539
5.167563256442096
5.172121321554584
5.1292703885376225
5.129800491835657
5.1167497234628865
5.116400257133173
5.10788285559491
5.108239509219499
5.086112711047121
5.151114407526779
5.044932838250605
5.077475110657631
5.112464501346135
5.148251858888802
5.042089465844126
5.0447268456776335
5.020173996081874
5.022110445949018
5.056890435388257
5.1425029925076
5.1461359805419535
5.0202891616152705
5.062899242501209
5.016158433774104
5.053986198777558
5.08498304302673
4.973645032404039
4.9475310324129005
5.033989619083055
5.035723372450636
5.007787445150215
5.02458381250601
4.893269988896044
4.896049771157399
4.927079151332331
4.899134129476812
4.956204351544918
5.043556399905724
5.027397094073863
4.980015829104293
4.935859849931445
5.000231576274421
4.931420075425013
4.9161982068016865
4.896219123849809
4.951605617726256
5.033628356041222
5.050931495853198
4.992664243813435
4.991524368609175
5.005426473508173
5.015138162112265
5.043086738151199
5.024775762943314
5.060850946045514
5.051427994078715
5.0621796889866255
5.018960205974794
5.084113710284605
5.155471996510657
5.160009139466692
5.1746351329495885
5.123240771578721
5.0796182232695175
5.16387272826531
5.156345378085294
5.116189436259217
5.10959693534451
5.0141398823520795
5.059099248238118
5.003216663250615
4.983301527155064
5.071931691542508
5.095078906869876
5.064664639148268
5.086483572808131
5.023717718600683
5.106093088378853
5.119609894401957
5.097360282116236
5.090025845149822
5.027470320224821
5.1272170864812825
5.126525115864244
5.084817437095971
5.052960508917879
4.939158612632773
5.005244058781722
5.118299032145788
5.1251877737117715
5.059396032141604
5.035546426161901
4.984850877373034
4.901784623229593
4.870608046363677
4.886520332102123
4.981926499845336
5.007880488462781
4.9737434684053365
4.996357207559203
5.015974838169503
5.006676771809328
4.9855307663607205
4.911903913226099
4.82732479566871
4.840264300900004
4.7186100771538575
4.6462197356691926
4.5958737104644385
4.61409180497278
4.56402023229987
4.5694428785354795
4.60569104079231
4.570460988889092
4.564758351065304
4.583252834739873
4.509717830856097
4.466677289450771
4.443270577191955
4.480291910685392
4.4704792261126025
4.508031621302645
4.4442437392226655
4.413486603274999
4.425078818927691
4.413067354601484
4.3655997186868065
4.297359187682386
4.291858493123414
4.239865459938592
4.171544043000014
4.15845554354863
4.061826016597884
3.940456263782208
3.983712869515358
3.999298929634823
4.100997054778433
4.088949738422665
4.005472481139756
3.879452690086541
3.7740403207552333
3.724638100644576
3.773288749588995
3.7565001943633405
3.861877234112461
3.828305531445923
3.8851485108102555
3.9044302276115537
3.8511392459935117
3.806316985962293
3.7060262124925742
3.750582485710926
3.7902144995196165
3.738835542454871
3.6909580491986516
3.597951832700352
3.602238777716921
3.6430579070109292
3.6928914770509773
3.714051350914875
3.776536168020465
3.6745036351757756
3.6518885770266927
3.5964289353611107
3.58539239175677
3.533110160480433
3.554780723190762
3.564189150078457
3.5693672365210944
3.54865538302806
3.468182724950612
3.488705019434649
3.575352149377699
3.5351805920866424
3.5127792167647014
3.545682151910614
3.6365122701652783
3.5265953367587244
3.4587795796223744
3.414983149209458
3.3404222067741354
3.327332103821919
3.4222059530791915
3.367944132363009
3.266883261726713
3.2597151014665293
3.333628784396774
3.3505978670965844
3.350556445951993
3.3358483593038226
3.357765376013116
3.2677150611223778
3.301081201764049
3.434100682442121
3.416600122345561
3.4680794590963364
3.3325932483362566
3.2736180901912393
3.3427135521218965
3.3389943559706903
3.257680819127679
3.2387637416501684
3.179480405846442
3.0860553063880705
2.9709475421876332
2.840147244039369
2.852672677021435
2.824514495098133
2.827244618916992
2.781459128082547
2.8133476584563732
2.9369186233262643
2.949271387732346
2.938081337051932
2.8743641390880157
2.742239937224732
2.724311741782505
2.7193693546268607
2.7302536351369615
2.840517825180963
2.8859571884047903
2.964186909381626
3.0003926206099676
3.09664532128647
3.152485165570941
3.089894951795454
2.9198693272865524
2.9619984274011415
2.998267972584557
2.9896745502586395
3.0471264646153964
3.0113101283650936
2.882205254624024
2.8058945722860464
2.8390784189043505
2.748574868402812
2.641919629263521
2.641369264000439
2.5383199388191526
2.472450698650734
2.4414233084346453
2.410447463659263
2.43899954339906
2.3744234536777005
2.3553770181421014
2.406770847807013
2.546291493547662
2.6354712543281074
2.6771009951100218
2.745760175025257
2.855005523807422
2.9559655590870957
3.0070193829719924
2.935296649029573
2.949014426667909
2.8214628970731184
2.6989430635779312
2.6160119835987974
2.6798755017917504
2.7276092387562083
2.812757670879498
2.829020142554386
2.8214440844909903
2.8519478848014943
2.836168665382413
2.7460342738396535
2.660248157347045
2.549917814744441
2.630618319594441
2.593137800425721
2.673346330455762
2.8822786206941995
3.0860371405711247
3.207839139650244
3.121686976473661
2.98714333501305
2.9843467609288252
2.9885985810327598
2.979405971772317
2.9150152219728453
2.7528691219536485
2.721163947609429
2.641196952422898
2.5656627449222134
2.443282643093693
2.3423470211739756
2.2327537160355475
2.1761057750693222
2.231648344990261
2.309366825205062
2.3378036951056322
2.319177509394812
2.4368283850754526
2.375255515816133
2.3765306162454714
2.3453725891007458
2.2232959710779987
2.0839307738724346
2.0130611014621578
2.0117897024558213
2.0157122452971383
2.098712158384927
2.0441190508924056
2.020319101756771
2.078856386158327
2.1221913269952495
2.3108792815069914
2.332037868346908
2.3493450988943425
2.3082389495077766
2.1646544122195444
2.1700129140180557
2.0255267190903883
1.9668453935187469
2.0544114507196567
2.186533112371763
2.2264685372727744
2.167373287931461
2.222663335709693
2.200227395174015
2.1569381841389617
2.047293924470975
2.110579148466757
2.1511018554096397
2.1097163040412594
2.151501064294826
2.1732605011551165
2.2266070293808458
2.340452687136758
2.413821022294778
2.3020053809533345
2.2817819877372214
2.3285423287332514
2.2759611489116622
2.4516973001281106
2.5399470874678163
2.5105393024536595
2.4280433124543466
2.377305070430144
2.3064584996660624
2.0990848401419724
2.047035115621124
2.121644843948869
2.180695611172744
2.2511220529500813
2.2644210525858846
2.186972016599581
2.1336786003797905
2.023645976900899
1.978118235277356
2.0880073049604198
2.056637976094871
2.06404764378007
2.159968275368164
2.241745784186102
2.322304280948883
2.2542742220725103
2.215813856824148
2.141193033817328
2.153112179126284
2.2107723732478144
2.131003094729233
2.120688317952668
2.146148139802578
2.116677403444888
2.1647348655742813
2.225238324863182
2.3084894297996397
2.2951509997346444
2.307127490614265
2.2762771220206934
2.240503127623195
2.117940919158973
2.123600691022955
2.093511406942692
2.185170412632469
2.3127923991383468
2.312981408285453
2.3017740748838302
2.1343989575559887
2.1035550216968315
2.0716328888728497
1.9547777190536288
1.959407322912328
1.877507677481848
1.9016642430290085
1.8524642053092135
1.7799621343490313
1.7131693756922908
1.6610694678434104
1.6717997257073816
1.764024056661857
1.751212110273927
1.7224413777026026
1.791845946694882
1.94380123813347
2.099796973501142
2.1313090766848957
2.152037414079633
2.1653091978128622
2.1475265699054775
2.040242247586106
1.9858803851382565
1.922162570790861
1.9648234576101964
1.9725539475108496
1.997412829139893
1.9578374076541047
1.9386104614761495
2.0426431473637505
1.986292306850947
1.8845609824196898
1.8885344553742942
1.8836597354924605
2.0185880911954333
2.1619919181479577
2.1684274860712414
1.9764725012021083
1.8965912079282479
1.7753632409795252
1.719226679509913
1.6546077983209586
1.571156506941919
1.587589873446825
1.575463078343973
1.5689535902385727
1.4780999928683303
1.3299137128261536
1.3063063757662774
1.383338492049868
1.3315207390025634
1.3371724889889522
1.3534815773682929
1.2588807104143946
1.2279286945163528
1.2449781779205111
1.1715227682795848
1.2240815841094255
1.4162973865614175
1.5668658565049411
1.7217771235189037
1.828013690661455
1.87237219216264
1.9299027718662267
2.0871413555946945
2.0844013747523484
2.2309115461538256
2.1956689277886277
2.155811116407609
2.122363465875489
2.0691190051641812
2.0962009435328315
2.122816998887035
2.0737681548872136
2.1776805050531225
2.209677909163442
2.1379297416610687
2.080452986622961
2.0845138337582667
1.9139533626590632
1.94476431071086
1.9921778700999522
2.03120911723678
2.1360036945884167
2.2262820682780586
2.147201297816189
2.0085994054751315
1.8937514218320328
1.8037508205063477
1.7781288833170432
1.6684354842645437
1.6763000929499383
1.6794736987581829
1.7881670474798272
1.8230459104467638
1.867732925563145
1.8639635417670073
1.8520586710137406
1.8864317457824258
1.897178398137729
1.9400145893024543
1.9377879629714005
1.9781604861499518
1.994740163728365
1.9866792463336154
2.0597971308791614
2.1132611952735054
2.1770184177877425
2.2800115257549094
2.377582756226315
2.453735790808688
2.4730329034443894
