-0.11026039510865074
-0.15528427303663123
-0.19754240299020076
-0.22397008578586305
-0.24916969298338962
-0.1293456413000792
0.02835975214627023
-0.08679231882102932
-0.2169818366968193
-0.3410689770395945
-0.2511729625914523
-0.28358454076310025
-0.4525539776729059
-0.6326108455886159
-0.4693277228060628
-0.3650561926923461
-0.01285605066283928
0.3668664914976549
0.6439829047719847
0.7966211096554082
0.9406486505986615
0.9941007041576769
0.8859938144309814
0.7720087382269486
0.727304674060893
0.49355998134955814
0.739184024726013
0.9889777967000357
1.1486245595913416
1.5620489567510334
2.3488310834139825
2.832736525950588
3.014075615356214
2.666522746894284
2.4359283576945723
2.4981926216226187
2.6303559380218733
2.905172647707165
3.1742205200246225
3.3967174929448696
3.470787960480391
3.4822114822839585
3.5009042341487158
3.2602234144736726
3.243289854975141
3.6148745781786253
3.975175308444538
3.83181301222063
3.558374513423317
3.4878118473949997
3.347795025649412
3.508657154240086
3.639922682193818
3.607996937908415
3.703882248879641
3.741181066419047
3.506133815508907
3.195242212764774
2.9427966065262114
3.1461364941302175
3.4841436635600935
3.720422479223193
3.8646097789007183
3.7751737382338018
3.6965826168597373
3.6237380581427945
3.4586555525831364
3.451552947733236
3.0864743917246344
2.880938797893322
2.8635847997183443
2.7371931440905866
2.772212259088541
2.564985626261485
2.3011109584329654
2.1707304373133436
2.1091914505736766
2.1301207766776042
1.9314935573467595
2.0472957493679793
2.144058296177087
2.1763432173750563
2.0576462895381455
2.1769130718856724
2.2129788523769918
2.657930850532708
2.8803005636280674
3.0930998964930563
3.1249441144779326
2.7872680358407056
2.3614523062943937
2.11614586819981
2.4722673662499575
2.94533606361122
3.49988745823292
3.8322984980169257
3.9103690435916163
3.912003010033047
3.671949638307958
3.744314039756491
3.534292070460794
3.479102268144039
3.805821556234118
4.004272265058988
4.31059783592428
4.4190353135341445
4.583332337238506
4.539591443243979
4.64256495409154
5.026475827806543
5.45952611976726
5.51170740027158
5.6749176584153975
5.690238765302978
5.852634923305107
5.8327959152411015
5.515510866682487
5.222606133908616
5.2534954690491
5.325590962397407
5.310308091130329
5.516022218924453
5.2927977664576575
5.474331146331702
5.340374450787785
5.287732343178529
5.136262023609147
4.941209249943834
4.9557368227800085
4.832884003676358
5.068637913513458
5.069815214991497
4.917685956989597
4.557667922953644
4.415304349553095
4.2079658361722885
4.138045852624163
4.201311811839647
4.227261875136043
4.343774953740276
4.4340467581851275
4.711867459578748
4.667414036130445
4.7277132631419905
4.503650873479168
4.668405907617715
4.861294877160439
4.841551491961972
4.701193547174073
4.756992311162085
4.947442881839163
4.960649167956017
4.816580343440332
4.815329499231456
4.857558885260984
4.700130776143214
4.960113975586291
5.031815264409811
4.8816129766731615
4.667605037336422
4.563384900738086
4.584566649567553
4.577268009386448
4.421128267422531
4.382636581284753
4.43171708116457
4.520133035011918
4.688067944529372
4.850170752335717
4.960263433580663
5.05883581749635
4.944484953903074
4.977104531677956
4.779875204110139
4.508193180624354
4.728598616158908
4.869803025803293
5.211738140367799
5.166364421449045
4.98324854756792
5.28511019911275
5.411426609152763
5.24981266656411
5.330888633843024
5.5409705912731395
5.540805316429014
5.330229792839886
5.30271287733409
5.490528605449653
5.4799559114888154
5.328480796695462
5.452031707371882
5.792693565189138
5.764133151981597
5.953718062953267
5.936437056209216
5.957533183978375
6.055519754186271
5.995659133792531
5.982644069178994
6.116188130908393
6.0463940588220275
5.919542882709652
5.983055202243811
5.939513903439576
5.988443729296429
6.019015252846166
5.823602785082492
5.778854761877494
5.8379609001468085
5.884809234910989
5.986065869590709
6.04505358560536
6.122341863517821
6.192653016527045
6.249017116683551
6.161392880023871
5.894121969888711
5.982604684685263
5.965818093822006
5.935863056019681
5.884198521250014
5.777921727889523
5.904286925047277
5.692925020910898
5.657071263735927
5.809224730232811
6.059962927886016
6.1430678525071984
6.029687034091246
5.942808169659356
5.93868331821629
5.644928334476228
5.347792122118056
5.318823954425459
5.329904885658493
5.27617575816655
5.417183657884788
5.508942360799431
5.53171678771601
5.352058255420186
5.569844425484063
5.857978631579699
6.015956522385786
5.739607196873928
5.934037235810564
5.995332416432031
5.934700980047009
6.083123898926308
5.9510272528352495
6.02808296128762
6.296357524494645
6.283857658038496
6.215620761127821
6.180254038827347
6.226163498250956
6.2875971575733125
6.14699176471859
6.276762338972137
6.319084941256379
6.231692339303541
6.000813774793543
5.751868060921455
5.821755174746268
5.760623058884955
5.7615340227569485
5.709806773224305
5.826164965413548
5.8444066043388
5.985028976314032
5.877091671720411
5.788042624025184
5.911862099267546
6.138831527665277
6.18071441764917
6.126539177169285
6.118767812663972
5.976433696700512
5.833182110318132
5.9986343406528855
5.988327583781422
6.126698518830285
6.2197247620104115
6.233516938271708
6.3087245988137814
6.176181234851379
6.270238330926435
6.328523800915036
6.36408556350433
6.27448195494733
6.003340544593782
6.0161438573594275
6.224528323499995
6.264792229811644
6.031927373704664
6.18226894599487
6.287705383960477
6.212765298232235
6.044174631375704
5.970532164211735
5.944568126789287
5.933419786111821
5.840562670457171
5.549297938112651
5.250209567854927
5.314311961450975
5.516815171954866
5.571525313594492
5.48538989061385
5.484452965017394
5.704320239613323
5.979728779963696
5.877037274301301
6.0568073238360265
6.082095708997696
6.035394461159414
6.052066012595909
6.199426220176208
6.263059939552147
6.067305282834796
6.067379025430747
6.256338138201304
6.43788328184039
6.46750032173987
6.405306077688052
6.429632681915068
6.418440321856208
6.416748032544733
6.182691101812838
6.316233516497613
6.341068240502859
6.4168688923883455
6.270043414347816
5.99269554231915
6.061794104962087
6.146782117903789
5.883126315030929
5.869865642415427
5.863216003709587
5.922292770124534
6.131288926490514
6.06341715505544
5.943243637852618
5.74899231839372
5.714563765723492
5.547095470251325
5.569785425401583
5.810371803638158
5.808560331824224
5.92480725950416
5.876494485226028
5.7488821501945635
5.6124178181863265
5.8224750198164745
5.85573539961175
5.735921653055848
5.896397750191955
5.890443644028659
5.478232985081824
5.277794968433395
5.118772404467985
5.278843072867128
5.412930365572977
5.5124514447975095
5.656162790477557
5.637008513104412
5.356579600662787
5.318375541092491
5.283103024089241
5.305439684952113
5.227965167505203
5.1660046646662705
5.472615375039335
5.628294922695663
5.8159479151323925
5.869414012117932
6.102403773788576
6.137292966285226
6.052225786745106
5.811252247296909
5.914628828694163
5.806595296942509
5.821142788459173
5.607646416143336
5.684114389346197
5.701262418761359
5.812726059564529
5.610741970947044
5.612894717589829
5.68737133317052
5.746116243103834
5.819109359997494
5.891573845007426
5.602189163107616
5.863426934334587
5.782776476882439
5.487687137041364
5.442821491617369
5.478052930824041
5.224344671669728
5.207934099316602
5.482548288654177
5.679679592828747
5.639456903008142
5.346491495308138
4.8900178331767865
4.794913717260131
4.647664877898044
4.624931015583465
4.361413192504574
4.737045666769935
4.747259543420622
4.581252263717052
4.598584505662057
4.827045476697995
4.9598445330210845
4.979585540080806
5.034469404910343
4.935713862126798
4.878472419704008
4.879812544172259
4.887268011631968
5.190707883998065
5.4280856309215
5.373648847311037
5.2801739407242625
5.315814633631971
5.108154760137502
5.0393514808822015
5.220916828953989
5.458254123038432
5.605304077995779
5.566245525698415
5.891504171610703
6.060635411312379
6.126342493035188
6.004826915191147
6.1136861217919565
6.290794006899187
6.186978367136951
5.927695014710132
5.795829839316039
5.800250667213528
5.97195933493133
5.807769982786795
5.831732450496638
5.7935603028845755
6.034668756685533
6.279175999126441
6.292001216660403
6.102081060817125
6.05807670604331
5.9647017501042185
5.981856783657661
6.201640579482395
6.169631313130114
6.198729433771375
6.1338415964004165
6.173252935209043
6.05567176971886
6.0899598457809905
6.0419464892733075
5.782455859577425
5.606627289158356
5.659505302988585
5.566339906301519
5.598992339752056
5.571614751412451
5.514308980027157
5.489786553192623
5.496612823140019
5.360619999228552
5.456776414018709
5.449405606816397
5.356437716049498
5.411635325193518
5.354314079901072
5.146104091765051
5.1941798046985435
5.155574330496393
5.102334073789621
4.998272532532448
5.225800567407176
5.242251849514389
5.260162708517496
5.187339281893367
5.137560345329608
5.13139513270849
5.116251300499089
4.982144158092627
1.8872814028505294
1.8204359503745626
1.7848217994360636
1.6846188499158412
1.5611206018044947
1.2130081054753956
1.137400875513116
1.0628772609435202
0.9329370226288346
0.7886555338357576
0.6566406145105879
0.45929863631991147
0.3716234253046102
0.2226828693821945
0.24277785269370877
0.4964690981897104
0.5804043813062564
0.7378054015617349
0.6700707677562786
0.6771297545041264
0.9355763683644157
0.8985798027919265
0.7521642384219137
0.6273184638971713
0.23493569542987855
-0.012965495383387093
-0.3118988236636141
-0.42272239795114863
-0.3876715149087188
-0.2782460775372324
-0.13956297363214654
0.008265010478131316
0.23280940805602068
0.6108051222614024
0.8362411183584709
1.069303252937199
1.2880966210045566
1.377281720735641
1.2312075403207297
1.0767400750831388
0.7968576483922792
0.7849534608225923
0.8110352558460159
0.8539268755878874
1.0546044157165733
1.3155623092500293
1.5705731060876245
1.8125608660619785
1.859932033702074
1.74882739858642
1.526538029819829
1.449591356387404
1.6167018564234261
1.6595503194717764
1.547362295968401
1.2842733595843114
0.9403197453480749
0.6212852790058385
0.5692953243028633
0.6399630472834325
0.7575603092208948
0.8599497824302423
0.895737134377464
1.0411247276085989
1.14542312023077
1.2365500478446976
1.1414673888618727
0.9648182417774948
0.8124014677678456
0.5923495060980879
0.47861344348370083
0.40232697202932394
0.34166907475832686
0.32061250598558366
0.2478207209345492
0.33900146697557865
0.43309302792755766
0.6699021569391183
0.8930209686108017
0.9810602322991566
0.9299540788150702
0.7806546876353899
0.7009708282005417
1.0449623224357643
1.3010163801179073
1.4223069427431896
1.6658430524451353
1.717722904950449
1.7005336500396055
1.5157943543816546
1.456332298381642
1.4304986656701033
1.4610949159499764
1.4135857537878485
1.4558038180597253
1.426961946443475
1.4417351017626485
1.2551742623280981
0.9961847751814749
0.9558310413809308
1.085088151764766
1.2307661275909445
1.4361464000187985
1.5510621626616523
1.7253610822108099
1.8401274313578169
1.903018857536043
1.9676492087204192
2.1149438610602678
2.1498792835704563
2.213499339899044
2.2269427730607987
2.1536645729223234
1.9971351382265325
1.9771940320139647
1.8756387330434605
1.7476822274947852
1.797748187612691
1.7743271375264762
1.9390104331800584
2.176203769758976
2.2824961687741556
2.347750382814725
2.2976605896054694
2.385580288861501
2.3674032180797546
2.3256371410241616
2.349371167886172
2.426041128016581
2.4218225258463626
2.3737985977192846
2.272344932488269
2.248744059856667
2.150275679819538
2.1160182447746037
2.170120221669482
2.095912327959795
2.28577848574076
2.3713982385851096
2.3339571610528695
2.3562501962802975
2.3280800290098242
2.3653244025221345
2.211983224578954
2.0254358297560975
2.010320786137571
1.9975802238382616
2.0532502562207595
2.076170950501833
2.086729734403428
2.2045554993790324
2.172824273497273
2.191272451248844
2.2318313717855944
2.3079696210060843
2.3479171558287737
2.3900301369952155
2.2569342277847357
2.2187311450082223
2.0933663933312743
2.0686757338064354
2.001829307245415
2.045403535221461
2.0070357296767956
2.024774776380668
2.161918692805127
2.1954710340984924
2.386017394908738
2.4804630580137323
2.534684537742269
2.598777931215242
2.6287998205270715
2.6601504331091883
2.6824432896814416
2.6154963340253174
2.532055533237264
2.366109299782015
2.2462243492228553
2.1720640155976687
2.204351106957836
2.171261699321477
2.2326763577462962
2.1924083651614783
2.306250694294408
2.3126291495758835
2.3539197762328246
2.3053649580789237
2.3074380331696474
2.201893122113087
2.225627366653163
2.202526983095443
2.212482694054775
2.2660018070520844
2.2420427828240355
2.157822279727093
2.1613915718711376
2.1498626507461363
2.1748049608767905
2.2357913729012235
2.29256025545168
2.357097906380419
2.4660559725592734
2.541789114565467
2.5682287022776786
2.6245567101905425
2.5139302180205796
2.4951872538982793
2.4259241263940057
2.335665648509307
2.2708131369329907
2.2806198577607257
2.279275282204867
2.199886359327727
2.2292640880130326
2.2209875312799663
2.3944126988548877
2.538210184394744
2.6206058520414968
2.6359680955382605
2.705985595923041
2.6788415692843692
2.6682838562627995
2.6701460679249385
2.632300477040364
2.5771676085466857
2.4674572449952477
2.3080312821866973
2.3155270177907004
2.2360047803957945
2.223191581303999
2.205629498085398
2.199022760204028
2.2264921665375903
2.3356884114037872
2.3653181925066002
2.5126157670649643
2.5348813108991055
2.6609136372388593
2.6448548276968693
2.6023375210541793
2.6194699463388416
2.4941087521722176
2.3656591372959106
2.285399645191033
2.313482971505793
2.315829264671988
2.4307018416144395
2.474839136147726
2.6114548734326575
2.5392603251338137
2.637561732397171
2.6245759207050265
2.475253122891095
2.5087359743862345
2.4189157258695
2.2726842581434856
2.266503361605051
2.229457663820494
2.140632395032764
2.225904585867213
2.2324616842124896
2.215333652255689
2.402660212732577
2.42441533488331
2.5166949170315163
2.5201622042351257
2.5849942600924725
2.6277609101823316
2.542068117734259
2.4983705280328694
2.408947935070569
2.3388975039329347
2.2735712171040814
2.117155706823298
2.1321703452121215
2.1987345508999927
2.2763289870764747
2.3705714185388875
2.472534261651714
2.5564018935239177
2.629351698299929
2.626120389716219
2.5889530082296965
2.6452202676255308
2.528096090678148
2.5218407291214198
2.4467710372833333
2.3117211428084654
2.223129866356379
2.190629301759525
2.188712787382368
2.197501664005933
2.166940449588692
2.1509696343656213
2.189879667182804
2.1820657486206194
2.2871693239548447
2.4944298949252985
2.587221953629695
2.6567389635690426
2.664786020714746
2.5904491419225057
2.5871199568105046
2.5888285083509994
2.486447289850028
2.397454759391648
2.3759103030895377
2.3682219152378154
2.312648195136669
2.344553742504562
2.3795535652285786
2.422556501041293
2.398513579602735
2.3468120167842117
2.4174748028261575
2.4245292924423008
2.420899478697312
2.4402493279185395
2.383946696118825
2.435774571264618
2.2582939850268176
2.2578117216742157
2.219458197256152
2.1987564869926723
2.190410408948145
2.2423840508190267
2.332468607202097
2.382139888728594
2.4588880368831236
2.6526790342726327
2.6724632870854905
2.7304831681841257
2.694393295816363
2.649183930230813
2.593540662113193
2.568083475399725
2.485405053330493
2.47030166901117
2.3408960680966344
2.2574125655655615
2.270425771342226
2.372466013114342
2.541439608325491
2.558252185532853
2.6291434860719236
2.7123423737447854
2.6726700657524147
2.6853314186012343
2.553111362342365
2.4110220615568116
2.4041541834312996
2.280637785869071
2.0630165128369367
2.146879692869528
2.1837866477843084
2.275966698909822
2.264066698906471
2.4333185374846336
2.4796057087059307
2.5548355240402167
2.4197558300878272
2.5131841919288163
2.490164815714561
2.543694349762059
2.4738436234805476
2.40055180586323
2.2661498633511186
2.2155092341635463
2.07331227844738
2.1548064934364266
2.166965607389269
2.162515465810229
2.2410279626891167
2.367123506180828
2.336147423398947
2.3459389478005277
2.3577575311401318
2.376770846708115
2.3547325219477475
2.356963478166728
2.3382245034526448
2.3100354945183295
2.325537392384751
2.330385788127231
2.273891139795858
2.182479757110901
2.154324861543072
2.1731444701472653
2.1203988988778097
2.2774284632524497
2.325547874106592
2.4032804386787188
2.4877228412736185
2.5202423614865097
2.6040674855514077
2.5919994946392166
2.6127179110025445
2.5427925927706196
2.5210206465892724
2.419178941489184
2.3383709483367188
2.2881113270178535
2.242782966829809
2.3170664543222768
2.3720101222914396
2.511301153331682
2.5589081790409667
2.6930219682800907
2.7092297556246034
2.6280068325278205
2.696869897921223
2.635666987864305
2.4981233777652134
2.4007969985783912
2.458970029340902
2.4275956528827005
2.4561230092611774
2.4407774305355217
2.463451813872552
2.5344294522318767
2.507500465855761
2.6265693870115494
2.686661480730006
2.734693438569067
2.6651837962670912
2.757274305051693
2.6966670541625684
2.549404963274148
2.541744224541524
2.559435490318171
2.464609977094016
2.449280424719051
2.4467171849361695
2.388320398043339
2.443180831466212
2.5063360412265583
2.5570737122481297
2.6110304271148403
2.70150136702195
2.717028739081946
2.6964890190413384
2.720635429976235
2.705369850923849
2.6205181330434044
2.580137330837098
2.503802957302338
2.483651536252444
2.3460662635513008
2.3712668975754787
2.333813323354663
2.3839968976868695
2.453918581453574
2.4441766921892003
2.583700639968808
2.630960340848061
2.632910091827044
2.683205889897727
2.6367776229364415
2.4841940957636837
2.436769323449995
2.430990668170885
2.3731291420259066
2.3625129847494777
2.352920623949589
2.350117760444426
2.3817913265115904
2.38964459753627
2.4849288734561568
2.504362571425269
2.571156841689826
2.516057400702306
2.582188931509486
2.6067165554934344
2.684577533469565
2.5643581489900655
2.589768487940166
2.458953851543979
2.3799671936956215
2.2679913557014206
2.367685158952168
2.4034039392821165
2.4791492411203775
2.5177956043964684
2.5230376238571366
2.6028921391720803
2.548229057996266
2.650613918666815
2.6544964581662978
2.6478061620810807
2.6337353287804666
2.607599125537454
2.5716700912179533
2.5348064104538888
2.4838652243410677
2.3897156180094434
2.366554452429937
2.2590201840738673
2.360693486092971
2.406773952501128
2.516874490434518
2.590985475493558
2.659617699321134
2.7130492937563133
2.650458914831002
2.6197581356360513
2.495849403061688
2.4117342252267635
2.326757502445886
2.21580467943479
2.1602065567629354
2.103632326868032
2.1320450892422778
2.114967206040181
2.1299264550140373
2.198877410533358
2.2518921669693683
2.265909550398268
2.2738672135827667
2.360514249391515
2.3774568717905136
2.3842903539910156
2.3827261912629716
2.27279609674461
2.308652155115337
2.3039032408080153
2.2123831110802374
2.363552527990708
2.333178515246181
2.447346399175448
2.4723909130896207
2.5176650134412055
2.5637126775343466
2.641562906550127
2.6967692212741565
2.6486288587193383
2.7075733287318426
2.6437975766901527
2.5930473064919908
2.488109832458901
2.4471283225483584
2.36137141976466
2.4594212048958615
2.408101547671637
2.4785933942084704
2.4330592123310644
2.5013008078591055
2.4883430983253025
2.5207586880834283
2.496886661013664
2.5058930133657613
2.4749686954051757
2.4562019550286696
2.2652100281756424
2.3208821555625114
2.270584085862046
2.226278909514347
2.217808751402872
2.221093923318327
2.149335146333686
2.184952457393484
2.122319548046787
2.2196411343321176
2.182848070348166
2.2081673521707277
2.4859182744602792
2.594172030464606
2.6189754024777
2.5347810134942854
2.6006414438614547
2.601317311196483
2.4555112525480625
2.440683182256153
2.2899782869266097
2.2804076559405986
2.262745714234669
2.287097202800826
2.3962360176111615
2.4637949164568256
2.5411371209153506
2.559960780220413
2.6317062891115652
2.543279750727856
2.4677371809266178
2.355078170323629
2.113988954897255
2.1091361272828606
1.9680355667813336
1.9461986078444447
1.9829129314601297
1.946655987317214
1.897427533906007
1.9237577359606923
2.059970274062434
2.132891622437649
2.192963241062087
2.2068070422376653
2.157179850225902
2.353079049892656
2.46100508899819
2.498516966696636
2.5270354098874708
2.419132994709618
2.376203424259661
2.3764683338163257
2.3644848361187267
2.336520633235654
2.3275392374262993
2.3038286756056054
2.2888801840171364
2.4477639584255333
2.520562265155225
2.6713114582616146
2.6999005196894577
2.656596102878335
2.6592236922242556
2.5575424627022625
2.548684955397195
2.4869219760454557
2.363626593070724
2.252990291801982
2.2176806760211094
2.1481238709617894
2.135154463897671
2.221098376839066
2.283858218544188
2.2910395848930194
2.3457574877937195
2.387325570460179
2.4196161650387875
2.469810989405886
2.552544452483831
2.493187017379191
2.3859340579337753
2.3525384149785435
2.3586501218625315
2.40120004859066
2.3359860342864387
2.388561986268188
2.378551225936239
2.304255558379526
2.37769800084678
2.3555832068696
2.222957737945574
2.289524858550177
2.3173741607719562
2.4176387851507517
2.2830177882148717
2.26312264418498
2.2384537292103177
2.1723839640652254
2.1191989435207073
2.0810604287173935
2.1343443591931948
2.038262538952537
2.037194498010613
2.1755952197636774
2.2016662842558654
2.201406762245051
2.31219654663619
2.3017052716180237
2.3412348808369
2.3168237705638925
2.423020093190773
2.3907707061596266
2.379748520934442
2.421368316073726
2.3941257412549053
2.3229954836532074
2.250596636075746
2.2837516347070776
2.347994890354804
2.4024544165834447
2.378623488480429
2.507207996724909
2.544778007692584
2.6212848602097165
2.6059110714316462
2.6209845379129275
2.6045648125970517
2.5546764024498247
2.4704965153865452
2.3531684026564403
2.3014076073362904
2.3303500640544326
2.337802817730579
2.3918232181225063
2.398163186121873
2.4593640546216746
2.5120945653063105
2.5305998877180156
2.496107238259969
2.4922787285726504
2.377439229024919
2.3138249870682905
2.33052421126601
2.2854935470628646
2.2628331965359507
2.1402882374016126
2.1527460724378797
2.113599643420468
2.149713622957142
2.080803060694663
2.1753241570586135
2.300923300931395
2.3577231060130956
2.4227885697304496
2.432614576577043
2.375140198804337
2.4396970674785523
2.3728717170926825
2.3232821156256303
2.277742755106477
2.338338371988619
2.3006938171553974
2.35189376243653
2.4196726551602405
2.465558108912252
2.4515914259169223
2.5114260274967113
2.5425397022160077
2.539068709242557
2.614016522680126
2.668443676107612
2.6545477955817467
2.5869450828293936
2.5172637803205244
2.4893153100624024
2.3899006948031674
2.3278556784859656
2.271326668336231
2.2779231391817523
2.2667627120303973
2.2014621592664314
2.2663744396360603
2.3631032752744012
2.351066985019906
2.409889395791566
2.4441736682668864
2.4759552686244435
2.4269440598067558
2.4267623484220087
2.300218857619745
2.307592379642124
2.2537395771166437
2.2140411807918636
2.2270886734164352
2.235977630497071
2.233459348581484
2.1697534506022746
2.2416483442246116
2.3022047756934474
2.3885202318820093
2.4494045093005807
2.53375440099385
2.614797807670416
2.6234020001060365
2.6992689825795093
2.626812735984424
2.6114594423782878
2.5078901676525254
2.4791839085752265
2.372093252899634
2.36693911566794
2.30370998763608
2.4018567853383144
2.4940471856977275
2.600752897180486
2.6196419133896787
2.6181874817069684
2.63602703329093
2.570813367078252
2.441665892159679
2.4199043543948773
2.2959968375136204
2.1764004438828146
2.1730185889878753
2.1459695454262544
2.0205839385444184
1.9858761754288432
1.9739505233436507
2.053749063540142
2.1040212886891116
2.1213113860807273
2.127683553977268
2.239574969988774
2.3015542529302127
2.3239442314892305
2.4005590343251515
2.4921230079814745
2.4633480744488474
2.4399696815623413
2.4180114903792127
2.4760549356218133
2.4214399243361484
2.3598473556635002
2.375358107166934
2.492793169211273
2.513053609527186
2.5516579331787206
2.6070979260024747
2.60822374380235
2.6540094758574755
2.6067278478538616
2.571107406867041
2.6054607854234466
2.6074388928351384
2.4558763861937307
2.4105984392605895
2.314272991725269
2.2502562153900185
2.2691509443872633
2.4219372835724458
2.456902989307652
2.382371703873484
2.4471871899364133
2.4787211950881063
2.475666981078593
2.4284378356089205
2.343967804449632
2.2813284732572368
2.1883777909717077
2.0533896005076318
2.1693442111448062
2.1697406355424853
2.05820113468225
2.002777900907674
1.9816643604776292
2.0980070083672526
2.1304475377038963
2.2228623202725113
2.200058934670725
2.2482132854945363
2.283215376022111
2.221068963026903
2.323926539246798
2.3648883385360504
2.4695714754803735
2.5050901144935818
2.416483684422253
2.353233860295519
2.267633810539986
2.2358526425921657
2.192317303339525
2.2384924412424594
2.154736315583071
2.13281590775403
2.3082717221024414
2.412254061693988
2.4707908818462943
2.6106387462701197
2.6274299555019085
2.640908677766954
2.5922204877293042
2.463211318131854
2.368011175635426
2.311686934614348
2.2666753009369565
2.1762236814867566
2.208842392767388
2.2312818264353007
2.2826716980996826
2.3331570985286594
2.3893613942585437
2.4263865570761
2.4426798097997153
2.5029861179094843
2.4559422269008904
2.524340134107312
2.4123998422359203
2.467218230520556
2.3958476188140807
2.363943250721522
2.4448618290454665
2.3664431072775773
2.42830977450061
2.4367626049912987
2.484125599779307
2.351391795649735
2.5360699361949397
2.528859063288628
2.517732652634133
2.400150759684596
2.429367001689513
2.3248495141832297
2.306925384402454
2.263220219495493
2.127874799072535
2.174323626175001
2.25791763374085
2.2560769359007407
2.2492198038591793
2.283080350876204
2.331983124679787
2.391193048185094
2.518620802608007
2.499697974002155
2.5681816884048625
2.541571472230767
2.4125492409023384
2.35100009369614
2.1739669476783274
2.0985372515603165
2.0409707911594985
1.9987145511661368
1.9683644613865456
2.0011371640115216
2.0377313622177793
2.058197307420082
2.150865920338733
2.17591905922603
2.2193258894125627
2.3474585778102703
2.443789353402874
2.4881743111635863
2.5194274601041933
2.3507410603069876
2.329934745579583
2.35044871963439
2.303636479932749
2.24637149222473
2.2228199436494327
2.2429636092660883
2.242584771303153
2.3342597467599657
2.2430458885368427
2.3088010918782067
2.2623930613377774
2.430874139381824
2.442652067402828
2.536745303693189
2.515685931089132
2.5289421773204905
2.4725716425613484
2.454059311491577
2.4195422236381563
2.3821837092299627
2.4691385235886334
2.497371979395541
2.425439584395069
2.5937748335254476
2.56435081627405
2.615009050958326
2.61848060298745
2.7069750633756167
2.682199767808279
2.6909864245522512
2.585352967642367
2.5412196253866135
2.4313345475225225
2.351569677012148
2.246099116491714
2.1831097755146116
2.1704396038193363
2.151468395325669
2.254445874188397
2.2345925462314375
2.3368385934631295
2.2489150734289156
2.3507175025204092
2.3139753637910143
2.301886454590668
2.2537396456173315
2.179016867612079
2.0532020347094835
2.0102022415676664
2.1453079310000103
2.062730341917777
2.1908281300254653
2.2517554698449542
2.3209685143190755
2.372754479288746
2.448333776309592
2.6167748066794743
2.610299312053625
2.630457448068221
2.668261194790932
2.645306597371406
2.4906697371848283
2.489016336885235
2.3803012789496942
2.2677522067078257
2.2689824454643674
2.3121978349409384
2.365100195400994
2.4315254924170984
2.3663102581528386
2.286935464180242
2.4444027330246136
2.451137448105437
2.456180698851478
2.500784707824351
2.522585987380238
2.405936342120287
2.3913115963177463
2.30889058137507
2.2843349783542517
2.2172545270344575
2.1920855453353654
2.1153874290953443
2.1585420294297624
2.1423773598333002
2.189105049854214
2.262830149755159
2.342284290766275
2.3917957635807126
2.4638606005630175
2.571142601549545
2.601699269356156
2.546222921075994
2.481996815968605
2.4349437025034444
2.35355613159568
2.288108106495074
2.2234628961366627
2.177015957524701
2.2152967660901597
2.1979072423187387
2.2234763114513787
2.2422814120041816
2.3040800230990857
2.3190589163304285
2.311735186131539
2.486008814298418
2.5209309758505056
2.5367344314811873
2.4865223627463924
2.496170930642352
2.410127565490354
2.363948712873415
2.305987343651649
2.2677699049017965
2.259385793984826
2.371276461450391
2.5088422605148977
2.612636584618173
2.64691000681278
2.7064139836243415
2.653255734762682
2.6196633244936622
2.58204450688451
2.4355138829555303
2.3800640354576132
2.2237213465094423
2.1001556335350444
2.129746855158588
2.1451844355752296
2.16189475998832
2.190460575182557
2.1783806967741657
2.3068686431944845
2.275971865445329
2.358101312466539
2.371468789393552
2.369236292112642
2.385342502490874
2.2737687341705497
2.336975135506148
2.425257420994581
2.3740859332520556
2.3132984597689354
2.4148772112201486
2.371630529790483
2.243577711948498
2.239711211250707
2.4053428603061913
2.419812867826493
2.52784652040421
2.592850063965043
2.596500812064996
2.600277301827073
2.649159053113765
2.579027792873798
2.4615138695632273
2.415129524033128
2.310858108255455
2.2326848699995905
2.16002161213332
1.998893573725442
1.8645645445447656
1.912459809808166
2.097678787673468
2.110293127517334
2.0564189887089444
2.0315022731106285
2.053958408312032
2.104769334340246
2.0815322277490087
2.0445768753961717
2.1119292438256285
2.132228669419449
2.1634343773973796
2.1415262271180824
2.053021249200861
2.05039071092363
1.9784226627819328
2.1217992256049154
2.1508190413933415
2.334249078234211
2.4359740133849273
2.587147006249986
2.6423974886655035
2.6301225123239895
2.5686462864254374
2.4249963489202497
2.399591148535547
2.2706369088815226
2.1562238743071074
2.3043801923335856
2.2992860263926773
2.3537484936819886
2.3607085144210123
2.4823572689696145
2.426399742179884
2.490180630881702
2.515032480364546
2.487639869132929
2.506616999922284
2.4197102913455137
2.273942726264435
2.307876504413646
2.282423795799778
2.1898744629950606
2.1998629229851754
2.107267122805281
2.2213760612769575
2.25102762846828
2.2844138132927396
2.290946386571418
2.278162327132462
2.3265234571558917
2.3970511211023737
2.416505211059538
2.408825528189695
2.5408605414242937
2.5245430316188515
2.4413176507618757
2.5232775619521495
2.4713409286774306
2.328131913884826
2.3819897492054
2.2980553119511096
2.1598412281272976
2.2058391783469937
2.2321878798158967
2.2130945940781346
2.421187577146115
2.5473278455467603
2.523654238696291
2.3363188415924574
2.4602142711518136
2.462772354734261
2.4115144954452763
2.400921477180271
2.327070186750509
2.357603300823089
2.300499439748045
2.265271268029281
2.2785536784883997
2.3134780888010362
2.3223370063212116
2.3100212374743316
2.3700146547877172
2.4333033394276193
2.4050416993168438
2.3991012241657796
2.349691028076588
2.3886643496656337
2.3585263728846484
2.2964607577986254
2.1965591368786153
2.151055108441411
2.1372856037628436
2.138853863323218
2.1120570446366593
2.2257903773900516
2.3133593697248513
2.3355976295709935
2.4369749409947867
2.536334886094605
2.519255169447763
2.6140678891693625
2.6249085673105945
2.5366461013678183
2.4878172761939843
2.314984003237657
2.3067412432821324
2.2415487842921418
2.1991826811368305
2.222292646255407
2.2708297818026173
2.311055874199213
2.3483699418538158
2.5132737861627943
2.5441827868017652
2.5306663564941476
2.537511855833216
2.325823518891904
2.2838626630750976
2.2060711960913033
1.9718345673859874
1.6856960530035692
1.7074615663521286
1.7107827886848073
1.6732976404302067
1.7195503002688586
1.6765368652863508
1.8903143509382538
1.969124489287776
1.9615837596853203
2.10868719171142
2.290757324549313
2.4110209088786605
2.3486708730342607
2.449013501046277
2.4819206527851128
2.4688922644461457
2.448499991195496
2.418582382708729
2.367640469980257
2.239345729290721
2.3614231271831425
2.413019107012749
2.470128683177444
2.4943772003485423
2.5000625375174574
2.629124896361154
2.667855249279893
2.5980542640011266
2.52919321609851
2.4044515278546394
2.224484367811451
1.9696622215536428
1.9847524589638392
1.959333129354768
1.8403226858868782
1.9258155685674423
1.9173180139087997
1.8522110438426478
1.9212258640368765
2.0526912330821547
2.0581237584131826
2.108181775280083
1.9778776567856777
1.8461223884836968
1.7751863800442311
1.7530389147012433
1.7972163368057132
1.8053178248165926
1.9197198018708428
1.9510829157812835
2.0681425876742026
2.1882234101010583
2.1513256160539926
2.305765666419836
2.32437553073812
2.4268028385129803
2.4014038134633897
2.4031488893724435
2.3696363845130115
2.3935807014745434
2.327977332833199
2.273578970539665
2.1986515245274463
2.30193733831838
2.2191212756873906
2.2951595570112837
2.354343928298431
2.269932453402002
2.442018149105305
2.4320287744881797
2.382722581403274
2.461498644154371
2.475010533054873
2.4294322615932487
2.42897381707551
2.287369214483102
2.2080077629372643
2.270249692843805
2.264857056166063
2.191836445956694
2.2073067732797487
2.207927698116207
2.2328593348338064
2.2429319484212495
2.2299286391973983
2.2620536397528594
2.310426112268257
2.3519685742876373
2.414913362001468
2.4756998466833235
2.5233637587191975
2.584546533614875
2.53570831003352
2.4947759673343812
2.49732932040905
2.3516376709471087
2.2670370274223206
2.180531452534315
2.190330768169577
2.237880114134954
2.211007924459998
2.272736646115705
2.230217577668537
2.2560317461797377
2.3676848923180147
2.337814205851804
2.347228192809151
2.2595303692853497
2.0461166513043194
1.9430394780189908
1.9129485617208233
1.852467403368751
1.793198137920017
1.796788421792968
1.7955106993010683
1.806221790371507
1.8704182805897318
1.9586585442467954
2.096733030404142
2.310875544969556
2.340114234683058
2.427527604097572
2.4146684984529436
2.423736314157853
2.450231841329253
2.395723279645821
2.364227449462063
2.2821278206568034
2.267915186937881
2.2090352602222914
2.2751773647988354
2.2383501795776963
2.33366467715708
2.3497050849885146
2.3210362567256375
2.3432443410747332
2.436764134501536
2.355359601617302
2.3439777090187564
2.4204148284162
2.4616836412227765
2.3413901628415847
2.4247047657817693
2.3784525559339764
2.397051228652133
2.422030469294546
2.4522373739816863
2.5074587105965556
2.57520048718041
2.6170433604925876
2.6206697164055446
2.721610148149084
2.6560789921400136
2.4903929473045543
2.584911556623969
2.472992767035782
2.4002280139405254
2.2165239341346767
2.1464361455231575
2.039025555094989
2.0104037399685035
1.9511956981501992
2.0178601500632007
2.0994615625013693
2.186771811777605
2.2798502347774585
2.2805397865405594
2.3040773668499854
2.2617443006730427
2.2033806088677235
2.250999632181711
2.1817578696385045
2.2361580268429613
2.1252748132789487
2.062114152333092
2.0793824125983456
2.1132669801214004
2.1313277177305094
2.1915786228057126
2.1989549989390804
2.3508151512239768
2.497459884132185
2.48980436406159
2.5128642933149474
2.462615985646936
2.3920697334707115
2.3295759406621777
2.2436006038867307
2.169732931742175
2.1610072068349857
2.0834597539133766
2.2422210900100987
2.308392910410813
2.3817250470410136
2.495404278848259
2.520356876815433
2.5254059143144136
2.5366489724572774
2.6098102008833637
2.6258481232364597
2.5707051600977273
2.530015114405187
2.4464466753401934
2.3730280964244304
2.2450909576660587
2.1495347308779316
2.1601526149832466
2.0820401701684634
2.0739688056417473
2.189929507852838
2.300687001278814
2.4221374909321285
2.5320072314367055
2.5287653287489666
2.6279618926166712
2.6185451206197183
2.5656830926307292
2.4603373070807044
2.451755928497603
2.363442505348889
2.3607762897235847
2.2984216834383475
2.320439182736661
2.225846343169374
2.3940040214506735
2.3986219923220284
2.4193005910828704
2.458719821718172
2.484768291113763
2.469498082102851
2.4481054906866073
2.439291035884663
2.3666370661576788
2.361442329143483
2.1915671762042557
2.283215671924006
2.2042824975484634
2.166019676052288
2.18045996237495
2.202830218365653
2.1406234460840308
2.0919071934200404
2.2764610711310667
2.413404920606554
2.423759756756456
2.520113443363917
2.599975685997622
2.617664594035121
2.5651042473782404
2.440048941483417
2.4109087168515635
2.3508706955345913
2.34743267812195
2.275344517647769
2.240039158950575
2.3520224613592724
2.426828795357622
2.512177456203812
2.5004533021485735
2.570904533315605
2.6360235155826093
2.629429639921422
2.6058033389814965
2.4599863375734596
2.3791863868715524
2.286457702840362
2.142043711326494
2.0983335186222067
1.9841003298186408
1.9700033443314338
2.1464318793878565
2.2123018497148736
2.2708065334627916
2.306138470168007
2.2432080588163426
2.3106204674779405
2.1939826753644853
2.1409859758103
2.206595738054339
2.3003657995714697
2.317116268397937
2.309923376292298
2.2856417444542396
2.3001168850451648
2.3211384530524857
2.3187508870876523
2.4128498376984187
2.4522270437367104
2.5370484480286843
2.5432433087462556
2.5336418710859663
2.542805714954339
2.5600203590223614
2.5418326707036534
2.54015745732875
2.3855864944185456
2.405504876457123
2.3277360368555136
2.292020733698611
2.2171958753546095
2.0938752629264044
2.133573942324014
2.1385494884917673
2.2854609331227906
2.2891333639351354
2.364546463002013
2.396991316204903
2.4542734698825024
2.447321632088865
2.3923703045044737
2.4315615033226923
2.3885020726523085
2.3225586937347136
2.314023559067942
2.2653555452301215
2.255055023541949
2.132530988705562
2.20994546392421
2.208358269009937
2.233002719902466
2.2727635149308862
2.2599756404026063
2.4086405419532206
2.47931693801208
2.5491024883037436
2.5604316575971624
2.5522015369820856
2.495148615717884
2.475154185731655
2.4239790803262724
2.277922257164698
2.2115612966174143
2.2600628041568633
2.2093031013054443
2.257467945009638
2.3355672353628316
2.3662056408986225
2.4601186912858606
2.601243662391243
2.6662984049521627
2.6718680284480714
2.610943130314487
2.49387289160226
2.4282798846506135
2.3517900421637097
2.168266050574362
2.1718533142211047
2.113890311021538
2.1185038023051224
2.1133765312439046
2.2289207188910587
2.2325158486981502
2.2496483016776483
2.321024530288401
2.2953242290731186
2.2356058228007196
2.395395294120159
2.395059510131976
2.386248176175491
2.4016565888460644
2.3826836692160787
2.3802373850862377
2.415407866279517
2.4265803010931664
2.3904162698813787
2.3367662104209654
2.3796249845618833
2.4820290408624577
2.545334681201166
2.6131684068912295
2.583750276228891
2.63592969320612
2.696613202137085
2.611777629819203
2.5582162422053343
2.5683167773876905
2.442489647373542
2.3862119561259987
2.3850532242704703
2.3864953138168112
2.306931192107839
2.508720258337913
2.4064797987732427
2.4232983926583223
2.4752767004656007
2.502473257498857
2.4654824659920367
2.5014571482244237
2.4030904828478783
2.385562330286957
2.3236659409318183
2.26903136585336
2.1836877227036924
2.0518220321688223
2.024918441411686
1.8611438325206175
1.9721368947230684
1.9073100607515276
2.0042795534243902
2.165597809168502
2.220565698206897
2.2398811126866875
2.3868883177956755
2.4601333442664135
2.412091992475089
2.533904155829736
2.4666364236678597
2.473196562510752
2.4905785356001435
2.458316362248161
2.3526350443416115
2.2998077923929503
2.2796911647265206
2.333122744735079
2.3942839008860095
2.48023309274531
2.5248913711707957
2.596437874729257
2.6353638924004503
2.6369428422045034
2.6505949799698056
2.5420813186708804
2.5469537151392307
2.3305432558748205
2.3712529007336483
2.2617376904185655
2.2313173022633515
2.201830523935009
2.221210342051128
2.239458192002151
2.3072613456482935
2.320857340065909
2.425751016878058
2.4305129972516117
2.4595283392110985
2.4027279832637505
2.466331924515952
2.503038663145872
2.4123228695647616
2.4985687796072624
2.407313610618713
2.3152045116115296
2.3894082385097466
2.42987142232507
2.425953988218919
2.390394429420963
2.395268001259831
2.4693010169502583
2.485378831445148
2.4039740130692953
2.48348357064084
2.4557200361557237
2.294551943040166
2.2895800698064037
2.244004453991924
2.1624729131541742
2.138661323118014
2.1873174981841323
2.1105761749983607
2.207104491788958
2.124369578461144
2.2663746320957223
2.2391470348664257
2.3376496697895495
2.3218669268621763
2.343343003512408
2.3342973757441956
2.386594080019535
2.3548322037746616
2.368546631325307
2.2580432098662238
2.291749232606965
2.2340038558289694
2.17945311921484
2.0624756736839562
2.149758426175513
2.113342700277565
2.169531887249461
2.09669900276484
2.158812119802752
2.0627449611981272
1.9536774254334321
1.995373830089179
2.022925319346655
1.9900533692210618
2.1046190129132576
2.122872893219932
2.1249109734118856
2.107937925330324
1.9925725082667938
2.0001832118598175
2.0960369486103025
2.1822992690428697
2.1926433725371415
2.1455137603174337
2.248852390131894
2.2104636538585174
2.201321646875662
2.31676440820411
2.3846802212766764
2.478122983971748
2.4189092702781507
2.4291459289784383
2.4782444339518515
2.3544373713495683
2.4416391426838784
2.3075055358675027
2.3890304165718828
2.4976853076166035
2.532504592514403
2.5346380507887654
2.556712730527105
2.6802784300053615
2.684495591504225
2.724589685592804
2.652785558030696
2.583026656530576
2.4618909570582246
2.3756753214184245
2.3733165696688383
2.260884575344999
2.255361961086145
2.297522622589563
2.3450386225003315
2.3758921810892484
2.3497916281519173
2.3429794773057355
2.4284269326325525
2.438925158116729
2.3311418228986827
2.2913491774861274
2.161748717572727
2.173161421640915
2.0823740668751753
2.075749762898186
2.0357614858945046
2.03056499651086
2.120019956961207
2.097733399066197
2.2245284839423234
2.2814471009744075
2.337504888388541
2.327468210355504
2.43413727524665
2.334584251618864
2.394828566501476
2.359373932260629
2.318225138260186
2.3301198282641833
2.39247790122306
2.2981866524085617
2.2855804772956136
2.28814120706312
2.395322132570517
2.3794810181239865
2.4068762370873786
2.454222957144824
2.517256547085064
2.550192649488842
2.516990531148476
2.637751986178785
2.5892484472331123
2.526080014198615
2.535211806388341
2.508114547366195
2.430547392038022
2.390164764771077
2.3447773688890376
2.3161094667922977
2.2983439337154983
2.1743020398576722
2.2762561224688502
2.196067647362753
2.1964941734988037
2.365538617181644
2.396831256040985
2.3358508409148184
2.4263564437483716
2.3870835092960645
2.3076106787945285
2.2440299426676544
2.1971003171684504
2.1199898224230935
2.1178859695881203
2.138263278201389
2.0863400475581493
2.1764555503064344
2.275784793800621
2.376714131635495
2.5110801314217936
2.4983217600645604
2.5614701698836497
2.6238546321611254
2.640257482201883
2.4929238128942166
2.389456671867855
2.3382111025362238
2.269576836475203
2.193427819492292
2.082407606740114
2.1435511586509315
2.3223211762468976
2.4302998955171335
2.439452289958813
2.4220220436069333
2.4239048030696875
2.4871156819532416
2.334914964644763
2.438182469737512
2.3679344626009176
2.3012849088116933
2.23063178379378
2.110175106302955
2.086234382767364
2.0982260902022496
2.130867590008607
2.215607582019555
2.1923674544958978
2.2030981256326605
2.3013131387893706
2.3121807284826272
2.3628351642578598
2.362992437533863
2.3282330803611133
2.4613214548896165
2.497186470756033
2.5500076206278015
2.5366164408495178
2.434272175554972
2.323282795076399
2.3366480979511666
2.3705869468181215
2.309528407042003
2.341068800266411
2.355587623644948
2.4826001502058244
2.5014869365896892
2.5994914503604387
2.5747387454857416
2.459955169103505
2.4617230672258668
2.5233027209459826
2.48674863100341
2.377506467744456
2.1779729524685423
2.097221145229524
2.002473503247494
2.050271871901763
2.0153684705578354
2.0675761351429687
2.083503471441058
2.2245281962614083
2.356192029608362
2.4475520120024394
2.5204682176613398
2.4782308315778767
2.420161210360846
2.374064554915745
2.2122185597437016
2.0053637662148116
2.059644608183595
2.17343693606239
2.195932978161651
2.101040321057233
2.1694888002596753
2.235227287098456
2.2693850792874004
2.3827486133996914
2.373733465295928
2.3802896802370292
2.2614762840056115
2.252773913093964
2.1733418934895923
1.9461829249238753
1.9264515240117337
1.8981663008459067
1.7803897634203452
1.7755178938423968
1.7289376757577828
1.7751694857604312
1.8642202615593395
1.8783319237548517
1.8798161167171683
2.0991825184631914
2.2155675158246435
2.317041967363619
2.4076089324487153
2.504867136908515
2.491201761152077
2.3597198065693057
2.4621285856725565
2.4827432834437784
2.4552514386462763
2.4203047041304733
2.403755463769601
2.4211981850044424
2.3878315868145723
2.4779056727740736
2.4710015808122354
2.5454567324097472
2.6116599398908935
2.6461167639744088
2.6490304124410273
2.632640680037767
2.64149903164401
2.521815589854893
2.434631602546377
2.291290318493787
2.3069692275004074
2.2762395698265108
2.2156375377827358
2.0868032634648976
2.1368879870960833
2.145110150634381
2.094384339903156
2.253680334586839
2.267014532468027
2.2385600072922376
2.207080975587351
2.290421373639771
2.2282116338901847
2.2379340334728295
2.0621956481113313
2.0789657625607134
2.045627667446209
1.9864706113734518
1.9952753014033189
1.9736015307603783
1.9942113325913873
2.112425286900523
2.2133698301152167
2.3121024073519565
2.410419424202388
2.423805430603522
2.3151104863688423
2.2859782849083934
2.1042561756097875
1.8514213266178732
1.8288894383864867
1.8496084620942344
1.879824308990391
1.8707810010922334
1.8882188803005682
1.9831144623061803
2.008574627205044
2.074822657356835
1.9113189967360644
2.1458837026414117
2.2418700293673983
2.2208160566317185
2.048749471829907
2.0404716026556
1.9194743476608158
1.8594137268765305
1.8490160179288617
1.813925517520489
1.7872594501068466
1.8947207490393188
1.8854142197651738
1.83218690900484
2.122559852950348
2.1439218353746066
2.269638920772751
2.362753286653005
2.3222807570913058
2.2662418346793816
2.212751808313121
2.2236574438719314
2.167450288973672
2.129332927134587
2.0477904578460255
2.030246661712581
2.009786301473061
2.1406641735134753
2.1878926521928177
2.3197297439968376
2.3865694564283144
2.4597150485694903
2.5572884750573466
2.6155753823710977
2.6335350009982097
2.687022223253249
2.603675375941466
2.3940742214032547
2.286462749478581
2.254953840448567
2.2500248563765943
2.1827098304152033
2.1636814527017663
2.133846131503452
2.14595350183386
2.1835901915327334
2.2684752279087377
2.3461204811165124
2.433298196080168
2.455842299699485
2.48121012791795
2.4659732745270473
2.4533211881519015
2.2932062694547684
2.179679227638437
