-0.4494411438329827
-0.4543628629046223
-0.27169888550870647
-0.21081305389518593
-0.2758979650636604
-0.09584876462785767
0.22588464453613824
0.4203007441899671
0.20830056474961536
0.4561585425335536
0.1919740267368923
0.42842457601692036
0.7522653396055278
1.0558870642137097
1.1598857381356882
1.16112840837005
1.4773849814652815
1.6094935960809102
2.15422530043192
2.5036858676165155
2.781930910641755
3.2393974139326005
3.4302026081710517
3.8430850219425055
4.418440047020416
4.527763747804661
4.505177013912577
4.308170152827905
4.419599770355282
4.270369694995344
4.076393240843774
4.012049522432408
3.89952527877538
4.200868417416826
4.451482888762163
4.298218419122657
3.568824478856868
2.9725174971446457
2.663555521375192
3.2163558847917977
3.539746713570677
3.5150156456715598
3.613731018832043
3.788255333708692
3.8665626755852758
3.8721069614942394
3.390345604541204
3.5479414538376313
3.9292873885811885
3.8934088381936673
4.350718792223015
4.861060005922435
4.873915580800849
4.735592425432166
4.375234142863529
4.213146247479254
4.382695917096568
4.394390679156912
4.129659898749521
3.703537516467004
3.7552808743674655
3.799543330993666
3.6186667493519824
3.85302736442499
4.26722274149289
4.953416174451798
5.698440267675224
5.758589737951134
5.9005644578730765
6.151450189438098
6.2926091336417445
6.210253335218026
6.063327449081538
5.846502981830201
6.036479837756044
6.116821187610453
6.456164504344111
6.337968233392898
6.538115702219011
6.606530742560247
6.6833436652186915
6.507511865467725
6.639652402962677
6.5513243984229685
6.603415930425413
6.696233080978139
6.509569851552906
6.5371616068072
6.539204519386144
6.57747577171407
6.617616790086774
6.658330189627705
6.4486132027259915
6.758800100423025
6.645256596870428
6.57869754006433
6.632916650075221
6.527327660292215
6.448172807990659
6.460794623034049
6.770317342875598
6.500926243119051
6.726224404348653
6.442376662086348
6.586689689649804
6.413109638035071
6.55423359122995
6.362757110322362
6.363448111405206
6.4964464411453875
6.475859256794022
6.417599027974677
6.199750302728044
6.495656643430439
6.418305467920234
6.335033926260751
6.273787353639503
6.371721555767792
5.970358178871593
6.207355299737783
6.461436889157648
6.358480958646121
6.176867654319539
6.610685719787933
6.534978168035468
6.385743710972139
6.639721827219614
6.126980274600568
6.338048409054081
6.080743732655833
6.187490028373709
6.5051855095647415
6.500071351913325
6.520101722066005
6.548897138668981
6.396406142937823
6.582416043498954
6.473835994590999
6.412494304224234
6.177964928626719
6.32608399915857
6.295325794592765
6.279182436503595
6.359416945384789
6.271038999310724
6.187963889026821
6.5046853705993355
6.3811736059008695
6.420132375377747
6.5503969076506205
6.507949244743261
6.680409211960928
6.576329564898941
6.356167372614394
6.729625195796009
6.484527982799884
6.248206069198071
6.475774215718872
6.750085982205713
6.549010674076959
6.5367670845372725
6.693505374375677
6.5493048383079415
6.694642523076789
6.696492680404657
6.745828711990714
6.774928275435987
6.705706454411546
6.548351701853425
6.624259401920196
6.629002994365432
6.502298344892933
6.382352640290515
6.401509423525928
6.444854365230145
6.35804503366275
6.300830822426946
6.209070482374758
6.299512168686762
6.087475466404919
6.169503414048968
6.198089116117168
5.9007214150292215
6.129948566277598
6.025479047580719
5.9703810788052785
5.705383460116716
5.581886943758593
5.9205868849430745
6.101708747502902
6.180847089945293
6.236871122415062
6.290424359911052
6.317043965218071
5.888544602813752
6.172639841015505
6.3878158214772665
5.954039328105618
6.441614500515773
6.181840994059032
5.854640545900504
5.938932958797393
5.71062456304201
5.780941280944636
5.935720351684436
6.22484030207826
6.109240065541501
5.971056117530733
5.92548187643334
5.940595730619565
5.714211792662577
5.750866840917712
5.587709780245599
5.956073080101592
6.350212653417527
6.390255926306489
6.6016787655427835
6.570032398928197
6.429380933207687
6.5623602772167065
6.506748071685332
6.693459414980505
6.5890263229198895
6.605877447989755
6.593662497508527
6.4490037788497885
6.55754057519971
6.676784558766205
6.700151615172464
6.552028626077063
6.760102684572516
6.421505061808601
6.819868417491511
6.628865542919686
6.46742680935936
6.706083548764658
6.634073621364783
6.64038064576737
6.713103815441397
6.7478732007050155
6.7146535383242805
6.920291964793006
6.6097577010733515
6.8061685058542825
6.611071605321669
6.697065620621163
6.592554036042534
6.774908291026918
6.479118848515208
6.660841777176716
6.5019983032411135
6.206497709641899
6.42291730323583
6.656880660981008
6.711510720370319
6.325011541944562
6.584276512052424
6.620670359058067
6.751372120359875
6.655155682341295
6.527851966360016
6.876405291424587
6.57502817478764
6.620219452694426
6.6765920247330115
6.7392799391718174
6.496288174512955
6.751878980932757
6.658850901593786
6.598463827625037
6.657235295901108
6.588131252874115
6.68693059217578
6.5654866824609
6.648815228695916
6.74725248954069
6.662809892800814
6.477124389964837
6.576916363844279
6.774774409922824
6.535210171416546
6.487731696778482
6.6232885751718324
6.824729215014889
6.817072988423592
6.677682604574144
6.854257614838133
6.660746097185796
6.552908719168076
6.684006603200689
6.552480543185891
6.527074662096828
6.516501701085714
6.643773894919252
6.633466534722925
6.179794670054004
6.136522827963067
6.157804949378361
6.593676226252595
6.699806137180561
6.4348763693148925
6.475569330436076
6.440393292006155
6.5546329121916695
6.707701168309474
6.475852159361926
6.312616210989634
6.520652032999702
6.679159122584767
6.428472895564136
6.421309248928457
6.054429273738816
6.090302634117924
6.078259926798317
5.959117996821274
5.962546428000012
6.041170491274427
5.961067645929155
5.6629200285142485
6.015565908937708
6.25905908412089
6.572190500133198
6.590354670346031
6.70289757623883
6.660157978651862
6.68099637521362
6.685016137190876
6.786505673380811
6.739291555161406
6.6662241850071355
6.691186643646486
6.720159218963728
6.61042032293625
6.62381681327837
6.521699490628777
6.385124752659169
6.699221962349599
6.617586367664208
6.843105152656742
6.640446342211637
6.468873356680454
6.472673067372813
6.394601942543973
6.4000432823878
6.68008498169317
6.6526513733101424
6.579501775033762
6.6839104474955136
6.721334714420952
6.46728622650159
6.663008293413434
6.431340955847338
6.385218989816361
6.553483864532502
6.700692661202088
6.672768341390703
6.579018562158498
6.748034070809919
6.768086923383505
6.676091555635331
6.755406897923247
6.591987092533311
6.501370193661094
6.38662706505821
6.536894284625146
6.553779286277309
6.589524528441385
6.63023868386715
6.4389486665630695
6.709723265402647
6.450342129533247
6.290026382192339
6.4427960545981
6.348678851400147
6.2007822635636565
6.643013987494854
6.7031664869302885
6.578702763254114
6.730722742457898
6.455680971320676
6.6454211193895505
6.577046911604599
6.187168578204561
6.437901132453052
6.067360432454514
6.014398789994063
6.102622228899266
6.238487493634217
6.249992899795393
5.975072237261891
6.212197834966251
6.08068702533645
6.256649618499351
5.958006310927554
5.845849859940499
5.7345312630185665
5.654428047977307
5.600020078899429
5.715232556800316
5.509691460682335
5.144327401703466
5.274079059208482
5.150919779863475
4.727787791714179
4.960615199673177
4.79594190485827
4.709069575757542
5.023110424973469
5.347615889503915
5.502686053325094
5.639070547492707
5.511450786659902
5.166880919526273
5.2983462312003065
5.552088533680686
5.295089041481072
5.4107962657376
5.777533192665933
5.941356791948263
5.712922527961295
5.642834892545532
5.946644054760606
6.073117204114227
6.025367878492039
6.218021733532087
6.051620261279958
5.988468695680824
6.114751758234483
6.34144657407732
6.07677352524462
6.156770502094122
6.32451418816593
6.401634049386786
6.405694500066292
6.269344307900352
5.89956825222292
6.2524321824857605
6.335573969939986
6.393392374727251
6.595983708183189
6.550241393158316
6.3112138391058625
6.308884608603823
6.203112900806937
6.14710949053551
6.33056527753085
6.368619668003662
6.524634784672652
6.699019933255201
6.496405815918965
6.676589312474009
6.765322504991225
6.386216614244267
6.474292156246134
6.527522809241981
6.485529011184046
6.5181140754042435
6.55249536235303
6.4269515594298365
6.7706655690356
6.54919214392884
6.497822650285281
6.427873454927448
6.422730930992242
6.461988971124771
6.506350936228648
6.439992124501368
6.1146785530316174
5.748889611595185
6.043192736876263
6.126217666556566
6.325143180043692
6.2001848560144355
6.68170777851866
6.658602771771761
6.690909682484151
6.712843457361545
6.551900890061342
6.784182459705113
6.750058923944591
6.485739630755671
6.706671269961509
6.796542662794626
6.5316048671352664
6.751987036900552
6.58294002730202
6.373008884649965
6.586537645902704
6.780366107627922
6.4817941473677845
5.987620882784991
6.07979315797557
5.917527793216583
6.046204295987387
5.631181850892702
5.817990418243196
5.628774059958756
5.43849340432585
5.702925850865272
5.977848542294173
6.089608577010125
6.014501424115478
5.91673497553221
5.355448459558081
5.69864395647283
5.570271242552725
5.51858319153016
5.0481781553600795
5.114219908989314
5.104035732222983
5.452255518629886
5.440009710065367
5.566938142802504
5.2089041706922705
5.2144913075017865
5.232215664153098
5.155817285703256
4.999064727040253
5.083493364039403
4.848047702317349
4.892797182013996
4.757905402439734
4.572885565870755
4.505901170483722
5.134839307531223
5.500528873556168
5.6761108342628415
5.959446842191918
6.069462070692889
6.084658514546617
5.9761231549478175
6.073120544391399
6.008937308372884
5.974383666319784
5.871150540971283
5.732979212539538
5.521521500967803
5.339741808063422
5.602912583937444
5.581912853595719
5.615215808329859
5.542096958345505
5.611695517688432
5.56935352212273
5.751537670448015
5.519983617086379
5.661816410436307
5.715531534436693
5.714765092620975
5.757809142808826
5.721754021186865
5.6746301146517135
5.789643541121852
5.771890042336319
5.836345106548859
5.806594055867343
5.568354821412463
5.706909079230185
5.814129195419346
5.859082814481015
5.612499705825714
5.837384949041051
5.878061081176268
5.97078547361105
5.794964230008572
5.947465695173736
5.920563761034343
6.079320035050316
6.060578141546977
6.076795716694671
6.033158118688113
6.142534961486223
6.071336852719966
6.08608049683449
6.03430948877172
6.023261490250135
5.996690047571062
6.000539356253064
5.962357009453195
5.941000793745539
5.81416446562554
5.771775561911882
6.010412137470974
6.0934765656179
6.008154590350513
6.111925091851914
5.9120995735711634
6.046804920273796
6.0496447139357254
5.757582765415512
6.024427567779137
5.9189785019243395
6.122211910118405
5.756603998184344
5.901360082874539
6.016761990671964
5.943358244982482
5.99869679662916
5.9706635895051905
6.034880782478139
5.932516541721569
5.961768485025845
5.994990353311936
6.065625674922206
5.8741718476338
6.02574670373681
5.9142405628705195
5.934439384750586
5.691148006202829
5.869120707522787
5.88773489130902
5.524561665166199
5.726078324307311
5.559669474931766
5.6763510878751635
5.608910365038974
5.746992620230301
5.825764494020694
5.731488995367852
5.980747562903076
5.823490679010829
6.019553621155145
5.951632550330915
5.927722898210801
5.9086832290133575
5.864538344066328
6.008413753440762
5.905875107225601
5.87049394735309
6.082680243163285
6.028741068675899
5.924629038035687
6.0732758851996405
5.986613377207492
5.881613341182768
5.936375333020112
5.868769230381238
6.0252373654096925
6.012555855873464
5.845423108225447
5.822932107339323
5.945626481260353
5.9966638016385705
6.019302681171629
6.031013508143991
6.035148630785741
5.994172665063087
6.063695981612023
6.049162530933744
5.938501418260282
6.099825408706818
5.874494699881189
6.1205043259908845
6.010431694011759
6.05836569194058
5.9744690520223855
6.145744134568853
6.061810335344376
5.946149980560622
6.112502629569839
5.896354630522273
5.914929096390873
6.061840928053945
6.205361185066337
6.128478573704366
6.085784229712495
6.027125246698091
5.8401116196704805
6.148630948122417
5.926850278131849
6.070370463430464
6.021192455328332
6.190841848905409
6.007572818039073
6.053034428544683
6.136890127185015
5.9579522923620605
6.1206583367111325
5.9084772821631475
6.119389633207971
5.932255088127365
6.012810353090183
6.119121148492589
5.957063621448165
6.148510767486085
6.166887940906678
6.033865554980133
6.220233117908819
5.815828657582189
6.1420138707223515
5.885202040023129
5.967889629542917
6.076971393308357
5.933807222894513
6.217758482378609
6.080344669609427
6.074747496641119
6.0767257587203725
6.149764022929865
5.968721634885307
6.075507449982081
6.089402867366165
5.885914925597503
6.047457135899743
5.9363720094578465
6.023031873264803
6.1389520265775825
6.120995602224906
6.1013021807812935
6.152060951897964
6.025774593380914
6.096727078859249
6.095700651636681
6.021100282918395
6.174825775880915
6.054906088459833
6.08984713706508
5.850113538752436
5.959385725665404
6.092038772246444
5.8770623881095645
5.943621629054437
5.958480514158416
6.057454501621686
6.069068138459902
6.0507357405544315
6.085457779244563
5.974939541688462
6.095149398578558
6.110883533072188
6.15332553612298
6.078814847698418
6.156995956870894
6.0308334835111115
6.078595111644819
6.03698731452198
5.969223952020437
6.13064644413422
6.081312151502877
5.899103156205044
6.037496130289906
6.0117736515856945
6.11032692856878
6.078426120036507
5.740001491744087
6.202041477438347
6.140475490606315
5.937122171151273
6.024930022512146
5.85200332500844
5.973283391280271
5.897155763193529
6.130496122838643
6.071718386022441
6.006082483630341
5.982177413304179
5.92816676298259
5.808743291759077
5.772767669017203
5.727944383820335
5.861491318260566
5.923696457854616
5.861997543337074
5.910682959039365
5.945059847353436
6.013969909450981
6.019661928345018
6.1515313271875955
6.007327805147453
5.974158349150899
5.951045852411082
6.083311259796332
6.030291930256662
6.080849694604531
6.025269453434701
5.899165790391296
5.779227318775331
5.6402651063792675
5.778183168125826
5.763725974610995
5.872146941372071
5.775519509017994
5.328883750412689
5.218657729950299
4.960022152374054
4.774400111520084
4.856323929834372
5.286072876032837
5.547231552059129
5.463470047021323
5.744542632476694
5.8683330982200825
5.986232407012501
5.908475369839526
6.057418460555127
6.105515914492758
5.958949183621468
5.883334581998896
5.9723835722641825
5.672948984064659
5.79516400944163
5.7485006484685375
5.522156339517847
5.447081709474455
5.372746779303631
5.173650206166853
5.28158537515189
5.252876871932808
5.369038773153969
5.432594141005206
5.5910066300537125
5.7237522834101675
5.723673153354683
5.820065872624942
5.9846892963288525
5.698983934288425
6.016800498073937
6.028976061382225
5.960402038220826
5.887899133730568
6.016649721370864
5.850908626926662
5.8785988751085085
6.0224824684342035
5.811778500998495
6.007285968570249
5.9426999388335675
6.026579000699138
5.797220052344061
5.918679540844961
5.8996971516872225
6.062358177096592
6.121375467876379
5.9758422171022465
6.081163335780917
6.175139071076898
5.878132118243556
5.872924665545144
5.8369103883332
5.783467566561782
5.8258758820203385
5.663455743252922
5.721201191564407
5.648573045643786
5.524364382135424
5.849867029575694
5.934235331048067
6.155394610702513
5.998784894941744
5.97454173294426
6.043904870198934
6.0527358655174055
6.114777976252034
5.901760381903032
6.167943497455075
5.913416218668539
6.043700369825244
6.118859815907028
5.901867344580146
6.090737409808805
6.062818506175835
6.14388054785696
5.878327612814915
6.0051454338052626
5.926899215535853
5.863787225792439
5.949874050640666
6.025856291492894
5.9758986816471396
6.001351669444274
6.0350007948774875
6.085934404421733
6.056057856485202
6.041820895300961
5.863588924335941
6.142842035408657
5.800549312962028
6.102271461752489
5.983565063778575
5.915017517787779
6.0058323386396495
5.838690779853858
5.620701963717151
5.863888219133827
5.864461314104949
6.009822613215805
5.554548096994464
5.5564945802680645
5.7114344287302
5.972353183407747
6.016089046525424
6.035841452180668
5.958564681877118
6.023513202198394
6.003478430448474
6.109094411907888
5.9996308506111165
6.042500249911549
6.188010333406
5.958813347957232
5.858377113485316
6.037519896724538
5.832640231096998
5.985211162419043
5.87349357701911
5.854313180950577
6.037246875010946
5.837815464142776
5.975334584124945
5.897836834010187
6.188669289545959
6.096161081307578
5.922375932284131
6.022426036648429
5.7950289974445965
5.737388779884056
5.834212868145084
5.804924259956317
5.91267351179968
5.882905032314059
6.075424469205276
6.1089038723527205
6.103428537299242
6.01893654554581
5.973975789998953
6.044859094121394
5.929652730018773
6.085267984753358
5.980343466861522
6.090184247960576
6.028367202696046
5.949352459388504
6.039378234170191
5.991760540919793
5.919770101745233
5.840745064588854
5.594473994350648
5.831202280707933
5.696886887300915
5.802731657502743
5.547912039757259
5.600464512321768
5.452434380857097
5.116269354419581
5.460335121721303
5.500972959695436
5.487335186217001
5.508583888680911
5.31112698731307
5.4585233293003474
5.383716922382815
5.366722832282727
5.440374578947536
5.4809098940255545
5.49342664455051
5.667217146229363
5.900372485758804
5.799728279393561
5.6219658152188625
5.336726424984488
5.307856254590744
5.271007186207051
5.2197782802244514
5.232586680276279
5.195955833059081
5.085596071438903
5.194691357029191
5.080215831921319
5.1604568673856255
5.381503242331424
5.6074725162031624
5.654349691482979
5.604446755951707
5.29780903492141
5.68081754757395
5.626763637202201
5.554572023747306
5.864244240636252
5.98227795720031
6.0076264549272
5.693096260699456
5.920568807711797
5.808263846630086
5.763615244258508
5.577834872647621
5.7950964111726915
5.834421159380657
5.911996783748817
6.041929799011884
5.964857912792428
5.997190973256946
5.818766178400438
5.563350359347561
5.636984070176144
5.776765734413686
5.911268173190782
5.689162365509198
5.374760736044017
5.397309686427505
5.00317120506889
5.026149666642935
5.046476538321246
4.893668756771271
4.767264340409929
4.7571184295550095
4.881271552708511
5.247704830314132
5.507935107007916
5.43189117949687
5.875765418295562
5.861443707740517
5.882679528256074
5.637899919924739
5.271907372267563
5.597435860229696
5.869210592812103
6.11085037838452
5.994360055783062
6.022815904870467
5.8591524033279825
5.895869591726393
5.871472846375143
5.946660072043949
5.896573296259217
5.8829453945351995
5.918475863911566
5.8190163380154685
5.724049908276848
6.007334819364201
6.023746873701208
6.007994388642019
6.0939615868335775
6.094609715001852
6.134149360141128
6.098343742761105
5.894041286072811
6.139915627861614
5.938169539652872
5.899471125896296
5.9129022622641445
5.843582150753404
5.909252344035908
6.012825181610869
5.939331945961823
6.026934799766612
5.944369212473278
6.167073151378711
5.957811862307511
5.848621771139045
5.997186181857039
6.067716445410196
5.901153328158765
6.141237950490542
6.049631297532513
6.04275371274534
5.914955411026109
6.009901508520897
5.920414891600457
5.755014250819622
5.741529121705388
5.808930180046803
5.923194080135706
5.841224203986052
6.091727849767031
5.9303516712156625
5.9546495826182335
5.781063596741466
5.743527441250185
5.914584547914119
5.799902851498598
5.707776376739544
5.782986698613489
5.480747950398412
5.757891016150201
5.682431548125182
5.664835290610789
5.641987215559363
5.657835168679155
5.6388082244242055
5.694587172017438
5.828503244993811
5.810457015767589
5.825280801185696
5.606894859444156
5.546582263951654
5.708419739292997
5.4403890007360385
5.088287595360429
5.269072704753169
5.3305105693947485
5.279894752789624
5.058704946078537
5.441717860851638
5.650916288476038
5.632232305476836
5.824943306278433
5.883491564590142
5.624756787889934
5.633388851395564
5.688112246011208
5.612968093923355
5.5255976676242815
4.998851273550291
5.13706406554526
5.184014926378426
5.241048812204935
5.006840714333025
5.0459449410669155
5.218914195929856
5.570276269038975
5.57135815776807
5.603949738304207
5.8061196428299615
5.619138340602282
5.809498819893387
5.922656384573647
5.818670855570344
5.794095155938454
5.605238923351644
5.756795074005912
5.568868895613894
5.2218461734754795
4.858190436968884
4.895234434070925
4.872106581170991
4.861023302030015
5.202448143381705
5.397762927407279
5.565571401603551
5.488070557822363
5.3144015920264875
5.1778983275270996
4.859055829118935
4.779900571417099
5.005816392786221
5.177125071045291
5.394415566707222
5.325837392282361
5.465698906696431
5.542487398976739
5.632057387063883
5.749741347983378
5.856808967190835
5.686021410996021
5.911493559164127
5.91801178665124
5.7663691303956695
5.964618629883921
6.0091222978817855
6.0210774685154576
5.855875714182227
5.952867488466966
5.686646907774933
5.81241821600524
6.044282416437079
5.825606913676722
5.818973114742652
5.942124985063154
5.780268359289117
6.118457862453148
6.04636543728141
5.8603325338959085
5.9831333602965096
5.657911880748505
5.488952700987727
5.699634170514193
5.708544262542979
5.746588762767187
5.793585082153631
6.007476362338141
6.026271761415335
5.847125439846461
5.982948754538018
6.032023547779373
5.933396317585823
5.738422983561415
5.876596822808981
5.89367513434609
5.730994662164468
5.767936142679157
5.9545491108494755
5.990905779241048
5.940493265354847
5.785204718714402
5.867453136180778
5.830807664257852
5.950755238144943
6.049590323824236
5.953228211256218
5.887694917505728
5.910746606970774
5.971588569793718
5.99268374238854
6.059379942269439
5.979363397016107
6.0072296689148486
6.1158486314703175
5.857763115266065
6.0689851510802075
5.908756348263816
5.882592518272259
5.878359199677808
5.80712713703615
6.061652784530809
5.945613892429467
5.903246948080332
5.720653935259497
5.831120969737816
5.799688175216248
6.086460989171792
5.8559685065249365
6.020824907360023
6.070461055202626
6.017044142904251
6.00587622431723
6.128959364092206
5.845025773862531
5.808966069279827
5.92533644766803
5.866085339638144
5.667022743499454
5.973321974130246
5.7437353885840725
6.022902580475302
5.853528514960752
6.086829646707852
5.9241788080455935
5.792685735712688
5.810206680527725
6.007442916738766
6.035062631667616
6.025837526912132
5.9378891574445944
5.854672810157689
5.969029037868228
5.843181163547672
5.832388478615816
5.762199831630406
5.808631876550523
5.800058470117105
5.928956174802735
5.802824872393195
5.421219722944938
5.3276451686555
5.563586170654291
5.635530833853262
5.713970558254637
5.9193786433482884
5.681733959356796
5.877684545298138
5.7481250527522105
5.676634396281073
5.583893106531443
5.577876954070894
5.775256693246855
5.827925755440987
5.871294921995556
5.59258818680035
5.485724053318626
5.730752591347814
5.665454624127848
5.9673170058781695
5.9776148416904515
6.1001741749857885
5.949500331197489
6.064759412491961
5.981157416507916
6.052875332407639
5.93409693222249
5.99190401917563
5.620997431036831
5.786745925217209
5.845549134643457
5.889907728724596
5.773472349755273
5.875797726672465
5.753304805669326
5.70777159386032
5.606221562374289
5.207599394109919
5.395431092637918
5.51790399700163
5.51608218932016
5.901829478750121
5.780673132162823
5.889717008433347
5.683579621039674
5.659184327837258
5.665150841086847
5.6977645584270435
5.74305941713001
5.607489648880248
5.747435451033465
5.811088664311101
5.607614128886128
5.7373596450651645
5.523691015879781
5.609825763219254
5.530966365090762
5.50270851745209
5.308070701907236
5.439063210513532
5.508441933180075
5.258421472539591
5.152213511760527
4.917248824590404
4.560213208489074
4.767071731539156
4.948812962881553
4.96254470424561
4.577485001278385
4.41580439721403
4.598218881872074
4.8179935570476555
5.008392385064057
5.22750908886057
5.349484246019104
5.255579448105878
5.266863279481012
5.049640346381132
4.9370240243076555
5.00497986276113
5.042735943897157
5.113480247064112
5.373136630462244
5.414733173258535
5.664703378102463
5.808115028464725
5.761437606327538
5.629269933703062
5.848941528333533
5.9311389964800245
5.607190474185481
5.746849796996849
5.938919794370355
5.86636775447313
5.894365363577759
5.6497059458297185
5.339022051007179
5.641328936259513
5.763057566613986
5.685326984888709
5.697126805657839
5.863339369569099
5.702980239119216
5.634762622717862
5.890381392093428
5.859988439955156
5.678830373557551
5.487626082202352
5.3787082822126475
5.4738945472318745
5.520154804965843
5.29360094106058
4.682200605386283
4.74820666686522
4.771684747065272
4.881220535605218
5.169285176569607
5.322249451531349
5.485911340030788
5.796729523812277
5.690411803633469
5.760822428321447
5.994663869279166
5.85853048406809
5.754762982767329
5.78742319250425
5.676630782782
5.718969124768785
5.942224193039734
6.1022684351479
6.121157280054668
5.953529865090218
5.893808508510721
5.9939373151541275
5.986973597496351
5.916924885374073
5.959953917363338
5.90060700043549
5.828471026804425
5.919972124159443
5.621903486493266
5.742821954304395
5.54672361653763
5.647708977772684
5.410053716658808
5.094931333899855
4.895282627736042
4.960726743438985
5.248078692728619
5.563055131813611
5.579169274049113
5.77458522716041
5.578022080741638
5.917513555367702
5.968027521817892
5.914814404741646
5.895566104556597
5.96221309562079
5.721499465432825
5.498860804187116
5.576775575876047
5.8291618439383015
5.763401878979328
5.57789607256359
5.799466713121605
6.001744739638839
6.082437400435841
6.065725634194117
5.952596394996645
6.027879713943219
5.968259659167297
5.933960474454488
5.578574864940029
5.44475270971366
5.694113768667428
5.9160207499986655
5.933233866094208
5.88346559395935
5.959958282808777
5.985495100266955
6.049430655662489
6.074942244447692
5.961518321653166
6.061048616732957
5.806694103830797
5.789000819424237
5.8229603550860345
5.843406892492654
5.844041690543884
5.831560567627801
5.831931884057914
5.719332678983113
5.833707147112209
5.994018766789015
5.999117297001494
6.001112863743346
5.888111045594682
5.9585248069809245
6.0778242898078085
6.122434252223404
5.958704595291418
5.918244314108106
5.914988305323303
5.8726060153461335
6.052150775469359
5.9249079828552595
5.887717413110402
6.0316651970429955
5.853852961454189
5.973153470143783
5.835933334778099
5.675251078773965
5.542995323305065
5.482894950004719
5.530966546872359
5.749069324291187
5.743769315675555
5.747686247239797
5.824396503557486
5.588347037403625
5.2693791153330585
5.197060256074538
5.249334811558625
5.631379619456719
5.558581902510997
5.735444589834837
5.601405713405993
5.456160347198287
5.456696977276952
5.5585026437221
5.68368988642923
5.454158344028798
5.8735427021068976
5.85273000088398
5.529147575524793
5.737631331929313
5.773380609634038
5.703028663914752
5.774927756502285
5.4826761904529935
5.842329497607982
6.045275447786331
6.076625851870384
5.925963146045374
5.9945014077832
5.776440357763845
5.959814813306874
5.672642343367481
5.949847247434113
6.099349975131915
5.936111195238065
6.009410152744155
5.908414569373702
5.629048773609924
5.9010659598846775
6.010756049786687
5.936165571912492
6.158370239585951
5.936419727720469
6.110751797381016
6.0807490595661005
6.0371713635749815
5.995097745082441
5.919981640366143
5.992385444176756
6.01416260601822
5.913412582193954
6.043047603942982
5.930223146537687
5.993588445852159
6.128139135366038
6.0520000597668755
5.940358968770494
6.137056443872659
5.790207219366597
5.91463747211955
5.795764020740897
5.817964937727127
5.500188043476831
5.6607792208738825
5.825929818764341
5.8296875347300245
5.8213189206420495
5.998989545456749
6.091409074986578
5.970913527093834
5.809358146505301
5.716636863013759
5.673735135618474
5.7840152745596685
5.7342171452041395
5.886688862847409
5.843689984363203
5.661593313335973
5.666490056042334
6.005010731726713
5.794694145049055
6.054317895470858
5.846947562736898
6.0153619118430806
5.883493251709341
5.939375676632835
5.871993476612618
5.882873964330696
5.9479900027372095
5.847583772363351
5.9315235862509414
5.601512622374706
5.696797778830768
5.852543433927863
5.636409424528363
5.828392501633696
5.868231212011206
5.879730121656017
5.854631312109705
5.796226245258113
5.72469978190924
5.199221440683455
5.47622236512605
5.5935633109794525
5.422386864756294
5.488322737308138
5.5053483117029085
5.9342559388383
5.955847686010408
5.873476988262491
5.781990136437491
5.866829926303039
5.742785607559652
5.6110922064582995
5.701285680722191
5.450181006827755
5.521763482478771
5.47070851606459
5.6303582894525075
5.735874928686388
5.786875242365847
5.655678046510021
5.498489340982705
5.368291743968466
5.600323281072525
5.593578751828257
5.58847915599628
5.726244736614654
5.592936144316728
5.79525300405953
5.771105181412986
5.963445610027341
5.952286335551237
6.081145483055126
6.06368983753106
5.945686597625067
5.898792771503187
6.055848634118221
5.698862909246489
5.798136125915306
5.894022714011172
5.768284452095514
5.825023873477969
5.783437203809557
5.877565860540935
6.002564870569739
5.99899479440261
6.024662798952176
5.927014799887772
5.9397409414584725
5.802720464927657
5.750244525533733
5.765314252369086
5.915276652202117
5.885198514086628
6.060465761691596
5.8423488062247575
5.872184687970857
5.768145950366864
5.914593551702209
5.919933255343637
5.756961465860959
5.63574732229394
5.6653847567164775
5.77589561932183
5.70330158528417
5.702849974006872
5.446735678147377
5.601560843512002
5.2105724988606585
5.425826850747815
5.43088236899938
5.119018970462072
5.393216793460363
5.414449787416506
5.578153898092848
5.658610181464965
5.755782870075646
5.7628409539662355
5.645642296987466
5.5524060539806115
5.8346740491593065
5.807883640563716
5.725552473612735
5.867428439323172
5.841462440398425
5.759588817664079
5.968389792207232
5.916856645572447
5.944902530843481
5.88824684161542
5.881455560560207
6.126178627546683
5.9480763415610385
5.816526072164862
5.400525891592784
5.881379449423965
5.787274876226763
5.987762589594157
5.707537629022473
5.729392290361422
5.899774044383601
5.927482247984519
5.880637794880881
5.919192947254804
5.803779587911073
5.7492416617858835
5.629392415549063
5.574868711766526
5.610919114851214
5.524166933953492
5.4933510635984515
5.304192175953238
5.214646293185839
4.895905274402305
4.885019446721003
5.125304714972598
5.313683286779272
5.678444586701319
5.442790051919507
5.506041909984694
5.503396733604913
5.602014930305667
5.538501308037988
5.47409458319217
5.469987839716355
5.592807782738454
5.54542518595383
5.6330543356889065
5.659716433186513
5.478666814327164
5.717206169622112
5.825986245901873
5.647325846966768
5.436477672074578
5.602947473234192
5.778899931706663
5.698164055084648
5.875073757539241
5.9339543289599845
6.059139176959701
5.78325960893832
5.855533662103943
6.0053205008495185
6.068114503318981
5.9162039028332885
5.851110025445179
5.674485566246547
5.46446934717233
5.740888824219363
5.480313171497606
5.447441033960439
5.62526618185454
5.481284255320913
5.399115883275748
4.857388871038863
4.853711950504032
5.182493491930588
5.347336859132458
5.4294112116953
5.542151203490026
5.522798258071948
5.5068462268139475
5.652531408170539
5.783075241118469
5.769051296732501
5.929187820661895
5.739036575262358
5.970488646835689
6.0809660506949825
5.9758588867540015
5.879598824876304
5.679861265323341
5.942637271251134
5.737815166262349
5.151198762892971
5.184178784156673
5.077447111941764
4.988394274579056
5.308209160688466
5.767290780248411
5.86455535329585
5.970392365006306
5.730658391876547
5.897052304404064
5.781427323020651
5.942524922742824
5.74975215345467
6.053628573698149
5.958600325648021
5.521073619647829
5.802831543992428
5.875619857156529
5.7748783649265265
5.905501711583203
5.750154537999093
5.472430812327632
5.37630385524766
5.679874175030221
5.703479970755554
5.826364306623235
5.8090750536064375
5.979172285427071
5.8208193165353235
6.0086180090343815
5.941926252931805
6.080504220603477
5.993673849148259
5.987045148907503
6.107897404760704
5.969039921271377
5.7326284542622385
5.825223214514443
5.433119617503865
5.287776650077413
5.374695439606698
5.363786936431031
5.124166237224791
4.650733463276385
3.966497739617254
3.7246873030489427
3.6071016681673664
3.707940329260234
3.76731112401057
4.140854627734599
4.343966420551662
4.63970683421068
5.15855372685183
5.406130717449379
5.438623874632119
5.935232106594504
6.0320956335489715
5.8799127176716
5.623814568124983
6.058300098253588
6.051332046223709
5.9415818844033845
5.982037890027111
5.824753657096652
5.908836403353588
5.725607711479833
5.712952895342254
5.794747827939709
5.844840454726014
5.938280274019268
5.543074466935319
5.830393503975109
5.685360353327848
5.717044285656725
5.765261991541177
5.561255596699728
5.59165886438372
5.696960733200754
5.6779744856973595
5.760098998622143
5.6906431278747664
5.735590628719057
5.69794510339325
5.726481780656188
5.433583096189084
5.504272640262565
5.522676040734358
5.545558073959855
5.50596861394755
5.501040227121393
5.387240460840023
5.6238535300647525
5.798713149620016
6.064573922129351
5.916339608780668
5.9539739248295955
5.982146785281606
6.0469789055177205
5.996993909054292
5.987008491387273
5.880854502040743
5.904325186451854
6.007628519874393
5.941643257515689
6.123660347947445
6.133178329035175
6.11586437870096
6.104633117414949
5.908211890161485
5.960575660160698
6.057248565418829
5.988113267022105
5.999749811073899
6.062447149427455
6.010114645643197
5.8706109554241035
5.955639267383264
5.836306299938995
5.8273403702203765
5.685945009867441
5.519140644024704
5.682151247198456
5.4346915947847565
5.502352573207173
5.600957999760347
5.584035022571216
5.431190446867066
5.655735603234055
5.7727623681630735
5.642518220914498
5.582070051789442
5.848947987802221
5.918276974146663
5.7862420154253735
6.0015762698575985
5.884523770588988
5.804782931816051
5.7599941682722875
5.834249595326097
5.783848367039463
5.972529517828276
5.906268593662683
6.130227228835883
5.956867054266482
5.949284743490564
5.960497697720784
6.01154588639386
6.009056305934822
5.942153541503819
6.045710455286965
5.9542238542980455
5.759800949084853
5.832987745161575
5.880697383683478
5.828876444591437
5.645411875271399
5.762193870407986
5.745335243672381
5.787154122382143
5.831172286036908
5.77813752048976
5.760193509026262
5.650437282486065
5.5776842204462085
5.676165102885871
5.752820044422828
5.768009228611902
5.917193796375169
5.666608494323849
5.679401408393665
5.806715159455689
5.746449123761407
5.994080855831743
5.813373318876611
5.749604773654565
5.7324674510679525
5.512705421626343
5.872677525326314
5.883420634909038
5.891356015864463
5.921169120770292
5.734011272569336
5.779582900745493
5.929164857221209
5.7839861885584885
5.779002420193349
5.688255831455462
5.894338167885536
5.763240377135331
5.650222162370641
5.78870830096009
5.985707577216808
5.837183139925893
5.939908065723071
5.89696251164436
5.7026081900231596
5.858046948471471
5.677633355821848
5.911631781429269
5.907690462068662
5.99499965733627
5.812769430323907
5.8288034148566314
5.807435540857091
5.903061162919758
5.782060463199049
5.826265723503106
5.966018188914664
6.007273764349075
5.889890473775424
5.906855716671909
6.089034623604303
6.086600754664732
6.140784128088031
5.84612665981105
5.8716898201720955
5.895353620807167
5.765245145041165
5.443375827219694
5.682459176746141
5.69975141287433
5.755692967232326
5.800132242852757
5.868737886973215
5.921633744538497
5.7847966017930395
5.604928753526979
5.678479119256264
5.544451968300242
5.728774576751789
5.65437363339469
5.658108052844945
5.537469372613766
5.935821531071606
5.827656973255752
5.9795597597294945
5.866201747507129
5.846286107246351
5.445784125527203
5.701640443866676
5.656506459584449
5.808574381430498
6.008832407089946
6.089072779850955
5.853422716452242
6.050483629734055
6.0112292521577695
5.8106575508413885
5.649209103556027
5.616152509901627
5.180564701694784
5.490452739268497
5.405381121043101
5.544882826983388
5.465720483676317
5.733510431546082
5.56186016453462
5.404312571340763
5.459256193125389
5.337930659369595
5.1899525016712165
4.859313392355402
4.703182794457131
4.6761572223252
5.0208040257813344
4.980927181159347
4.80862001651843
4.9132041616300315
4.866089270023414
4.909287580024521
4.940751343976135
4.789960173074695
4.664868541482212
4.755834080797027
4.495379354290934
4.291827388747999
4.692247302557481
4.742507108386277
4.8167681600663625
5.1546798904041875
5.152536452385513
5.079533237383717
4.798973117322815
4.744990073351127
4.752915857533884
4.833688133156049
4.797744283145272
4.741831134105949
4.751747893064801
4.747295541712193
4.911543676175354
4.8345817332712375
4.99849033752275
4.950160585500521
5.006879695112053
4.826957016788347
4.96435404829834
4.950138044001929
4.7921484363262845
4.905793558703644
4.800383548567322
4.901744165943154
4.807201119535876
4.931933419106334
4.960379435308967
4.893035081831009
4.97277681445958
4.67563063557853
4.802909978337128
4.931145996784039
4.793985173557279
4.92316512718381
4.795625731893673
4.612614903367856
4.829167235250784
4.788907257458633
4.795183282783498
4.778605354664843
4.759999357304051
4.794454494533516
4.881299534600413
4.755547086599544
4.680633325442428
4.7074780710959105
4.926730923213057
4.88805106461746
4.832762633687803
4.570180258938713
4.861899707042397
4.894111864576681
4.904702086473529
4.888078839522459
4.8382963473055565
4.664230185549623
4.84589439787308
4.818650872626568
4.5367994336463955
4.418673155829765
4.1914689619573
4.207844247891605
4.45571332455145
4.527505981714721
4.750052564571551
4.830462657730049
4.732786281448343
4.577519215379497
4.335743966094519
4.545359495885559
4.574153349335148
4.742701067574522
4.802930009872694
4.587078017952968
4.677873134113957
4.5806647784972885
4.726164704518223
4.448812826406309
4.744170081576112
4.788134379370552
4.9381550525221645
4.860476395417576
4.920509851629826
4.663055289055331
4.797117154471103
4.879626284419419
4.892206757380203
4.872460570466011
4.788144182689807
4.746503383489859
4.881348034541579
4.818035147429737
4.957371189957859
5.003367686093609
4.8674447863595764
4.887105591303623
4.8585413462832765
4.764468714215318
4.850915303219282
4.909017984014498
4.86904343831246
5.044816665544099
4.847719635483248
4.997346576081891
4.804420741441831
4.915848892103208
4.7577922468042715
4.882377694029735
4.884441179878142
4.997990229706173
4.8090391215188335
4.981510866796794
4.9354638805379825
4.916941869913429
4.883435405163306
4.680452069980118
4.905548717067282
4.792589015418166
4.846014586374489
4.953831607674371
4.844192431502823
4.851353269755536
5.030092774134054
4.802775671780011
4.859654279040538
4.784678139956236
4.651706293707344
4.858452062927594
4.876682414369455
4.634300969067838
4.964528042528528
4.86783401912007
5.02154627431842
4.912850829149852
5.079287056540652
4.844085707698248
4.828379807272528
4.884895884845514
4.888621183534703
4.893112689414075
4.791026159656869
4.8783316456583545
4.910884868982643
4.851944852555144
4.741304304434034
4.912598486969722
4.935620062570813
4.426393585232311
4.860594246408004
4.96372559968756
4.90996764854699
4.897968755326007
4.90842197846449
4.682524084996651
4.589810405418443
4.5629911907305125
4.426851111499098
4.4855349368639255
4.532986191332957
4.657980936001464
4.482538416026283
4.4937892741909975
4.76657052489707
4.751695790475414
4.841544029246504
4.594243710928954
4.399129250283617
4.659445216026842
4.6234879676542056
4.690564341306283
4.646547532616434
4.615157890754327
4.581105393711374
4.668650683910133
4.552553600297662
4.692082030044293
4.413948090182727
4.473569070454644
4.489476671401838
4.485981484123707
4.319575178913101
4.370973058966026
4.578819593597663
4.772552396725387
4.805329884906909
4.734651808666864
4.852090750603659
4.754539324255679
4.781383031733572
4.33690171003922
4.177643920621113
4.4398525936065605
4.525523691170738
4.809436173640641
4.879234724700341
4.823434156104858
4.931238531022662
4.840625551903855
4.812714942691043
4.836245338986774
4.830937095018686
4.847775974958848
4.704901704684384
4.434873227877433
4.806528368930936
4.8524371997057525
4.84895710756364
4.788555606962804
4.826374159475486
4.824206487441619
4.843536794007119
4.748435031656607
4.893661091977092
4.59528501302811
4.9217151634306715
4.723758727434224
4.5644671112172785
4.6716932179495325
4.7830344124295285
4.7881428877650105
4.6888367007044875
4.55655909782804
4.673324371783586
4.761085762428055
4.724307942441791
4.900086789486556
4.752011342069967
4.544275226628589
4.5348228516415885
4.611915471754065
4.5572300211942585
4.381941212194514
4.382427316848983
4.374174859802873
4.486244580770515
4.510928184812828
4.44474041630906
4.27369276587776
4.127256109395083
3.9810575401703483
4.461430096085641
4.6485367995043685
4.528699924410505
4.698101329973082
4.780807661704988
4.972363907081021
4.8413865612883145
4.841638961796005
4.715594371148422
4.93612882284246
4.814665156364083
4.881604868684571
4.829624360616871
4.697271046654177
4.7724286025629095
4.956183659547212
4.619881576637018
4.947025210902895
4.93030590289924
4.861379631550735
4.886297614942102
4.906956773070275
4.8245349368253905
4.733298013814118
4.673493484585906
4.917221106379292
4.971481269313351
4.878819285346801
4.866373936639602
4.688426336759882
4.89317361264847
4.800572132745467
4.955864043358835
4.634577370838573
4.827910559813381
4.734257763094841
4.879815377003962
4.705009955319417
4.928549062048502
4.79980658040417
4.795619401642449
4.539910390050918
4.808471152134572
4.816225680765794
4.8070698689188545
4.709364353345896
4.557673322565311
4.677193201965139
4.707491155718586
4.698514752051702
4.816140462542504
4.762781115119054
4.719681784969285
4.605281628460183
4.68508720950906
4.605550947398152
4.784365845246774
4.572577232521804
4.706479902433893
4.688052551533819
4.69856020348719
4.709266186562644
4.743010701091647
4.889572039012956
4.851435091269383
4.789110273126057
4.808571284919902
4.742306499752327
4.8229623011811125
4.847797869469564
4.545875742539843
4.451865634093571
4.436459566023201
4.3161829303878445
4.005095751340155
4.001070517058497
4.178116656330419
4.339221428318895
4.370780309951366
4.3276097685917705
4.2803014996065665
4.29947327895284
4.271632806661312
4.331885081662895
4.517975042185377
4.568702052908266
4.585543674595028
4.474844510142539
4.392607095218324
4.318396207564072
4.307142634155086
4.37940208407758
4.420721200435463
4.2209148376387615
4.043857931109432
4.162698557668521
4.291103982052963
4.05321273961019
4.054982785494482
4.216312154012758
4.308969849262612
4.606151469995141
4.625384670588366
4.635683450877254
4.523279848413555
4.716980209710142
4.637852187075891
4.841939349569927
4.724783747222451
4.752880822269178
4.582181095300157
4.657731376109527
4.732199044479895
4.883637526693543
4.8801296073346005
4.688842862560051
4.752886754993876
4.739557166729261
4.636190471459278
4.731187386424101
4.861263367649004
4.816631833925101
4.899934457249566
4.84096546128773
4.984327735825583
4.953707409212605
4.954084135112975
4.786331685687207
4.763437521341649
4.773576043805334
4.6672675987953935
4.6979152927716985
4.858005897162092
4.799114296121236
4.680017969691288
4.7011113508941165
4.946639540331937
4.922148294716891
4.86460739391854
4.829780103116495
4.623119903391408
4.797489986351731
4.740949920529731
4.715607130668545
4.699252354046028
4.914289824186992
4.8078404870546665
4.820622420191377
4.886264562849055
4.729278242430047
4.809234933781613
4.688092196675343
4.39546893381825
4.831340297350446
4.6941205853993235
4.867441547882699
4.703458439696599
4.843301508276663
4.8028272571667685
4.825868362723966
4.867081206663727
4.778637243911753
4.681682903116091
4.788923625543863
4.736908035343907
4.845904786270709
4.845171151564226
4.928797791233073
4.713266476968228
4.899586237770184
4.786690710419431
4.712457153982626
4.972738239921431
4.755928961400744
4.403417177197548
4.61971126507153
4.816814018339469
4.7037945336982805
4.836283614786957
4.900890982069801
4.896817671723979
4.895396701537334
4.806768839693184
4.771284377425897
4.900131748203016
4.931725062792805
4.917530352824279
4.933229990921264
4.88327061760628
4.861542162923369
4.851565815272501
4.88556630690955
4.831075031366458
4.9022106343622065
4.93011320682619
4.870859921415546
4.8026437229190195
4.78713153445211
4.928386105872697
4.965229308666984
4.848195696211545
4.968391310373176
4.812474854911183
4.818415604996845
4.906219034606112
4.887192896982084
4.914082176617938
4.882566426917119
4.671623345675485
4.8542119096033645
4.961276296026504
4.7878707212212674
4.706145565551087
4.865908023180891
4.955699646256758
4.904507896190985
4.956697833621655
4.923046095177962
4.771606186700483
4.554339605673975
4.6178013140469405
4.632323329790902
4.635912765298295
4.438477447902666
4.2113293999581245
4.4611761686041005
4.66453601082949
4.850768658196219
4.892653018182976
4.6678282089420815
4.74527137400884
4.810542679205878
5.016915812178146
4.8822057449008085
4.990715974098056
4.844854595258319
4.974668961820745
4.8638530111372935
5.014285051467275
4.944435568623314
