0.8577778678904313
0.8828991671979184
0.4731026651199861
0.21633035716784246
0.06837284972267474
0.17339810817225623
0.4751365832740718
1.018919405558139
1.3864133025178262
1.344652058458844
1.6744071471864035
1.7188955327269562
2.6470481112252235
3.0996261877432993
3.152254302291177
3.495657844170691
3.5002529243303115
3.8940161033016047
4.1243153095005525
4.449220047943575
4.55920505458784
4.220111212975908
4.292629459931313
4.228272899183232
4.4169004798473095
4.199749254487516
4.198911340810192
4.064149263938541
3.821996625573263
4.052783104441267
4.006370829317076
4.417249291985359
4.775794300680323
4.941809350864391
4.909151034790816
4.77647758848609
4.633296094358128
4.408429586656184
3.7420477322871815
3.6297812520455226
3.1762658197609666
3.525977053948181
3.797207436188783
3.5807166051510126
2.98188998328326
2.9561713554970726
3.2575213898917044
3.3496685778473667
4.057479093878802
3.994198542717183
3.6363472509358217
3.887215735951947
4.2812032789260455
4.165859904623107
3.921769179382319
3.8743900380911613
3.5154958615907574
3.4835732171058296
3.518110902528255
3.3419556041595
3.8579544061576008
4.288553491888625
4.743223391433352
5.076354273485956
5.255489519193523
5.40702818785463
5.5018735168904405
5.925595543888357
5.885949527183483
6.04393856503285
6.17554294649364
6.294296456161757
6.147447491507555
6.31047983788469
6.17923299784827
6.395755394701672
6.539539911372872
6.40628945790269
6.410457963210345
6.48302507412572
6.588486528629194
6.385053591829798
6.52342259299118
6.47425489215401
6.215210620757253
6.320795580114698
6.732329241508469
6.567635346914399
6.642842078077919
6.5251433971592645
6.647068620547222
6.556039540284019
6.3632046349261335
6.513566643795403
6.481074687390434
6.399891980742342
6.273618964065101
6.588082783422462
6.358665336518114
6.496599316013127
6.514975467583551
6.246682966619967
6.386062050147922
6.566181135999921
6.366476819791588
6.536372929124378
6.427121100930316
6.453933899753528
6.489129511048387
6.658339057881543
6.596571394288793
6.707077305747792
6.704695221045149
6.527186282771689
6.772040726476841
6.416686714466948
6.731071821646077
6.7203636992462545
6.423225882333659
6.6855707767574
6.479444751665712
6.3214468258144665
6.0553938909671645
6.313009827387093
6.3613752578556175
6.293807068291892
6.334467231868031
6.256511773643842
6.1937302861282415
6.4638587295537295
6.525034100218649
6.325098000175222
6.299656920421893
5.995142791766678
6.235654480976173
6.539671931547266
6.6190006489785675
6.655154688109205
6.515096626450054
6.453714000632805
6.604885872809582
6.506763864167866
6.169131796101581
6.390103391511211
6.5970080767621395
6.522442203697542
6.511325104636002
6.555792069696592
6.664760218613679
6.801125543861204
6.600874256540699
6.585714257624078
6.546260531123394
6.774784592499868
6.627349189636092
6.534392442348249
6.3817011861769455
6.729619615898673
6.5988108857127825
6.389967005731279
6.2088147867847265
6.2790228005498365
6.402490920283185
6.609083261556594
6.6189765187905465
6.441874865219463
6.294066508115928
6.456833991907656
6.641134116569125
6.627195900496662
6.736838700561329
6.595324427715032
6.26832190709132
6.320815733665725
6.294684687407466
5.93525184944475
5.772161952951043
6.007831874618539
5.890013899131076
5.556183586280211
6.019746397732735
6.018005009242524
5.943725599783399
6.073372669370551
5.781652790690502
5.407071021824519
5.494662850208328
5.885361920092284
5.857055649189057
5.690949901258311
5.860640877535484
5.866916108243695
5.818478490617568
5.79441791071834
5.827900184044533
5.635042093210965
5.9902707175750765
5.812118508769065
6.212230185075873
6.262948616078168
6.395967603093689
6.393298459584595
6.41632434537736
6.374315537352427
6.540343071709988
6.566426809521407
6.412438671688614
6.313311554854366
5.944970174926006
6.0654305543691525
6.269976668215696
6.504175441903959
6.469484240981518
6.4478005936344
6.478658926456369
6.256996001262546
6.123187026429994
6.089570371803049
5.813214326997854
5.8580415004431305
5.77779693039223
5.2814597541946755
5.049646897242239
4.506355227795017
4.260685967571666
4.151921779636721
4.74790340740334
5.001199618765507
5.14308602810316
5.482363419831508
5.717488093676332
5.778577487143403
5.872150750194505
5.906565890450017
5.934965958467026
6.146949959283253
6.2050880898258995
6.385581702670441
6.223553002248123
6.145303551205604
6.273430669559971
6.045453050259278
6.033366998754486
6.162161015731198
6.175100137807163
6.415709014930823
6.309614562046524
6.511681095451031
6.472013688142883
6.041838890813746
6.495799435444579
6.424988381899698
6.432437816177824
6.158545392977525
6.120097290655041
6.24053848192074
6.409424419903802
6.196560347527101
6.3733440022129555
6.373333987844385
5.953139004906702
6.051190246534383
6.579275853986428
6.685394647263193
6.32915436724822
6.560759491797259
6.489658828836997
6.725201922094118
6.539612249131025
6.570771411867321
6.759627171092143
6.6135138169791485
6.615459195898194
6.730242282580801
6.550764738437711
6.42229574159101
6.5339465847511065
6.797543567708215
6.522238742928527
6.627442022365576
6.470400883534398
6.468165678882919
6.53552796914704
6.5863888075467285
6.712396492294903
6.536732732757542
6.6662262327081505
6.600810485274229
6.339644468423151
6.54469757221127
6.520697480761858
6.760232062362837
6.379177853156844
6.495382994997665
6.575976125396302
6.30915748859149
6.212485947840658
6.04499712373044
6.328144030821719
6.506783629181408
6.548044113556204
6.515990744772623
6.317694134596577
6.527132092627534
6.582834728401639
6.7193713809606805
6.72521383152714
6.414809076586425
6.3855243599812175
6.751908304963725
6.6099697385747564
6.802696266424926
6.636973036544094
6.663814156034216
6.582789221137981
6.668588743841715
6.696903753370658
6.334398056112366
6.578305552464542
6.367726415247584
6.085207437538851
6.37339867782387
6.309402706682059
6.649173943884695
6.295576319048605
6.415948482147257
6.630005369753119
6.777620800810022
6.713679946120649
6.635991950921922
6.3764709185034745
6.551076510552072
6.577793174047971
6.496392233613301
6.47095858227532
6.44330574726397
6.420367598222424
6.235570801060938
5.961338850952762
5.998400260854391
6.374021762934419
6.478565031154902
6.286780387703547
6.594940770031665
6.621196508881505
6.57708898557365
6.435721534205212
6.415918675728321
6.23212807558355
5.95081242356174
5.867612830460885
6.003675387456086
6.1792283132787365
6.0512632089386305
6.037145391701925
6.091383881365948
6.2308316995725885
6.351907715221867
6.357916875987782
6.510426129435419
6.356607940446427
6.154774056122003
6.181394482071752
6.297912261848277
6.332105463288085
6.273626727206462
6.165457716518392
6.28078202608109
6.494534625811485
6.390526859347896
6.442669213239361
6.515879022936448
6.6119587186261075
6.54576198678536
6.283295491370829
6.060612869616581
5.736507668810081
5.680050703231136
5.8173227508812015
6.111400660134642
6.428549409252153
6.5090503769158445
6.382117220747927
6.409481655486488
6.257831992672536
6.169928230325214
5.887329158269955
5.727838331819133
5.678416777186449
5.537046382878499
5.401180719248422
5.482653979422551
5.721606706518267
5.539028263757987
5.459034025674393
5.868972677497811
6.211017771877716
6.322046535573024
6.096127356931637
6.191183593988872
6.451047527652723
6.651988475677373
6.43656146549944
6.449008437264263
6.5330815026223465
6.492317977977512
6.138884638213595
6.066982731869669
6.39531965347364
6.410277622803482
6.30342885287232
6.516432121976658
6.533987017794443
6.358411754802998
6.303764572083329
6.496798853050551
6.299750404015344
6.424012124371646
6.598431631167953
6.496392317026823
6.611551518252682
6.601298453934588
6.548393543369903
6.412323318795349
6.565370814814432
6.538227881905359
6.513522455121477
6.33042972659989
6.481687842571427
6.547089687592196
6.508589519057897
6.369079405822437
6.4780055314153655
6.747953590271814
6.529889707302661
6.577895012927192
6.6785844247417385
6.72646863923913
6.6508906767470535
6.4479723870227605
6.6373853157841465
6.7787540611768335
6.62053752777678
6.437853136393353
6.696700566296341
6.721119036439245
6.61187011260746
6.5650571749271265
6.688714492441031
6.544935573643594
6.709857840102555
6.583508665257048
6.656493963361458
6.6738093959852804
6.842375743470853
6.708748622388794
6.541148221166708
6.620343687943804
6.793020787415718
6.493221230587574
6.4412686292121935
6.626877040477436
6.4397546468766125
6.449317744250981
6.585281051139049
6.552108376510614
6.7553554446103705
6.727898902232431
6.692354012794124
6.606509222215019
6.751284929576107
6.690606538667278
6.584464929101067
6.727921754250078
6.560179665393974
6.3785848015005655
6.4334367047408705
6.498484042959701
6.517667665663031
6.431251059442182
6.621537598188349
6.464144351087573
6.643397130347941
6.540802109649368
6.332434914165917
6.667479872071186
6.605589309657032
6.586202714707406
6.701265181228472
6.488318853875109
5.306468132093622
5.282254302440892
5.125416309636323
5.032518125141903
4.779899816289142
4.895068171250839
4.8379096102812476
4.7204424652461245
4.559027690688074
4.687329859731864
5.047418041723773
5.1728259966555115
4.887005701602869
4.801390004425241
4.61570987247697
4.750379575947737
4.914798817040042
4.755218827718759
4.808807231088562
4.905677326242133
4.852444151699612
4.729310701004506
4.368451091671185
4.189139610705853
4.46276897819093
4.72910516636626
4.748401564520362
4.62474538274108
4.80110573887837
4.615946176246206
4.3439469713819925
4.819581454754073
5.018171407225436
4.855499197319221
5.079175626071182
5.347786936888125
5.213728358037583
5.337828801809439
5.312952164805982
5.305938870731877
5.388755847728637
5.376561740988798
5.420862960805861
5.3489323163460085
5.403396978122677
5.286971850231342
5.410910020263029
5.417468448410092
5.296020858121292
5.507490170279196
5.425922907797787
5.498819973046994
5.277714133139561
5.495596568348814
5.432261615482029
5.4386731810234155
5.149527197249509
5.30036441412764
5.253852101350988
5.491963579447798
5.4351713674864275
5.3001732944834234
5.532004984605258
5.463144657445679
5.352070146109895
5.3825351669688954
5.359559915502288
5.390258564867133
5.457277040645714
5.287149419736385
5.335424687089976
5.382364998554332
5.515756785582463
5.409198223297816
5.461732518444633
5.501548400133748
5.265920569838631
5.509327700357001
5.404691485150726
5.205418194314806
5.367201780490767
5.4609448415493755
5.424925036345823
5.477540697867417
5.4622433100337435
5.4184223937651455
5.467530948896867
5.405645789973011
5.4145157364700385
5.37250841871782
5.39608905547998
5.454893602384374
5.498612114320345
5.406061427218618
5.461868639034276
5.3664849796240786
5.424991545316312
5.423405872329065
5.3687674608984945
5.2508780005440645
5.1079455675941805
5.3255015775742205
5.28532450214932
5.162427364371054
5.16716637953423
5.1204321488580105
5.043853304998963
5.097686820249065
5.327711815757655
5.373099504558613
5.166949602746165
5.3368324319027405
5.248007330179945
5.229318079415509
5.258105559726227
5.282384645038031
5.3199333248106235
5.223147429595635
5.297065569258233
5.245457977444529
5.304300037484427
5.029757429301932
5.186032783252373
5.052683058676297
5.202222439750679
5.207695620633738
5.045868742958531
5.125963700076791
5.176941904045242
5.095240321693469
5.328408441493925
5.338647573511561
5.229977109983804
5.302280243306226
5.283815549254788
4.919391667995116
4.987655419492938
5.185633486846301
5.009791404898853
5.235804471343416
5.109121883928238
5.190116144761871
5.224453871425711
5.168764093020764
5.096616300041679
4.8865369458733685
4.921965109923972
5.105460833420178
5.107617266100986
5.1166990841066
4.987341199598112
5.127010828627901
4.913666149698269
5.066447162026351
5.102677109448121
5.146866507128789
5.128300079857953
5.245465646171158
5.119848944051881
5.482388030198308
5.451012763741837
5.33101608731201
5.36953451883829
5.501767836601095
5.330809730327103
5.421613365373123
5.461332150501613
5.489033477129087
5.361589287214249
5.413950410878584
5.287853824716022
5.324156922445917
5.232122256121585
4.995355515456348
5.111739907343944
5.231996963545152
5.351962269937726
5.067758253838179
5.201404123658821
5.2373468996633346
5.041496736175136
5.351757332641272
5.440050305779684
5.449848865141924
5.387674451588187
5.389007459382768
5.4923901064369245
5.355974695994854
5.432894896959461
5.372277802859219
5.474670988311919
5.35141780230623
5.464617366599124
5.3626493119592284
5.508194443330696
5.459282076586203
5.325553364266684
5.409116182566288
5.172304715207121
5.36305890391138
5.3688286186011185
5.507377620813789
5.411759902207131
5.421733716464571
5.49777504017506
5.435178555497
5.39350976906749
5.455200835653684
5.36113686857303
5.441022726953458
5.318349888740188
5.274926959508093
5.372346026870424
5.318762059864844
5.334280788367115
5.276286767828408
5.299002548972682
5.143713289013482
5.052346026674502
5.1652998168015865
5.054462441135854
5.247568575367023
5.182155016191674
5.2727192437644765
5.234885381425369
5.164871265151474
5.1717264513076655
5.29010453709974
5.371008981430407
5.2495740094560635
5.279723846013103
5.0580287840677585
4.9435060245388955
5.1069081174565225
5.307985050252677
5.285268646334407
5.313021208419986
5.336210096039922
5.288651348214614
5.286612191111263
5.336935721824007
5.458804631577796
5.369482639321449
5.391439111477313
5.414513319118053
5.424102579133924
5.509582038717895
5.412695717676549
5.392437628443149
5.524272818340758
5.489871423409665
5.281043225511614
5.3746410093894275
5.403352590829316
5.388602787692991
5.340195799812507
5.402203136687645
5.433765499197109
5.314822292396608
5.401429958742787
5.374790963101843
5.458527041817971
5.292901501419972
5.383806322919368
5.2720118076639615
5.368872747034013
5.412857182342594
5.292857816500776
5.332183990890509
5.235962325298786
5.326832198301297
5.257053451101764
5.440546194348032
5.24771391616179
5.198079133808366
5.3500404146345675
5.533790725227661
5.441681370542619
5.448732624265235
5.464371296060316
5.429756270342591
5.498211125018045
5.411805267477072
5.438165161358919
5.400921883102531
5.500113218137008
5.421615106140663
5.458013413469901
5.326597624178694
5.471949193997991
5.40900714968263
5.476461789566933
5.455441193652194
5.468982285130751
5.418050317956182
5.492018857918572
5.328435008130556
5.130121237161732
5.201606778087471
5.0758458581058035
5.362838215068324
5.437513407967536
5.413759548666758
5.5039192139531545
5.367298044743842
5.4896033709041845
5.277740367202402
5.434834838359465
5.331651576233639
5.268027479016218
5.169993681629563
5.207582980240426
5.331003712958326
5.293274695761428
5.353146710689379
5.3006720882269
5.188170674873346
5.068939811471799
5.344725189916019
5.227359355066521
5.296984279239854
5.3646276502152235
5.40674740703124
5.36689166951016
5.428697565816535
5.364455137088332
5.361805702946093
5.459102087077767
5.390700576036322
5.475632764594124
5.401251348578539
5.362190727762085
5.423049736567015
5.520366150703824
5.414166761505742
5.498400624764843
5.33617761004594
5.384365555065335
5.524760533303789
5.39591318255477
5.444115474720469
5.302975457452943
5.387121059818506
5.455132932707369
5.302646394830774
5.4464052760894415
5.25525583951463
5.160710922916644
5.305364710543197
5.360870340841389
5.30693781835379
5.166384990889538
5.309010060405107
5.129292143234359
5.192454003821496
5.183481955823505
5.1265189036936505
5.043327180563159
4.905145667599672
4.885676031332002
4.806226375104147
4.540635270076947
4.391207069962194
4.1778995152093
4.224289643120933
4.473498483439942
4.459858417113706
4.304481126159491
4.537909889125652
4.634763914174606
4.464564350722404
4.45346048912704
4.570426055366587
4.533078959526411
4.705029219612896
4.782264603540595
4.642748547087491
4.7919423999099475
4.897683361173189
4.745616775400097
4.709302610157251
4.655461363337362
4.531485333021908
4.476446071215674
4.624628094728595
4.831801011699385
4.843893269563756
4.970588577358231
4.767401888099199
4.466067682487097
4.636748387054953
4.63390066918704
4.855838527023051
4.799108681384483
4.9023949083228935
5.103486462125195
5.029214144745765
5.037562899726245
5.10809596626587
5.214448538156814
5.161800159992582
5.28544030774122
5.192525914927221
5.0986846415063525
4.986350203448646
5.0524576465803985
5.177646437154254
5.359506515329294
5.240592490468887
5.227032603315585
5.356957859069001
5.368226081234319
5.100686864351678
5.301946566605784
5.478892422612904
5.375732656767148
5.472583747708121
5.422999819039655
5.447913875494649
5.320792606042482
5.4354733503254735
5.479792864069172
5.392029429207224
5.38977939622645
5.257017111307485
5.329029835320519
5.334113258121855
5.390787899942383
5.348419289591517
5.400237596649067
5.323275128870179
5.305530649177029
5.364683747771151
5.364178108395513
5.433579862024795
5.357168939223159
5.373332062086002
5.275094248754134
5.293752852023483
5.304602013365522
5.334246270176854
5.393903137770837
5.445058612889835
5.350894786546664
5.484045382122323
5.223405930605209
5.352868221703368
5.288115027625078
5.3050075983713345
5.270087281064441
5.198111148967888
5.307656627532843
5.174029995700856
5.234613671885069
5.135298077395767
5.195895981893339
5.266627247408044
5.279319673960783
5.278576685664642
5.168814633454124
5.344945427780287
5.284019847272615
5.418005680175342
5.259778643614207
5.380468111916075
5.358132999278451
5.3759388800842185
5.304697312982171
5.158178732762079
5.154198665714012
5.148573802336028
5.219353991272004
5.262185126185459
5.3308937275679495
5.227692009271503
5.223102677468806
5.12713196493816
5.180558713676493
5.098332847143537
5.177546721496421
5.437026134207593
5.376884198947517
5.200774936013636
5.299490639012881
5.309314798883421
5.417147140637439
5.082156175907224
5.268327019691938
5.4400604869039615
5.470178161819351
5.409238531744101
5.331763502911343
5.345605072714143
5.437609539839234
5.43189621308575
5.477428493855048
5.353000943668063
5.227655106793767
5.4338257530142755
5.45612426956396
5.480490163329416
5.453533868240976
5.455338785617897
5.395392895470517
5.221910148718098
5.184484259176041
5.320148445208178
5.10014064774447
5.124418199892303
4.896775188876073
5.04007545003442
4.866337012550502
4.862893714032438
4.739948781233248
4.852030301186665
4.793678560070902
4.908279433067743
4.837810478387984
4.965736430930404
4.748954929093476
4.907426198631223
4.85394250226223
4.816748407329494
4.911973598891839
4.952544786827994
4.89684511065757
4.707932367190408
4.70817111512032
4.374970860740623
4.552821041195101
4.941470073882938
5.072104851638019
5.132439415822207
5.0999472817574025
5.196887339764226
5.066015915643608
5.310758614624082
5.356106806542892
5.4410329150578445
5.416948186104312
5.350182567155749
5.504060571140618
5.311105218963446
5.479154574671514
5.34477225451214
5.153126357401321
5.316739058900964
5.381849072297991
5.360703966661779
5.268023074772619
5.375569278932329
5.410618614036688
5.312336506599505
5.5329548412834475
5.337113048882841
5.334065471906906
5.328578867154398
5.344083478095539
5.295634621595506
5.39675476826864
5.393734591475846
5.48497200083582
5.369477761710191
5.461241041703746
5.437776022954919
5.383573495764535
5.274557331384371
5.353592607481003
5.309325068688052
5.300412039861371
5.29129518690002
5.303841074193366
5.179803548402436
5.2357136517117056
5.433923501430241
5.39926931745908
5.3396464035678735
5.389561781373398
5.336941809176092
5.337681215170683
5.310337459691268
5.339087578852518
5.429719523147397
5.411928973707991
5.301703311866158
5.453490858643117
5.487678596716983
5.463709833818757
5.439448459093162
5.4736449173926545
5.4536161789016635
5.445519335884437
5.48662953725181
5.443576162283007
5.408704756468429
5.469123993510918
5.338996838872177
5.3719001056082725
5.447706595606666
5.364092137169925
5.30324962588155
5.377712571993973
5.31234141494745
5.209135046965542
5.2068699995318335
5.293466191035381
5.2144377250637275
5.466232864752283
5.400880548552152
5.250537579565508
5.32514076619619
5.206354826202885
5.351002677710127
5.012185005586124
5.2776094881843605
5.170451512034633
5.234575592025555
5.218103205480047
5.136786214622416
5.30680941294189
5.275186266190176
5.352892874075392
5.291334940867562
4.949813924069462
5.049833792401111
5.25026323875497
5.293880460334081
5.164437912360293
5.336334790555628
5.39239810832882
5.358938482762802
5.196409376120987
5.05789425843623
5.175841560914315
5.4082871653698135
5.323468842208598
5.488374285860038
5.297987690301391
5.4436605580214135
5.330645385857726
5.303108074894042
5.247964991055175
5.1295433395426056
5.17877298186306
5.123149358976406
5.187117768607456
4.975828222255241
4.864543307831017
4.8292011923085445
4.575233867222829
4.624694184751752
4.472637184980821
4.613584366465989
4.35818325923956
4.5953827678408
4.824297179169486
4.910204458879081
5.1579839261268035
5.200768093430796
5.240090581658102
5.083059911182731
5.219188175598035
5.12795975026922
5.132563324427079
4.876987535360199
4.605404007878905
4.9172623436774066
4.855175756742841
5.159132086870008
5.261238271732464
5.225164779703461
5.1408959743638984
5.181225405414773
5.227687460558554
5.230940676342821
5.088634139763357
5.177309422282868
5.1293355528298905
5.095319153216041
5.341872452656445
5.377067734934109
5.505322513053419
5.210108561504913
5.464496504942275
5.451804621127712
5.234282548575335
5.40740874303132
5.336296676288763
5.086439457813815
5.162530342547652
5.325289185153947
5.373804990082434
5.191184310682969
5.228675057820718
5.343256257997685
5.369477288029143
5.446047036699608
5.2054912357653915
5.218931441902415
5.394829725792144
5.245687976433821
5.19182490058151
5.130192765407416
5.028953397924728
4.89718926647565
5.101845778837935
5.069582521480003
5.06173196747587
4.9906081609130855
5.114657591558325
5.131957189868322
5.269423248108426
5.300527350297405
5.249181447175897
5.294071447812626
5.259922353980029
5.151746737723534
5.052557856717561
5.238471294122885
5.288239886714392
5.229211269588947
5.232573040858183
5.050156932395371
5.092715772163162
5.244298032257619
5.3559732110223885
5.30920405550525
5.322422805128015
5.094381994409
5.339829130498041
5.285701236272276
5.352620354100766
5.399263022716676
5.264419221293602
5.230379298318553
5.304835894550143
5.096742938731223
5.021787302286956
5.011950979946354
4.853861334577959
4.899927977718834
5.191167940318704
5.155094730008541
5.06470939932858
5.328515518990342
5.151462117380321
5.259026065144916
5.086500529657405
5.00581631178885
5.046694981222187
5.200789813783166
5.142670073037681
5.326031476684251
5.136866392540097
5.102320558450126
5.185244033231035
5.0911329331429185
5.130787400463413
4.879268743065228
5.045435705106498
5.191102145422119
5.21631285067521
5.209310983965638
5.156103898861219
5.0868206595912095
5.348416509689578
5.32187706509219
5.231522300071745
5.321212063258954
5.4500111642318885
5.398937780981607
5.353666670157699
5.417972883892434
5.314614543832814
5.367982221361236
5.395195038814554
5.3327230806892505
5.446216896032044
5.375413345789974
5.31906933918155
5.433509922365355
5.349698977451633
5.4701613426899485
5.429805142265325
5.426442860444705
5.469708026837621
5.368420066924061
5.441765164555139
5.442301316830047
5.303376825532207
5.446777116415761
5.329155688231865
5.217753492948969
5.3538651019611105
5.2667776652910065
5.274122342402679
5.4384183900534895
5.251557635974139
5.331633450581398
5.25431471527597
5.531202938224179
5.386217557731865
5.441686030325418
5.444168463302999
5.459389847274851
5.3132756354970105
5.39929941985875
5.239305776025162
5.326448231431358
5.282775038428918
5.117192119270594
5.131306976737126
5.173834121309581
4.992909608529862
5.1534251913363605
5.154915515835844
5.2057391272811895
5.146358907683721
5.233911828228997
5.118894271486132
5.225270608286783
5.339247321674565
5.429847813387454
5.100760201526422
5.21002650872902
5.3910301917343535
5.239447380066719
5.094771583004222
5.20541766485338
5.265155205344305
5.317310229931583
5.234020192389837
5.363808386670665
5.357742798686361
5.4372571704870705
5.30591381489321
5.402924252002177
5.256433163310404
5.087838593101252
5.259028676197697
5.150883178899782
5.171277755305823
5.176531762692685
5.147736267691597
5.195553805062274
5.251791291192731
5.349981587379082
5.2969125060497975
5.287982474910262
5.272346268732731
5.286430215183222
5.237876529413219
5.271504246870966
5.38657093762299
5.289400163405887
5.265583236578666
5.42005811781344
5.370601880232343
5.173488268388553
5.176202120387531
5.368362713055845
5.412655449973014
5.213815326482077
5.366855232171264
5.381148341937367
5.4072420303086925
5.305049048929758
5.27911707069088
5.224350915671724
5.3146434022934175
5.394431748324267
5.35653487943309
5.473604785177876
5.456233773441235
5.4275295505689165
5.482889105519592
5.3487485339796965
5.403001574232344
5.466101522209904
5.401872083087694
5.2857021117490515
5.4260465417122665
5.375262519354898
5.347912506329255
5.424018177382404
5.404443389210807
5.478371133328482
5.354166034176157
5.477047407124813
5.419108813567053
5.316387676078143
5.471561930312458
5.434285956329646
5.455597445033718
5.317300517628381
5.405200768503418
5.3907909184095875
5.460172354414781
5.359871991967056
5.3912636916967385
5.486103602604862
5.444181930494617
5.405006769761575
5.322095897571041
5.383303068942091
5.30701506473404
5.460148968846608
5.275876426529587
5.4994597098268745
5.344150985722317
5.251359227291083
5.336151440868671
5.347116364812005
5.428901385689647
5.351493961771852
5.443068785212692
5.438533557690451
5.385136628852377
5.374080370397741
5.380051234445283
5.439301552402067
5.43271775919788
5.459095294026875
5.349176223215123
5.3462082884093345
5.447956868436097
5.4499908222302835
5.499772845627023
5.471892612840401
5.380800338875663
5.381613579608766
5.3893063868687126
5.492461720645378
5.369425547176226
5.422775088894976
5.486373421673474
5.453527492329215
5.34611870616552
5.276949878301986
5.371402920130338
5.289303197458068
5.433555985885666
5.366857821635465
5.362476945074798
5.263465938244015
5.274122407389449
5.469107969298425
5.348427575442104
5.4594967332048565
5.51345089421287
5.3699453008186655
5.260741697562869
5.238080175658574
5.415243551114986
5.4011395787559495
5.447012906928093
5.477012176819973
5.350183687962064
5.42911561508031
5.407620671714642
5.292491281887019
5.289464876684538
5.448075403613696
5.4621807890960286
5.402531412077262
5.515732697163986
5.392684452704218
5.529338337175136
5.364587959356184
5.514311845157896
5.4470416083168605
5.277138509282581
5.538312484766159
5.26356081434094
5.271829241223403
5.276882784198352
5.422669188626763
5.361282487608572
5.407229451714679
5.455480755940995
5.4303528979689215
5.390027113857468
5.411541344807603
5.295977819003767
5.474590889190475
5.449933539558494
5.3578272605440045
5.291080221960052
5.340537340343209
5.409089111209741
5.361818767811703
5.378134848380054
5.332977905656037
5.314925856749926
5.164801034797418
5.394261291072153
5.423227840329855
5.3570944375946175
5.231487745614524
5.462126917612915
5.385693897457484
5.404717631517417
5.256009504499055
5.106032632579863
5.135137424451239
4.935904803486596
5.0123352764099325
5.142058498901998
5.2957690888872495
5.327997670796853
5.2162480759096415
5.377086663637575
5.4025321421212045
5.304866369450609
5.255809485228397
5.364864568076427
5.167319683668113
5.365819122216384
5.169344359286193
5.212638320041746
5.205375010481219
5.2945257619283765
5.364261343576512
5.2548306908854165
5.371234092487073
5.4541407134835405
5.3534885244991575
5.339763110959799
5.137602035050786
5.387774583877585
5.391860994567617
5.465364264894866
5.364347938832074
5.459357020224277
5.350394659836507
5.336544893620571
5.364616838141087
5.432132524915566
5.252350723126206
5.334032389326561
5.20124963502626
5.4103971346730315
5.393708708370282
5.451552362906729
5.497688369009188
5.47396263561325
5.468669938575897
5.399710456573702
5.4669395009354895
5.27235068327389
5.093099094435648
5.151450320116294
5.318306314421813
5.373348788315503
5.333033865580124
5.376380009963361
5.265771559332611
5.32902614140917
5.069626443120586
4.916266297530939
5.052617805640533
4.960552657757537
5.216973205147639
5.017171818292135
5.088868178687209
5.332281087043614
5.342002792425707
5.194275513144577
5.232227912044226
5.205447700528071
4.950391149373556
4.776789648696878
4.943830244952634
4.977377396653994
4.832055557849518
4.822675998983128
4.485726320520762
4.525884531519955
4.429321671321155
4.317582045240738
4.502991754265028
4.513645062994695
4.422277839219281
4.728913364433675
4.923261975157061
5.0003323356898
5.098416785874237
5.266744824748753
5.383123507798422
5.36773733129476
5.299954412471063
5.359813509026115
5.350928826075784
5.441968140179197
5.427892988936298
5.469322404673757
5.316116979052571
5.389251593910224
5.290385426470733
5.197944633576155
5.331458354369836
5.304607905642732
5.323375803361912
5.278116533385154
5.226509306982119
5.193709324375467
5.173818082945461
5.034324237126671
5.01028121630089
5.083953892812398
5.106568233126208
5.252260818835547
5.311338168379177
5.333368836346406
5.25027102729186
5.254318328896324
5.3613797581322
5.379019730664178
5.405456147207474
5.417779025358454
5.377810605873685
5.1761692003423185
5.430790811982031
5.30475858555466
5.36839384641155
5.2411427481459345
5.277737514542425
5.21923997131711
5.461623973428604
5.461456439867551
5.4692169789037335
5.436441903207208
5.407947632536159
5.246892383835402
5.425208620918214
5.457077810155519
5.3167556244272705
5.451079479009277
5.428718456643873
5.436446901318774
5.1914372622768665
5.142340941198791
5.136434296295498
5.377349279995176
5.213652529202927
5.4369381329787965
5.334137446636707
5.414506180948825
5.405517127329537
5.435885353849164
5.388343586675624
5.411051779012249
5.398564254907397
5.535100018461147
5.371017868487632
5.455670704034823
5.4254959037281925
5.461066121901883
5.335847175244413
5.3326342948509335
5.5268749102257715
5.348338251914147
5.398633997823228
5.274796511914919
5.317985860397876
5.484191195357612
5.33545863978907
5.286448546897292
5.335461366612226
5.378307859532841
5.3841234929044575
5.40158270167422
5.285888828815667
5.285320644788895
4.9755798635397985
5.2108690297168625
5.086977040332935
4.851199959705601
5.068421213984339
5.0950650239491315
5.203451804431912
5.332015296035637
5.342182221095105
5.342921774092295
5.1873431565646895
5.1609600547155345
5.1565133477419165
5.172931773791072
5.299926426095819
5.2078107670163405
5.238713867536464
5.321990588732698
5.436973892953427
5.376032290098065
5.4219879105561
5.4259209708170815
5.387559797243893
5.37116653605339
5.187955676900736
5.261288555838381
5.249913138934955
5.186785744307347
4.893468802419096
4.713575165814552
4.960506961165012
5.070844093265687
5.1921352509253165
5.162644500117812
5.289668453866858
5.126586311453279
5.074291491366598
5.32038201734039
5.259452295827866
5.152219797336433
5.144785851689253
4.9492379993996085
4.987726394144427
5.016554362657028
5.182979694806951
5.319655518323709
5.320092229467841
5.404131217526386
5.422647663884957
5.417911237275514
5.423325410883591
5.444081574929742
5.442243842811041
5.464244278033391
5.492559684781137
5.346044327163192
5.461042248046146
5.365716006029372
5.424860259848164
5.486796850617588
5.427563350726386
5.418880742921557
5.495186672190999
5.424409079624636
4.986353948472176
5.470911283361119
5.510512410672698
5.496905682266232
5.3377693753233775
5.472018999883483
5.362319259278298
5.336455896455071
5.379117152234515
5.476250255112222
5.309641056483341
5.324972108193259
5.228201581312883
5.407041815333149
5.4534157911917305
5.4564914158235664
5.36618813104909
5.455459785225031
5.462016737418989
5.476588845761351
5.307414968085247
5.431275428063931
5.4106842923001555
5.342474827379996
5.395288953053578
5.399637512547192
5.318860326136923
5.373803059894736
5.32569695026934
5.286644586420394
5.2481068583899555
5.256747829651571
5.292852704535728
5.276026852698477
5.376612414344646
5.4383495294151585
5.319677333906566
5.361732001112095
5.368787284098323
5.265523350905573
5.386740793924737
5.401571051857135
5.298978808733196
5.42209512066366
5.472077928167083
5.241784956269934
5.484753013340348
5.331469228835031
5.497880859183096
5.384177270029031
5.478441617348959
5.46831501165357
5.481581792168418
5.5227716071567166
5.440878910827292
5.527560171702443
5.407031859480869
5.484805057719624
5.4997791745267675
5.505049287017362
5.504541896222703
5.478626176766201
5.438745318180587
5.459097188588279
5.506717772228758
5.401872398660463
5.367855605045824
5.45462015076132
5.444832597753738
5.373847718051762
5.411598822835097
5.316321047241722
5.404674908567065
5.326778324600069
5.463450317118201
5.419643018779482
5.490305389377658
5.337519997075882
5.417425265298027
5.3780029256621695
5.424062062211989
5.38744123396283
5.480236769698894
5.403366160092835
5.469267372519023
5.510431812874831
5.392131743864508
5.3968329204216845
5.365660411210882
5.5074991889061895
5.44638464797367
5.433356219438331
5.425408564160829
5.285454197726895
5.35907229703854
5.273977493845434
5.199297438692345
5.23513946763862
5.298439780447983
5.290641079851466
5.2905864889318535
5.366778802884258
5.457969458226151
5.358466964055593
5.230676744850895
5.3375479150475895
5.432905063090428
5.2052057006612475
5.311430314459299
5.323529073319781
5.387580683897061
5.315373660258635
5.187912244331426
5.461435432658858
5.304024571981596
5.289336812209837
5.115453618696842
4.90700825442146
4.690223035019826
4.7692884740341
4.837894138799164
4.895834439178138
4.785341890281876
4.4833283029871005
4.157125696180524
4.144266399263662
4.369457421109262
4.506746136146189
4.675205331956162
4.858924094775491
4.811916158182098
4.880237321269972
5.0234444059957415
5.113669366462716
4.933702861944364
4.694124199646959
4.305311904553146
3.9375895901142703
3.876623660885946
3.8581200790803365
3.1935973521979046
2.609560194368208
2.046725506534596
2.0596198800139582
2.151890667575155
2.2218792445998443
2.0505260481977428
2.2488183458862525
2.8946306291601163
3.1315174287710845
3.28211595448399
3.5614448005329473
3.6018791186674903
3.707194628117672
3.704362197710773
3.6898863409684073
3.7118855707896627
3.746961522739584
3.7600639583610134
3.7431542051501197
3.806519007941925
3.883562518326123
4.035203517200093
4.086512216533319
4.104788307318069
4.097794570575777
4.113097798193387
4.182730442031826
4.202667927880621
4.0356809996681715
4.145762337413268
4.143477086801827
4.223115539197821
4.152644712404483
4.155933620107118
4.1149162407816595
4.0835342689059795
4.246204258520363
4.195323299426702
4.100181739388821
4.234851960718357
4.141782540394997
4.219726484658089
4.143617808815771
4.15543572700277
4.116975406662971
4.0430585677125475
4.143888587829557
4.088603074581632
4.1063355942898605
4.1925336791518815
4.183178164724619
4.061792503778309
4.140261547525901
4.100100951159762
4.152447897152527
4.0020335671426235
4.114615330151414
4.103244491712909
3.9929859493346127
4.117304313215323
4.112832384859691
4.1481077895179705
4.1071357770618135
4.160543737807745
4.243873802393534
4.173735546194093
4.124984080310165
4.038895591678698
4.0528637995691685
4.208238373743258
4.186993917887841
4.149739984735767
4.204127832197985
4.127129724238451
4.162305906578327
4.0551106312437195
4.127167653470347
4.147139009485168
4.044005441356175
4.132222223953166
4.068873796260611
4.088220630894686
4.12374523246124
4.139767752419928
4.111815622959943
4.120768205079644
4.077167269012315
4.145072929080074
4.241679182388024
4.1015473252213
4.149581141001758
3.9630426627096194
4.115038004723219
4.089354818470367
4.144339854156959
4.092582664139738
4.131522409283198
4.126945376606829
4.184165084539255
4.107947865115354
4.087771598263745
3.9921367043470815
4.096729993016941
4.104093812549827
4.098017272613457
4.078212071142455
4.08835481659623
4.147954616320734
4.119954086464878
4.103890546470171
4.124521840944988
4.155236458001051
4.139630746679427
4.145965889723753
4.108136641071846
4.127988693047169
4.18342471960271
4.035754533872491
4.124123559086729
4.100122858283116
4.119745530430304
4.1435111215127876
4.10870840198235
4.040956485915858
4.159990947291365
4.047362740044108
4.146994449452696
4.128676228590846
4.118872033774709
4.133023612741968
4.021194816904301
3.9965485442038213
4.160463139994457
4.081594396743077
4.102670761007941
4.1396612531722194
4.096147075393598
4.124286835990854
4.10984036180662
4.118456734129777
4.109257610762138
4.044077867500097
4.111908152527058
3.9762212642017287
4.154285748820692
4.000104844284673
3.938700546220619
4.016743314197287
4.153182560220809
4.0848626711714076
4.102405557140665
4.103886425030839
4.091421283245976
4.104938709943253
4.13917556037695
4.144130170981333
4.119635288205052
4.138602852508576
3.9968394089558053
4.0910822677551755
4.0442801555150565
4.035632128448987
4.083660772867364
4.024678287419429
4.1429504668992
4.143662943245216
4.085483705335731
4.068904082833687
4.020097040506032
4.088897965249378
4.018262828788523
4.146334681565508
4.105770746908062
4.124276688620483
4.038939642552503
4.097287960605393
4.08610525682949
4.151999268323662
4.118055963236218
4.06233448239231
3.9927886089574463
4.142035344014099
4.153801859663853
4.068939299031243
4.09567176350028
4.106087657274715
4.099123606244346
4.014571051582385
4.010924514095718
4.101776308286857
3.997361628958601
4.12052536345063
4.087561695354931
4.113096506781645
3.875988559688044
4.059245619762604
4.143980447950662
4.130510289109567
4.09961184013227
4.100396863373867
4.087471843938983
4.171053836285916
4.0854005678678345
4.0980620020048155
4.154897862951198
4.052919641247448
4.163995227530867
4.016688263414828
4.177687790249794
4.079424886379788
4.131055171913259
4.135081247922763
4.09939445465144
4.171969727586044
4.067997521401914
4.059893098636129
4.077543051783692
4.105072220703419
4.075209672107014
4.066941761522121
4.046473222559757
4.121522474685723
4.074878705570212
4.071627708394753
4.087427787003147
4.1007983679395625
4.121027761185269
4.011123929108544
4.029706975132655
3.91066425039013
4.052651412273594
4.079352966671651
4.0622741194920575
4.077849384718588
4.0756993192037525
3.9926983236275486
4.0682680227656745
4.091125170747633
4.088439032071113
3.988993031800381
4.087688150483539
4.075446528655201
3.9901111559160656
4.021562490228478
3.9192759573675997
3.978083277748806
3.860306759438519
3.879590776474644
3.856030616025901
3.6952087580914204
3.8520844851599776
3.877417031833665
3.8483467054503038
3.8943069723273256
3.9823792283849597
3.928783650319023
3.825352673659322
3.790088785132717
3.651108329224771
3.7462707584687296
3.6946640228812653
3.683271032680727
3.366981156664136
3.408191646229666
3.389577888029641
3.25587102454963
3.267146656357132
3.2701122600909818
3.1623152003922
2.9300553855022815
2.8619259229874756
2.7877629449355723
2.7279559774527318
2.6518681594065003
2.2735200865120198
2.515649718458994
2.568260427167547
2.524869203121435
2.5834370042890082
2.4860124288568834
2.766734590563117
2.4512416294825647
2.3990727012008395
2.916542531274426
2.989802355300947
2.8172286133833317
2.8379676880575504
2.811934024855252
2.631706182225524
2.853930296594366
3.0866428344483943
3.0488292480176753
2.805961852122639
2.519165758667799
2.1543466097808546
1.8536458784732184
1.5038863509748865
1.7829651473360186
2.0765597508777125
2.2211171878211204
2.0035470867677727
1.495686255125332
1.2316222133558719
1.6227780064563695
1.7044112159215228
1.6512935399240767
1.845400988576755
1.7700623126569077
1.4150302140908309
1.058612214571483
0.8619580741772358
0.7382289851782157
0.9659671388815368
1.1659884435754349
1.0483399828052187
0.823599595094555
0.9858795427623496
0.616579988720682
0.4526633996517223
0.3576739553427114
0.0771872728416552
0.1572705998287395
0.2957358280920152
0.3121027372608253
0.5237275033802854
0.4960774551884052
0.18088092814270346
0.35534355569648246
0.1095958551007099
0.3192367074734618
0.6711472655065724
0.7227387050203762
0.5171646825837876
0.41998900536971356
0.15399916482590523
0.15538139029034143
0.3369610873577546
0.6288026586839564
0.43400578202564566
0.36088582999799995
0.2946553687657289
-0.10471921924787093
-0.172993046081198
-0.12892534861030427
0.035465144686581594
0.3205856191362234
0.16457999907610166
0.24485668838752478
0.21649990825108462
0.1538599389751633
0.16156369088757289
-0.10387376787797695
-0.28927183949742225
-0.25349897134284605
-0.28958974850758246
-0.06975077299341584
-0.4605475236939979
-0.5682367508470197
-0.5034902544883971
-0.39166267677757044
-0.48127576360891794
-0.5499431482495354
-0.3441506163436331
-0.3520872267768004
-0.3051633771899115
-0.39614426431434124
-0.4329591403739423
-0.2701073133468645
-0.36473914609453806
-0.39269468628239834
-0.3907239025370285
-0.6526843762343326
-0.818784458321107
-0.7630784090064245
-0.3761453110133339
-0.12398699180994557
0.17921822616760533
0.6593297220233862
0.41518423029161894
0.21420201944652106
0.12530592621647738
-0.20281417496272774
-0.47047432613543083
-0.4346576419189508
-0.502828830349634
-0.646486360623479
-0.5398290091308986
-0.5539963556495966
-0.6625133837934241
-0.8025048300825322
-0.7351343717638759
-0.6118679463534047
-0.6261659333568126
-0.7410563212187082
-0.8719109549412053
-0.8684695244206632
-1.0847129420871535
-0.8998335896718049
-0.7798050694722986
-0.8488180221558709
-0.9482401193288745
-0.9060947804115702
-1.037181132440377
-0.9175381705922204
-0.9766737897146267
-1.070495410682709
-1.1523004975736193
-0.939122368625242
-0.9362780035504328
-0.8182511138058585
-1.0477287137513671
-1.0449777259693076
-0.9928068572980977
-1.0692300983970735
-1.1593743368296423
-1.239246653235826
-1.1785338641941117
-1.1705045364239164
-1.161388935987855
-1.1597976304339448
-1.1266567332495956
-1.199772722680212
-1.2204660484403753
-1.1216398485980945
-0.9429709658073728
-0.930923117855165
-0.9079492301284469
-0.6207196733577262
-0.46702772582730356
-0.2708306286038876
-0.36137285897474397
-0.31143497168528694
-0.32852702006772344
-0.2723947698209125
-0.5951684866470893
-0.6664249195807523
-0.6930448149732064
-0.6458532615217166
-0.7283886899720605
-0.8591296090460853
-0.9796523565609263
-0.9027592789345577
-0.8892075553719039
-0.6254800867972239
-0.766711967979137
-0.9707967052763256
-0.9810296608253757
-0.9126988825743132
-0.654069413030501
-0.6123570813394978
-0.5978785889279117
-0.31495067537977983
-0.266926120823615
-0.3545266892115154
-0.5135173668847988
-0.5999539178121158
-0.622195403486961
-0.4423164989121863
-0.2944159754359939
-0.2549169361018551
-0.16506332649420105
-0.2680836076761565
-0.26844248399683607
-0.1553418116698877
-0.14364519963955563
-0.06147954850913048
-0.04895399081472487
-0.08043392432027882
-0.13080671004228178
0.10103357725230885
0.37145446241814833
0.4472986447672612
0.4602720556195721
0.6525869371918798
0.8173967292708036
0.6791404897576436
0.63313388022114
0.6125032965621409
0.6336638853330799
0.9245228143908057
0.6638794670598436
0.609149226038673
0.4108449004222384
0.1624644973085477
0.12499475641346382
0.24380149408705873
0.03150185348450805
0.17628825224211778
0.020265473185110315
-0.15668849793887354
0.19047731000023305
0.5766057696805232
0.6902227260366478
0.8043842891547067
0.8225540884404389
1.0249881407967112
0.9395245103061369
0.8644082783392605
0.7574265758877715
0.622578266546
1.0814316314341474
1.5116988875866866
2.034582906440747
2.30093170833438
2.386967473224208
2.3942947664967793
2.3971156774067306
2.426823335401148
2.3467355191325057
2.309937783212503
2.148609288278405
2.272992578680349
2.5668826846071093
2.745720739931269
3.2927076105857793
3.66107632600995
3.5726494499636727
3.4542869394569147
3.7063732910600287
3.881655631104548
3.8632660471129574
3.6681634313635127
3.694517516586324
3.6389291942865905
3.6646014094458197
3.568767983319316
3.403080385396707
2.999764632471711
2.9360598194032717
2.837041807538683
2.750178919825434
2.429749803249995
2.073292927569665
2.2153944733273994
2.2943922592938537
2.4892767836882568
2.490525228315938
2.4282139396887303
2.3836509890343516
2.425294291350909
2.488694986835635
2.63417972389195
2.79660142701296
2.7568386615649207
2.58832293085203
2.4231951547942465
2.407420176415943
2.153086685107625
2.194334326972343
2.3445836813499423
2.3308509008606197
2.392983966589953
2.3913645305039704
2.205279738644816
2.046027574206902
2.0708089616193766
2.0884519137491493
2.255700616922766
2.2387997459277136
2.1983451684144164
1.8867022816763326
2.077557254509144
2.1725245497077514
2.1677053626787073
1.8594323010844651
1.7774143437696837
1.6893877425726402
1.8656916482699675
2.1362844621649026
2.101659068403664
1.9987277702623356
1.542914955993297
1.1137107217090016
1.0119682067478928
0.9880935901142033
1.1342332569684883
1.180719429862279
0.7896213089233178
0.5776654835328269
0.19838346222428935
0.20074500116486654
0.0649581642110851
0.18759769612375515
-0.07768776940911977
-0.16299723414820244
-0.14318502595073931
-0.06777674859758545
-0.321091993235306
-0.35295802298565604
-0.3571518473326803
-0.3170666000233755
-0.22830398851427833
-0.5120169211272529
-0.5188242801197877
-0.45444629168452116
-0.3532004358931644
-0.11688542204892015
-0.39233857142034945
-0.5660249820584727
-0.6196142008177519
-0.6822290802134179
-0.45728220724854923
-0.29023470571564125
-0.005518907128934813
0.3121752300691324
0.025581588730971737
-0.13927216297491646
0.013441550086090003
0.04379989277462144
0.09441304575048051
0.2075260457121842
0.08792435214447955
0.1028459453791644
0.1692764479450651
0.04631328314539775
0.17061636651928272
0.37409754851805754
0.3448256982734296
0.3391367607455426
0.5988838312673854
0.5088641265601331
0.0541368002434103
