0.5902577249116948
0.6890265734323566
0.6754195342346452
0.5305557142591094
0.35752427373912565
0.1890491589005829
0.022162655357276552
-0.007427530328295448
0.005237814997925812
0.06701122504973153
0.11184027670255604
0.13353675777033305
0.19388996280237192
0.3413434713969963
0.44483695028265074
0.5691824803306325
0.5397007875063032
0.5882475094254158
0.6201688453594965
0.7263574115427437
0.7884865505492563
0.5988078672989734
0.46785560990338626
0.46661605847113147
0.496849081266294
0.4912277953817973
0.5224965426992854
0.33704415202000804
0.46137189455010386
0.46511754023939145
0.5261535166875673
0.4115467312226888
0.48093444728183404
0.6709342774775763
0.8043550875524147
1.0077487046661706
1.0856822692098413
1.0630739718077586
1.1255767242086174
1.2194746910483107
1.1389087232532489
1.258696053816068
1.3704073977600786
1.6447867716779725
1.8095462943464233
1.8779699978525741
1.9605899802951414
2.0268845343532185
2.1768023674878783
2.388352554392439
2.6174330989808623
2.7245326167892276
2.962700006592733
2.937866069330961
3.0068160810413405
2.985571062933612
2.9459302867154107
3.012313213169683
3.105534635494176
3.058143399276505
2.977937057191342
2.862986571818658
2.767898519725033
2.630742701323224
2.561214114060016
2.601574194929229
2.670035259455107
2.872852403690699
2.9570363165279208
3.0688359184990737
3.1006026748266082
3.2331443375492652
3.1441415479869597
3.124859829739371
3.163143193702807
3.346088844313482
3.339451244792478
3.387165040130091
3.6366716069595624
3.772737391404781
3.870934190253066
3.8962992278362822
3.7763649536782395
3.622748609826729
3.328865046071329
3.3527789567517594
3.5093109235164945
3.6223748257432646
3.569875364520343
3.631668362888725
3.6432287097180414
3.628396205211124
3.7765095858485584
3.879349091494061
3.939384643894989
3.9445798306964868
3.9649182159763487
4.046936669947639
3.997124981504289
3.758281548236739
3.8169577297095434
3.8664457530820244
3.9482586998458666
4.03139293791198
4.109302569563361
4.116755131753707
4.204642911950847
4.387493649195504
4.360322071697304
4.327404810915144
4.326170193410789
4.2848829804673665
4.282388531566108
4.229477692566536
4.102861193952179
3.9571936105281282
3.7616515054403425
3.7114275090968047
3.7034312970224272
3.845283047740938
3.836070104486532
3.7140277952582554
3.5334225142042897
3.4806018408207358
3.468860217921819
3.518666148548353
3.610021998545786
3.6972549876493086
3.888023148651501
3.9178618451704432
3.791169296493981
3.687745902513376
3.5252423912472706
3.504982444346445
3.5753981258687295
3.501963547805194
3.4483608916542696
3.439883104681156
3.5420627299161005
3.6786877120667767
3.8245336711847675
3.906701331834386
3.8535132033039354
3.8425449194190096
3.8370128814208306
3.711838172996333
3.7223915304755675
3.736520201014996
3.699308442851258
3.6886964179908888
3.539101928752966
3.5727283788569864
3.5479548452273897
3.5954630552804856
3.503192375013911
3.3764178189422718
3.257449067660513
3.3316769918328397
3.4117944322939593
3.4238031342168784
3.5077982777510233
3.5659044469563197
3.447691060797157
3.4026580759503564
3.25811189801772
3.226263249581468
3.3257518134790898
3.4737070068308804
3.6675662780898746
3.629767258603544
3.634668057504409
3.6102957015206814
3.4796598530066656
3.472062419444475
3.3990646365842423
3.438536053352453
3.4767532550840277
3.4932412950513467
3.6693998298309287
3.7769404511370794
3.853645664637016
3.875839184051979
3.82451141250814
3.7990461168277143
3.6578541556986943
3.4982816741510656
3.3781980407356933
3.327404033871194
3.510571212930389
3.5737878088110735
3.6034805609563763
3.6186853381700392
3.610052645322363
3.6462581725199286
3.710637441845356
3.833834363540772
3.8591730421152137
3.797109708031237
3.8500972532809703
3.8855334456821864
3.8220719379174204
3.6589369948038266
3.444516736346614
3.5431867876814804
3.546318595622597
3.4586797362825927
3.23705663986874
3.1832788568024366
3.182681272649104
3.2031630874337162
3.2021012509666185
3.2529978642982065
3.275251406759475
3.300405454352997
3.339499175142548
3.345146745594385
3.2739779726076472
3.1675130421771613
3.225427081524632
3.288023279818019
3.538296018781625
3.7843244650537597
4.049887260811923
4.118647457120475
4.247348493973123
4.317477780056157
4.2401168076022415
4.139816927998359
4.204863140070577
4.354625050436394
4.53724285753554
4.633792361378344
4.616767741502852
4.598196994457148
4.588416964823225
4.507157434879357
4.639050366282934
4.525908301691948
4.336559681172596
4.271010597972648
4.18037704238291
4.256644074675523
4.31778063951705
4.3329033071460215
4.312530112847403
4.433725651460439
4.392770842536338
4.352795535770801
4.323615646617302
4.230453149500185
4.289138777644212
4.456330096249197
4.392321335380297
4.532450526244977
4.517324984782309
4.560170781738313
4.699022828989975
4.829425692556857
4.716345578665993
4.6192133737367795
4.664441791201249
4.750131293290385
4.873830048083734
4.942869367629921
4.826174425947978
4.837513304978965
4.774043829595356
4.762914735899446
4.8165717907742085
4.753424311050869
4.722890817610671
4.642388490523331
4.435783875777583
4.4909568551132075
4.37827234511288
4.376808238347042
4.351065555787223
4.404328801324949
4.455026444999302
4.492705231409847
4.534447170301075
4.554418771327596
4.66996569641139
4.678352925575072
4.661496434387886
4.627678478291943
4.646879085402963
4.504501878993083
4.500610567164948
4.474596161066172
4.496001363893091
4.468623473244052
4.279334371360547
4.351930790669825
4.334831130677684
4.252880850017098
4.233409760937646
4.109390464548361
3.998237999968769
3.9995708378066737
4.09200875128406
4.193673412250494
4.2456873601334335
4.288721060496555
4.095776184640377
4.181053790004529
4.350556006421484
4.336683117346413
4.4169272789501175
4.411329831717525
4.321751975030274
4.279125411325398
4.299407665053604
4.2579039671140455
4.230279054628301
4.339020680340152
4.386418811052154
4.3327384748742155
4.274956738410534
4.2643445936033855
4.328705066706163
4.181952675009611
4.128319306050738
4.199638043117071
4.400640586276588
4.490228572816394
4.527599247265881
4.459295670253718
4.406039547459616
4.334800867871194
4.317517811977508
4.299760282385941
4.2770515431389455
4.369403932003014
4.448054501215797
4.580887956015879
4.634836776838467
4.58328745506796
4.629047866719608
4.639143899007974
4.663261746009795
4.565964132650321
4.584782778288947
4.500678584007268
4.507698075191518
4.50667098765266
4.504197402936375
4.572841526700219
4.682224099468698
4.668800539866109
4.585104545485786
4.568084345706745
4.582030469865236
4.584169772066726
4.582398687337234
4.734100873973022
4.869752548848948
4.877706406051052
4.75169023789959
4.750049218397712
4.846563699406071
4.918809186054273
4.975739978557911
4.913277671406357
4.660636623625942
4.676781792571315
4.656852959037833
4.464817170158045
4.382256095357231
4.445324045219639
4.584371427469662
4.594783641579174
4.615026146214342
4.6816917533310445
4.805904168014966
4.9292305952404805
5.0876598009420695
5.022918421644738
5.032233588701946
5.023841366170768
5.074647430877958
5.029473267788975
5.016670871605771
4.902861920891261
4.872076988600087
4.777957141142094
4.851924288465537
4.91978682204184
5.0356048426738855
5.030849321248115
5.109610414295287
5.1492573735489255
5.309142773296048
5.304136548171822
5.171409531307238
5.116930835391701
5.0975440010386395
5.082005401732942
5.1830111686973535
5.316207170382313
5.376198729698803
5.351150727030098
5.4283745255918685
5.54262867367189
5.4398276140761705
5.270365294646362
5.28817650590442
5.425374045819585
5.465488266964298
5.470140835723047
5.5484258588529265
5.611075479142344
5.69197771197709
5.739954051439168
5.833484550753004
5.914288025169364
5.890455938388291
5.889266280339704
5.847425754158665
5.913214847464469
5.9258511746857945
5.919461656108142
5.915777248995425
5.9121425748620835
5.849210979494287
5.810867766937951
5.736075494228573
5.696673176258077
5.718620821302311
5.662804647438727
5.635025207225542
5.579272163912663
5.703353871375412
5.752256935392828
5.676333374734485
5.765355892677101
5.858857017553683
5.898010092581271
5.837636632643125
5.645504252926385
5.601147212916796
5.5694556051715995
5.670457924630836
5.579714981290222
5.50198039430683
5.481656935366585
5.484078569158258
5.521701194937327
5.519993215569282
5.53361568405885
5.557928853218012
5.45379783321634
5.3866432054440825
5.39382389045247
5.437877283447168
5.388388502067468
5.364801612352073
5.3856803686756685
5.420216959003534
5.411814548321711
5.377487788664139
5.265373794184245
5.382229869430282
5.29829705759397
5.4587950208829525
5.423578541610464
5.359389588546326
5.311896738596606
5.23226569775433
5.156490881410147
5.091439027280207
5.149901496805773
5.143206066388214
5.096263732336565
5.068088728381995
5.080623932497477
5.194594936352813
5.266899261412866
5.3368383416339205
5.426272918116465
5.355201293080998
5.341412916936747
5.288519156091152
5.295556944729235
5.373512025531991
5.466853650247672
5.425388674314961
5.408878910448854
5.3993252928503805
5.354379325578844
2.6045207129888928
2.5221317015917326
2.3223620298479224
2.1187236168752976
1.9628296525536988
1.7331701564608921
1.5874522484184883
1.4194952529902805
1.1594215663482104
1.1164945933791772
1.1001776469913371
1.071471690581306
1.1043444524980603
1.1049797462057354
1.2021591584091846
1.1907013619729787
1.1215561539001293
1.0440915013803111
0.9714722845269698
0.988427086386377
0.9905026887166666
0.9541341212877585
0.8638998715544279
0.8076083865090457
1.0031401163864013
1.0910943552278112
1.1488082870831642
1.2446487859390982
1.3530102287779997
1.4195780400025313
1.573788772212658
1.6468471288954485
1.6213534474911397
1.518676887560261
1.4624570069271619
1.3892028345258591
1.1680336468340484
1.1905800081156463
1.2646905311901941
1.2595893920364203
1.2686661712104026
1.3094987633627337
1.4507049893295687
1.5668525931532178
1.733747468411849
1.773799843287599
1.7499009070544753
1.6552216766102708
1.5881508778478963
1.552106256445147
1.4807617446624608
1.362014267729599
1.2247757115317472
1.0744512289378287
0.9570602645930716
0.9711661323057481
1.012761633250862
1.129738191670933
1.3427886989848048
1.4340626208437595
1.5129526338199335
1.553760448469643
1.6024153750215708
1.585626981189419
1.496367818135139
1.3559233907819617
1.2620921518108474
1.2220141254499384
1.193914536728871
1.1716362767600512
1.1333199705397363
1.192414485209588
1.3405269076613247
1.4754138661608291
1.6019333682868568
1.6103815149938288
1.5793072323801385
1.5344201482318913
1.4608419617456727
1.4143294882271027
1.4534624023291383
1.4232407008533483
1.362743511007186
1.3608098765543744
1.3390189513769122
1.2270293724115617
1.171665543018639
1.2111978644962051
1.229819425259066
1.135081509242927
1.0852628243020117
1.195940348438905
1.340765946455794
1.3606140222812342
1.4604875396460373
1.5961477086478033
1.6154949084755552
1.6046130267796803
1.4944093911696585
1.5078967571885806
1.582701079735582
1.6166618100456822
1.582065091657002
1.689306182213054
1.743060794101247
1.7887649087126523
1.8368793262787375
1.9318862426509893
1.8736471261175571
1.8817827483920224
1.8942219874084254
1.8467128115006355
1.845095139090692
1.8826942646320064
1.8231150891103471
1.7314934663810544
1.6313109113454198
1.6412733396586099
1.5744802393459627
1.430835548141573
1.4208708477855476
1.420030164335325
1.4572447094467458
1.5393949202698674
1.7488425181878977
1.9472675418200205
2.0086965204288747
1.920772193466074
1.765372253228701
1.6143999012862014
1.597083840705469
1.6062254440764752
1.563742888446841
1.5373727482118562
1.5444956676907753
1.5755880220643785
1.613723914541489
1.6392026094288792
1.7497094997488387
1.886118399196407
1.985031060409568
2.0271173208526445
2.0316794950142962
2.0004531371237992
1.996509986778616
2.011978708248327
2.0051806608699096
2.0249142428505937
1.9187892260556283
1.7660591098795204
1.7663810391805463
1.7362567270304943
1.7558307829135609
1.7335585984844062
1.688055123248474
1.6834491284205313
1.6507191513358261
1.57555056133672
1.4994519686592265
1.4693609040002356
1.5281401215857335
1.573410114710701
1.5815075147098263
1.640869850071901
1.581245920878863
1.5958532462521953
1.6433051516549904
1.7037764140531908
1.7318890129198985
1.7015041577711434
1.5988458359744906
1.6525710491595802
1.6375391954457086
1.6957655697957437
1.7050939016807463
1.7553623028635295
1.7617113040111496
1.7331784444377438
1.6773011666798874
1.6862327866518558
1.708036893798748
1.7452229885695738
1.7698379822497041
1.7589370894005212
1.6624228384384443
1.7036245428024404
1.7469595523572365
1.8371588860510488
1.8581214465728877
1.8986863617399408
1.837507437111276
1.9471296243788574
1.915118765370511
1.768322994012035
1.5467423578246058
1.354670114432532
1.1528710110989238
1.074670763986209
1.0355244444878595
1.177000569156773
1.3068987274046089
1.4637511062918787
1.5753833208528132
1.6773937200996665
1.8636704930631285
1.922739756983614
1.923101234021222
1.8415263592514073
1.680016182987585
1.5503335868150772
1.3662118379165196
1.3815823916214136
1.4371178069212578
1.5759232758116837
1.6564908757633663
1.7170307743484237
1.8184803262050928
1.9299523003439114
1.9788640797626242
2.0954554483721397
2.155039200163699
2.2170309543390956
2.1856657343099726
2.08628472293058
2.028295560226681
1.939450780206459
1.7977731380322808
1.623387580688173
1.4765490419266087
1.4534828977117809
1.3969739978700122
1.3674766915480194
1.502745494293669
1.5730436319774883
1.6590376985559272
1.5880543492499677
1.448863110349737
1.400243761427972
1.3913759294107928
1.412365741487692
1.3905440758984573
1.4073994710883613
1.449170194117529
1.415858897020997
1.355972105594497
1.2392358459584083
1.1402239791740065
1.1527247234819342
1.1928453617345585
1.2559163380827727
1.3894980936637433
1.4542171521802338
1.5719216989489575
1.699144100541037
1.8362382603936656
1.8633116531076057
1.7501307635543402
1.492882208766043
1.3654095195401452
1.2039892777339378
1.1540694049750913
1.120540528532473
1.122647567474564
1.0826139403138624
1.1515962678574556
1.2002597041373635
1.2309128467150119
1.3124215512013082
1.385644507446555
1.4449969737694353
1.4863042470000738
1.3863565440943817
1.2849824103843914
1.2403388610695452
1.2089444103966158
1.2826079284649563
1.428764293892143
1.5595573324020773
1.7303778975120658
1.7161774178847695
1.6937936309906934
1.6274296429388244
1.4895511491325037
1.5127846436840156
1.5393153107832587
1.4927547981653453
1.5454388611025127
1.5713517713916554
1.583555489536831
1.6113007669710442
1.6237822976258531
1.7490521440470916
1.815864722961341
1.788696667591049
1.7595895954314233
1.7506667315620834
1.794175512332136
1.7827479930867376
1.7492242409003769
1.6501002711247617
1.5736372712906077
1.489924643590858
1.3620306655133185
1.2149703996847026
1.1468899320231751
1.1698273050991588
1.2202416272906134
1.254740730660907
1.329558492240488
1.4401086027863237
1.5203808022533507
1.5768648450656513
1.5140440179360652
1.4446846665694457
1.361221600568602
1.245501553254048
1.172207595851284
1.130416921677867
1.0816096638740789
0.9483960174950894
0.9107736089802647
1.013069756729587
1.1365428636920547
1.2611226947899872
1.3425041481921949
1.5166626726505041
1.5894499873590613
1.6321881555595132
1.6388929856511092
1.6623891498871006
1.6190835826232937
1.5937576918557952
1.5804453439857127
1.5248190288232815
1.504294323075012
1.5208481707343202
1.5295815975101066
1.4903353995837803
1.4066326307334753
1.324921767056878
1.3662825670030743
1.3798249269751768
1.3811486058100675
1.3591508886047075
1.2780054127201534
1.344715647514941
1.3800632590539044
1.3595138354681564
1.357739453506689
1.3178946611258024
1.3226942837792888
1.4096214239904015
1.4601175307988368
1.5174020051329165
1.5572722084114008
1.492374172962935
1.381606103745617
1.3447920807086775
1.4299991206554
1.5117091348526392
1.5315049513986252
1.6167411750404512
1.6236635537594895
1.5451642289740404
1.5174050112949526
1.5318408390265097
1.5168820208654885
1.4856363224932267
1.477116905542301
1.5009107493607623
1.5430944423138344
1.4794564184769903
1.4629335421174088
1.4688528248161612
1.4275923359316898
1.437795694235748
1.4694079509479159
1.4787360761948896
1.4649595537197708
1.5873012724807924
1.6838378096023785
1.7507091501434555
1.7969938227438225
1.8391396299007834
1.8867038283617266
1.910471751493827
1.806231449439223
1.6383949683433996
1.5080707823782347
1.3791639694841433
1.2361312824817516
1.2582145376358804
1.3166836056701556
1.4349450971465054
1.4539446817978792
1.5199192293995398
1.610396534591986
1.7113781338137122
1.8026552007052339
1.7912285141041653
1.7726419277311338
1.7538609717534155
1.7218761592710075
1.706761921674132
1.6468854853474664
1.6101212220229075
1.5229332847494155
1.4420178814934386
1.4652342247810048
1.4319446581118052
1.4653277281173676
1.5465088379272192
1.658335649405894
1.826963274730777
1.9554346200360744
2.072861569942207
2.0682736586786232
2.1355160196099416
2.0985396515367643
1.9902309788291317
1.8960596831575414
1.7953430747397172
1.6160376859021295
1.4246066237203927
1.4217242494975728
1.4251294648607677
1.3957630375447678
1.4266133078451912
1.4966954626344886
1.5514329045353705
1.594902152443472
1.6009482546679699
1.6696965804190964
1.6584965867365993
1.5340229048848695
1.4644040795742859
1.3851221940965681
1.3924843210827809
1.3139558579288342
1.1940489518205248
1.175783781339414
1.1681894420579682
1.1635761964283895
1.2493120763217083
1.2941642971953184
1.3286022131620125
1.3418934341194144
1.4092355710274393
1.487182651470021
1.5469729079862808
1.4968677132562311
1.5095504331678695
1.452639248967628
1.4334564597269406
1.4425631424781857
1.3889729188135624
1.216468388229679
1.1013700610058248
1.111437865774037
1.0660362563497252
1.059924959636499
1.1766465777931212
1.3104534531578538
1.4230433483434473
1.6071705477007958
1.7352326811666428
1.755074879904941
1.7226362805031288
1.6778838737617363
1.6369588748423822
1.629710425435302
1.5487936079957165
1.434167353811912
1.3820565104627693
1.4236552720218325
1.3320732554607166
1.2903728990246008
1.243218348501067
1.1814054841849597
1.1925734145371882
1.2632942800154194
1.2392526677446731
1.1965094229875821
1.1531503185214307
1.1745854714790922
1.1380765434507543
1.1168703895498973
1.0366698981644913
1.0751414554604781
1.2197322637404215
1.2839902718722183
1.3365495776523184
1.3835262376154283
1.4263761611522026
1.4531219084781437
1.5121819621426906
1.4670018659458168
1.4024437420288751
1.2940289181541218
1.210396906051326
1.1372083581800538
1.0472362750588957
0.947084081967084
0.8850818191305498
0.8457363932369892
0.8415954962614458
0.8796366134898953
0.8915548819773116
1.0458464871245892
1.2684465550732875
1.5242752080492192
1.5587910619602083
1.539319618183447
1.4232420662380703
1.400124632946649
1.4139026876283807
1.3292079272690156
1.1967865574622627
1.0738539831690017
1.043902371005129
0.9662176976071102
0.938916788584792
1.0025943115470517
1.0151491322238144
1.0845397316079852
1.1496068413762777
1.2213890368674667
1.4099673208557408
1.529406195066806
1.5554032536493776
1.5583897299331886
1.4587748230483708
1.2855118708992428
1.1052465781842287
0.9791386699017731
0.9634039300529627
0.9741643646169553
1.002326063137304
0.9883982430929977
0.9827739346318125
1.0525475507840238
1.1200865774649211
1.1547513529435098
1.3414315087616007
1.5092744899083976
1.6563913903514171
1.7470548008843716
1.756936400518969
1.6316459550385283
1.4441751229527227
1.2154244345944663
1.1623626233113464
1.0632228589882105
1.0107146741677846
1.0496683506828055
1.0800371452106632
1.0476899359331093
0.9771593356252696
1.0089749052015111
1.0374790303636265
0.9741866542716134
1.0027234653623054
1.2069072095488722
1.2570233490178813
1.239750919121912
1.2339100376810777
1.2045404491525782
1.2464307369549115
1.2829007732941824
1.1963108775633544
1.238346859336221
1.4312086850798733
1.5962955022470162
1.7181973019503982
1.8201330545955214
1.7707917294190487
1.7223241204467912
1.7577488021546923
1.7795662529754361
1.7934038037494664
1.8323195471193925
1.8457428327933962
1.7511379023119247
1.695677603322215
1.662745330467872
1.6375622132227323
1.6301100799240629
1.594674347774216
1.6077939701183275
1.614629059968224
1.5607856622692373
1.5752665268866979
1.6622931603005235
1.8161825483186609
1.8416392215964439
1.8852420697941423
1.884630127833501
1.8808809545084244
1.7899554870778454
1.6863849960633042
1.5922689863673174
1.5449525423425043
1.4766902300490528
1.5027381272702305
1.5902562467629753
1.646000026695153
1.7686468454700508
1.8598445024507164
1.9036010337583382
1.9270032486683757
1.9718265855470563
2.0602566462265464
2.114139976267196
2.0793180192275384
2.036102828363301
1.833243837754516
1.7850371208039544
1.6939139887464858
1.5655008469727618
1.422918944926317
1.347448809950378
1.4122210247737863
1.4126231584645934
1.3889775983809773
1.3524410835405798
1.2574102355202805
1.299644266842971
1.359049163762411
1.4167722842642865
1.3765356656404273
1.3323938523601768
1.3351306565981753
1.3118357415603088
1.3203484684949656
1.2788052102505885
1.2227913942298525
1.3307862844587124
1.4148232978707256
1.512585211594291
1.590916345451268
1.6843050485566875
1.7566843411955912
1.7708347715716692
1.7661688389905388
1.7539860520036092
1.5360116853199974
1.3080390455236577
1.191952009480969
1.135631986660345
1.1307037339129766
1.1786314668439146
1.2192861683346854
1.2949514795528125
1.3797360909028682
1.471490082278103
1.4492570196974253
1.4158359106943996
1.4056258474798782
1.324654787652646
1.2231204630033756
1.140310495802931
1.0239740048280541
0.9586723568046333
0.9678409871498326
1.0250529649137041
1.120719682300831
1.2046248833829611
1.2210492086097715
1.223266324152813
1.1366314748032458
1.0919704737293525
1.0110757702578592
0.9856014162265627
1.0404679625844024
1.10441695723639
1.142813522883757
1.1455727255156944
1.1903578522225693
1.1915934817442952
1.1986749501948681
1.2469095756211206
1.289224214348676
1.185099207018512
1.0934299070602875
0.9917181212903962
0.86868307685861
0.7606382431359212
0.7889054690934497
0.9759167557162746
1.073529626806618
1.067264853240704
1.0969312419493555
1.139681449045878
1.0696206140280597
0.9807596929326428
0.929355449295916
0.9826664376079012
0.9671847113671664
0.9648422714569433
0.9042850935164564
0.8742745140666183
0.8960861621862171
0.8461209508984778
0.7942848818899957
0.7245817874890966
0.6530184096331343
0.6453935848359122
0.6683974787087054
0.7704305574521821
0.8773812359136879
0.9870032971554481
1.0521171316339837
1.0642052326287583
1.028699065239824
1.0175176519191311
0.9666365026907288
0.92564953608459
0.9061494882707666
0.8917487570687441
0.74543968442682
0.7637106568179678
0.763282129758621
0.6910695243142894
0.717866485581161
0.7722706317020785
0.819624697908753
0.9570423190396917
1.0285033724937414
1.0821184988855055
1.233288468014791
1.339397500686564
1.344879117907901
1.2712648055539035
1.2015208828690158
1.0858271619131008
0.9578975167354806
0.8749235168345173
0.8692375679183482
0.9332785211731717
0.9287820557827433
0.8554566242786321
0.859872549780591
0.8859595165674703
0.9597164044728118
1.06097882408673
1.0923847124739356
1.099184315106955
1.1268016589197263
1.1653654194490277
1.090900682225604
1.1045733466890797
1.06170261369341
1.046413191517332
1.0363894576329065
1.022259186137475
0.9500175017424388
0.9025376072909558
0.853765804039314
0.8680401185551964
0.912568122287721
1.0654641842247796
1.1297386923432693
1.1923460947095286
1.257868834390193
1.1678654537313244
1.121327282100662
0.9635015439907542
0.7725212470239682
0.6964015179229628
0.6533004039904937
0.5741967889649557
0.5059641245475909
0.5129833451845307
0.4769798939723255
0.47303560144345763
0.5361575875959079
0.6402876602110256
0.6949544692533979
0.7411855431890152
0.8613290078778025
0.9066943687213102
0.8022843382842626
0.7016070129745569
0.7681700746863298
0.7916446683339389
0.7431630913210031
0.7290281991111588
0.7377902289782716
0.7488184763307495
0.8124710356467031
0.883744357056437
1.0253008024126904
1.1835230764695663
1.4255675357355897
1.5724899882761867
1.6298317355703285
1.607730488079232
1.5419400491149373
1.424913113146942
1.2966503963778524
1.331462039551801
1.2953839328695183
1.1458174543301771
1.0142624705564378
0.8712697630260839
0.7976155052303838
0.7978651846943737
0.8430137690771149
0.9299636192552923
1.0410524732640942
1.1790674388894617
1.255255343440503
1.3270489927881866
1.3679867886302919
1.4203018867395896
1.3095131181847177
1.261641438725831
1.2314567466550315
1.2016028417567515
1.076483839876074
1.0376490025407765
0.9817041439483636
0.9922479609550032
1.0429504347700291
1.0942815752091073
1.1513387295071307
1.1992973865539944
1.2254516822563457
1.2345999129761054
1.257268238395347
1.3444394751365376
1.3962855468971145
1.3460301665406587
1.215566202917343
1.1154447990240959
1.0308648122915656
1.0116785196517428
1.0877500277315466
1.0882743978029914
1.1412494323431523
1.1254345796109908
1.0481950637408821
1.0544115320504241
1.0715621394090737
1.055328549445286
0.9579535014191183
0.8676994402925149
0.6847181663024551
0.5580440555529433
0.56870560655322
0.5742264961887841
0.560392969393541
0.5725626980755287
0.7029775091989928
0.8721539419017934
0.8749579488563693
0.8820274046609496
0.8956353206511687
0.8582109537665497
0.8621340553102388
0.8742029893279508
0.9208685270959982
0.9270019299965375
0.977703597165456
1.1020983417468626
1.1750881427037678
1.1538206948896634
1.0987348592798336
1.0759363460501117
1.1235042964553683
1.2138533406943275
1.2427335218201958
1.279061688520003
1.232289119059662
1.1868397629657523
1.1274551348920938
1.0778129767705928
1.0831176802669509
1.0327689399070876
1.0133045551702033
0.9579984212435446
0.9691749276320275
1.0139204860896707
1.0508278057850127
1.1835028189290362
1.2981627990219955
1.3375553786034176
1.4311804942534077
1.4869260269628903
1.5256274009599988
1.483423186458415
1.4421952748741915
1.403294153935759
1.3916832566536907
1.4096876291479845
1.3740634587138003
1.3085220797356334
1.2167144014836695
1.0961998654813359
0.9776648603871191
1.0191507087160243
0.9810115624465113
0.9864020309400843
0.9436196304528879
0.9480583792526548
0.9695265110671594
0.9615150220772176
1.0054145374166168
0.9857056810457905
0.9936249289104367
1.0087820350508598
0.9787430471835862
0.972459709394718
0.9879141277220715
1.0681429512053093
1.0391889192655057
1.0774928323142996
1.1408906365546077
1.0730089269890553
1.0009243015264067
0.9899723743330011
0.9909898014568702
0.9615891555602285
0.9124443900353036
0.903916860440033
0.8618504555777505
0.8030283568308235
0.7763255962298987
0.7461032126186464
0.7475221025590713
0.7268367573239202
0.7393770711924205
0.782271336188719
0.8154912079216321
0.8934707043686788
0.8934654837724487
0.8832184302811843
0.9167518570444878
0.9885507308665216
1.0818920555739677
1.1583294433539275
1.117839443953174
0.9689055595538532
0.7959723909248411
0.6599402259391854
0.5774061925479334
0.5763566716386012
0.5971686788864499
0.6806083095050346
0.7607975456670715
0.8150783395513089
0.8560358564100425
0.8815564146034496
1.00664299077322
1.1584088978995695
1.2629958441728217
1.3727624725156837
1.2854790132957958
1.1322115652648157
1.0334215433981893
0.8901758809139143
0.8375780748938575
0.7795564848915941
0.7251313531836584
0.6232982196574964
0.6467037924715734
0.6628149308238723
0.7113521293652089
0.8061591959217843
0.8900304974066569
0.912199614412583
0.8978712671119797
0.8833708669901301
0.757950097605637
0.6935045085707512
0.6685335796371793
0.6651915264160659
0.6594532125252524
0.6971608392781928
0.6785996305777786
0.6807446890946625
0.6943535358088017
0.7510959506198254
0.8148347764614473
0.8394390679101498
0.8648182027052157
0.8894715497287955
0.9353355740401492
0.9140910829570796
0.8419230159833131
0.7461170400753943
0.7061745449795034
0.7166150652529653
0.6890106759092294
0.7027144228047543
0.7670617411703461
0.7763940789474725
0.8718557000302677
0.8793015547183677
0.8606552124478981
0.8639009445121029
0.8903680844338107
0.8385077588002048
0.7753434494045587
0.7642822414727781
0.7245048941352078
0.7962011466189353
0.9074346857379147
0.9666372141274476
0.9421705684847357
1.0038076962674212
1.0224744865439692
1.107217272011099
1.0946017220528212
1.1901408039678436
1.256361119476105
1.283088541567271
1.3462985321643879
1.3068499639939983
1.1952016233690181
1.0411692435283428
0.9622032638696494
0.8930516022260484
0.7889531555873736
0.7509322951919662
0.7628376169972892
0.8459259166161768
1.0086966372354471
1.0630739010511774
1.093542219436828
1.1657724055453327
1.2353752201362125
1.266403485915216
1.3645805647253433
1.3824726709494906
1.3311661171989422
1.2861846999143922
1.1940652704513173
1.1008920894230818
1.0896480095379901
1.1614461564500953
1.2929028634380415
1.3892686542231274
1.423223527720409
1.4482424271177188
1.4008666360915651
1.420833669609027
1.399380022240594
1.4054169760172899
1.3349735711849973
1.34790299019776
1.2800403357253356
1.2245133242762585
1.0985825754603566
1.0675749823123037
1.0183825906031196
0.9875200046186445
1.0233223720184272
1.0791457024764215
1.1477532334129805
1.1594295468315676
1.1771019346534575
1.2324910600962873
1.2162473359788404
1.2422542434967596
1.2693589517884556
1.3103817390235708
1.374558631840474
1.3693631772089179
1.4236311870819256
1.4200026004797908
1.419973863712663
1.3773530530595652
1.4514495017639688
1.511114978856213
1.609315230223023
1.6474937084753936
1.7329214847789525
1.6062960957201247
1.4544732071539972
1.3757161235824613
1.2846205240275703
1.245619159282775
1.2461235894218308
1.136558263302563
1.0532966795908465
1.0350223643992493
1.040444381085103
1.030397747525005
1.1636679972063506
1.278165040965398
1.3853218018176903
1.4512098516735081
1.4176272671237706
1.4409600475948974
1.35808480714925
1.238426560226357
1.1205053917332948
1.0254162133678237
1.0011740457782086
0.9801036633136797
0.962488097328465
0.9547962658490248
0.8612063360162955
0.7009915389036747
0.6360589911889548
0.5846545386185185
0.6448192931390931
0.609289783127793
0.7446720166839245
0.9531572969948457
1.0707154977399762
1.1347755030505093
1.113216067718029
1.0574378673013514
1.050055849950848
1.0953600914080495
1.0890155321806818
1.1040078769917285
1.13718250685723
1.078325105522273
1.1686312590981023
1.2089601608093803
1.254130211818666
1.3184361346098508
1.3035258668577456
1.3507367607738303
1.3575071947334496
1.3665435130329624
1.2975768642121903
1.1809866711782622
1.1030492591693213
1.0611590576625056
0.9953701503837076
0.9216058384949737
0.939143947277309
1.0058797860672632
1.1236953849218432
1.2035351780319055
1.1987349209659792
1.24853110821389
1.3432252170517238
1.3258113963576408
1.2071741114763808
1.0895633409779788
1.0780002412138532
1.0453341802667238
1.0775029152032933
1.0857963937340085
1.051127000969517
0.9795509303205825
0.9408462489266123
0.8513011235524505
0.9067733991779395
0.9518216532974344
0.9896463224308336
0.8878245577181785
0.8698434563636839
0.881095897453751
0.7881911038653207
0.751253423520675
0.7709342229510964
0.8342809711309158
0.8845654025472824
0.938007893103276
0.9764367444824127
1.0194132931727724
1.1845922070757693
1.3246328123068776
1.385858517140676
1.4130683427069113
1.3892853408914922
1.2809287916482088
1.254285242086069
1.1323723512183965
1.1458844085850897
0.955710748639913
0.8005572629485607
0.756958942893187
0.656920220957594
0.7883663018429701
0.8050082053559124
0.7692661730385365
0.7203225208660016
0.6190346152624379
0.6999577364647237
0.7763959658239622
0.8145273160806923
0.7932850322485839
0.7710772179229783
0.7169465764118528
0.7692169379721752
0.840430568335898
0.9583277516390997
1.0328666303727991
1.0774786622056398
1.0609406589035373
1.0999492772138901
1.10035269717698
1.0823307506255941
1.096987982489511
1.1965924117893878
1.2749892401508887
1.3880826033226703
1.4970575534704944
1.4664129895522566
1.4031309814921713
1.242490080709703
1.2419822837187635
1.2096529425034772
1.1127086719605768
1.1062306374169462
1.025049268099817
1.0396266053392755
1.1137271142216223
1.1573552372313844
1.182579895912258
1.204586308263986
1.2377205232854092
1.1882568274609153
1.1683515672017983
1.0564360343759729
1.0215275092354998
0.9244618693626115
0.8515913472330222
0.7525429882440043
0.7055673553583839
0.6614927714302224
0.6661457120867237
0.614728313985281
0.692356793287389
0.8610097314549969
1.0886104592896708
1.3142000851269848
1.4652126264039367
1.5652783187060886
1.5698398122556767
1.481363626591551
1.3487588722795625
1.2560688539170892
1.2188764320718273
1.1555417581008738
1.1719794550750742
1.1430743828288081
1.1687036374705841
1.161977181968347
1.161887643614846
1.2599937462984925
1.255987024917586
1.211759670748889
1.2577957762639778
1.259434297187591
1.3016053869755033
1.3235703940585681
1.2761624715280717
1.1972425297627523
1.133714301231663
1.114839286931798
1.1524848715667155
1.2356240495844473
1.3279794897564676
1.4078036581663702
1.4194237800549778
1.5227428541613137
1.6392483891400957
1.755239812776106
1.8197566493348107
1.750598124262409
1.6588055603598229
1.4954863126915705
1.3225262353613148
1.1741006509883594
1.002560465771043
0.9094174927369113
0.7791617070892317
0.752474939668951
0.6918101878460655
0.6191003601980455
0.7176953434737677
0.8083832012343108
0.898181285761102
1.040357335484495
1.1687711321877159
1.2532110951873139
1.314384030772258
1.3925093312129928
1.3829905328506737
1.3081719759581651
1.1946587168051666
1.1930579959732082
1.2356590354132815
1.232709218974424
1.2133569487626874
1.2011956519238183
1.2444395718680519
1.3018536992710839
1.3987304663194875
1.3792415812532286
1.3915513368878243
1.3636684532864134
1.2933585477385412
1.1920868430302765
1.084402098259671
1.060443660395093
0.9838892595583915
0.9854565675702327
0.950683969359323
0.9028015778158707
0.887630764967214
0.9049563075331051
0.8663286535581842
0.8214497830720191
0.8022699160217011
0.7556116229053194
0.6787012887893212
0.6845284334451418
0.6971288011047763
0.7809032715934268
0.8561703125590363
0.9499557321573857
0.992644590568234
1.0241986479693452
1.042549199185514
1.047833904334148
1.0982934784224714
1.1259845947780063
1.124850841365568
1.211186422073888
1.2941989493701496
1.365149849907093
1.3672467774776562
1.3089237397347364
1.2848093379411913
1.2296455123343017
1.163400666588656
1.2257275005107615
1.22612391283146
1.1483044476425293
1.1754615859275055
1.1557293368895563
1.1446647543437114
1.1500045457207693
1.1997016388251744
1.23567549134053
1.3101262230990185
1.3790350223266246
1.3464038134643337
1.3188327657701049
1.383811253429408
1.3526036288391305
1.329189257696054
1.2368594097268955
1.2832433944527448
1.235657484795986
1.253535322326616
1.3107385777087637
1.3525607766524215
1.4194176703325792
1.579260545665262
1.6125645388534036
1.545951165835649
1.4480447881956946
1.369928773114701
1.2895557544996075
1.2161950041105356
1.1762168700090712
1.1299655378329414
1.1278196467167805
1.1920095438147695
1.219227989459634
1.196803395865487
1.176997902839746
1.136127208874172
1.0791425747901167
1.1376183358780216
1.1400518706871394
1.1802829393511332
1.2258284848225875
1.2721324177533082
1.3665193534468023
1.4063374161651045
1.3411998881534033
1.250286328569356
1.266364900801602
1.2276378775081211
1.2500567679375088
1.291930976813128
1.301572946291689
1.3415612590935426
1.4068398867592455
1.517974230763442
1.5024945856966918
1.4902386152884475
1.3950681357075008
1.2495548310199767
1.2452896723919082
1.2713721292718205
1.2502928663845256
1.1906725014393422
1.1567999189699605
1.0629198350526776
1.022910627737549
1.0859543346054163
1.112454375442296
1.091718386007376
1.1354910195572492
1.1193862245709696
1.1042651391834981
0.940543531419617
0.8672332715697597
0.7533548232607802
0.6993799554294461
0.6948088621540343
0.6617204352574827
0.6137391842758213
0.5883734877076373
0.5634942953507639
0.4998734259920542
0.5395843291300686
0.45477711311593727
0.4611147835249798
0.4521498962409419
0.49007970789695954
0.5674467668875092
0.5754175482520435
0.7232806829531998
0.8315246816313018
0.8633221506384836
0.8647332742477875
0.8580120497084652
0.8425584810660043
0.8326596459570922
0.7827355383110404
0.7377871968706654
0.6653735962474298
0.7085033524616162
0.669690236929334
0.7861476184813014
0.8600458120606376
0.9211608127795966
0.9183779920142008
0.9084523589186353
0.8476968502109525
0.7911271452755966
0.6201165546153771
0.4951172188732842
0.43984785955365685
0.5229127160079905
0.5758465445740367
0.6404654895084075
0.6583322106216493
0.6361646963024137
0.6920786809836321
0.7495184578121706
0.8061876557305289
0.7950634632020518
0.795838065537626
0.7884218352351212
0.8731459336321085
0.7796983063702858
0.7490579319183113
0.6725462079702652
0.6889046784922676
0.7095261384932213
0.7023299056356359
0.7693218708900944
0.9263317390851517
1.0449453943678535
1.1331078285357101
1.1846743042126155
1.219343407695762
1.1901744408656225
1.1524233700404702
1.145452622859097
1.0676167430388879
1.0089282769742336
0.8402111840084396
0.772959569843807
0.7527396441037615
0.6435603710389848
0.6370742190960212
0.7672557969921783
0.8343263762458204
0.8858539515031023
0.8861640461325136
0.9126952950608294
0.8635242267048653
0.9600808330628143
0.9460949939234138
0.9787954314280849
1.025717256345198
1.0040041918737772
0.8755131600505678
0.8058990185635457
0.8086541008824085
0.9215206131340377
1.02295522569851
1.021006954272729
1.027981770232109
0.9906409032026592
0.9595928427594158
0.9878681981882553
1.03520545107526
1.0030625678126
0.9335930743450073
0.870470455614026
0.8139692706557021
0.8109854508614204
0.8240016427895657
0.840561469917715
0.7648362160458347
0.806434540149501
0.7745108298823954
0.823751486576628
0.8465346117953046
0.8929972312216279
0.9153531870621926
0.9730272235246828
0.9808877531223231
0.9958126632749201
1.0162514802910112
0.9908159551151976
0.927817837048525
0.8285291821179694
0.88213286204022
0.9028593630749497
0.9249806244721891
0.8021597753557309
0.812716612763229
0.8701787112028143
0.953776073581624
1.083976160282263
1.1573672134198625
1.2553849317119274
1.2458261344820423
1.206939241565148
1.1715541639228022
1.1223353794765918
1.0227711744650356
0.8860800522080634
0.7407879181163277
0.6155348208045127
0.6336688722630802
0.7595188903277642
0.7765295763530224
0.8583825266640186
0.8579308887868325
0.8930288871286212
0.9400265860019836
1.0243077184211518
0.9709845675300618
0.9726385116453871
0.9477067857403583
0.8328072808909458
0.6875954417115662
0.6621144276799845
0.6323016577833941
0.6212437794159468
0.6646546509893224
0.7179768571353864
0.8322301542955398
0.9069635023330795
0.9828831667746256
0.967338993895952
0.9430103302430842
1.0060784959715956
1.0151970197358995
1.1525272043299806
1.2442795496515535
1.229811136880703
1.1079590282937135
1.029755166469482
0.8971588921208189
0.8506710836952351
0.9169040655426225
1.0388530056492657
1.1358213418205998
1.177883501034475
1.287570814283631
1.3391713937413388
1.3998359924540713
1.5243929419863216
1.5587522374812133
1.597946826046039
1.6147396687522673
1.6101068973524901
1.5416509388702804
1.4708285161497616
1.4093985909558557
1.3882713149436408
1.264542615939149
1.147039951967662
1.1738046730681448
1.2381958736682106
1.352043091876324
1.4100783260257197
1.5501374375785928
1.58390194893342
1.5092400875655354
1.4177608600798586
1.2950371200333564
1.211261057414333
1.134001433491472
1.1565786909621638
1.0949613675607432
1.0806734926999764
1.1216948435399257
1.0717085031298474
1.0899046201280933
1.150580176477452
1.2368257756803922
1.252042522904722
1.200306199358626
1.1660564769270239
1.1187530330122994
0.9767597701501711
0.9348772094314934
0.8807569254195924
0.8553058114981504
0.8262614740611994
0.8330375364240602
0.7865475103939948
0.7980507492291806
0.9143436483184542
0.9611067402535758
1.0446147241117885
1.1650361900459503
1.2838412174837601
1.335680758671146
1.3614111151531558
1.2843210903556548
1.2532372382159733
1.286272360104685
1.224611093093311
1.1035153942526998
1.0654073059886584
1.0697142186287547
1.0858561016135673
1.1335064050337338
1.2161433213569548
1.281289101224894
1.3670206164180927
1.5129785635617503
1.5181315456654534
1.4900177560811028
1.393397448751972
1.2456660933083676
1.0809991899842573
1.064459204002284
1.0739058112004694
1.0361095885244902
0.9870603938788404
0.9967392568294675
0.9407089474870135
1.0795020775031976
1.1489630596066303
1.1746100198731926
1.2717559895509973
1.4388064821431692
1.41858245750746
1.2960163532650437
1.2060539467045277
1.144668204157554
1.0458695405173222
1.0087523792472934
1.0880718276452432
1.0656678957552044
1.0384844351835505
1.0365691919734372
0.9959004286412274
1.0397140871533783
1.1562638579206679
1.2327244068920282
1.2904755507197485
1.3014707563114443
1.4158378226527075
1.4273205375529334
1.3221906683363895
1.2094656367238052
1.1672835193028543
1.111341420467918
1.1764258177348683
1.1590514826422298
1.1458637686064141
1.187614108168652
1.171056769766631
1.256058336031576
1.290618168142899
1.3460294280637732
1.399201077858106
1.3849330352937108
1.4275339697242169
1.4486025562681504
1.376153466202727
1.4340488970737602
1.4421029433360273
1.4965992709499019
1.4771138634563556
1.4077403221798273
1.282365915637312
1.2715733857223974
1.2652835038062094
1.2146730679648814
1.1820870825570875
1.250016243067307
1.3645595767727465
1.3941011459969548
1.3843409610811523
1.3864891238184367
1.2925844222654461
1.180699800693173
1.0889631933846788
1.0161422461806775
0.940876627585372
0.8638712119007326
0.7639875148061424
0.6912664989697279
0.6097328975573896
0.6094270704493512
0.6311090449666752
0.6472952743924497
0.7053898270868086
0.699460513499182
0.7084917130819945
0.7493375393800192
0.7573802450786683
0.7747047322886087
0.7775570804641561
0.6954226888877031
0.6016774589653044
0.6301074620694078
0.6164863797232488
0.6300751495728282
0.7276408326937468
0.8261981665386411
0.9731402528063081
1.0345409368480696
1.0258473615792327
1.0763152735127675
1.1140591727143885
1.1196278028809632
1.0528559990509117
1.034958690186918
1.0626923166812092
1.0965744185553035
1.046199732109355
1.0409275786808234
0.9276825024621808
0.9408844649371494
1.0425610098978115
1.1393383900988174
1.234632103771522
1.30457135880102
1.2949656862458736
1.2653604280092265
1.237105049653833
1.2617737133087104
1.3759990613527506
1.4024109730110341
1.4060560223192424
1.3951758837787247
1.4092986974682027
1.3589077220525398
1.335253832358131
1.3444972455730502
1.403775061208406
1.422964522298547
1.495629075166743
1.4596223431083837
1.3404703112519925
1.3398696189406853
1.3577517557531424
1.390162020285679
1.4342226239849214
1.4231421789883882
1.3738335036136844
1.3463838537611406
1.251375974103356
1.266152318483094
1.3382580691129136
1.3865923726596485
1.4412252236860874
1.4187191221856472
1.4641046541613616
1.4381944096893113
1.4164381818975942
1.3894515207004983
1.4548238152746307
1.4606225151586483
1.4029648968092447
1.3917262145050442
1.2935074950218484
1.2078817898242529
1.1546302697862756
1.1477217277110443
1.232181391631753
1.3237232658826696
1.3642080435292359
1.376496671060641
1.4919926545859363
1.5442178112644838
1.574008305010353
1.5736215383472083
1.5054830965192634
1.5150513423919978
1.3802753898255036
1.2267745796080767
1.1447125901319561
1.0449901793502676
1.024854476545688
1.129603704123857
1.2297169396329313
1.2751833606990297
1.2947893892448115
1.255038562831019
1.2156938379020774
1.2371605000412764
1.3410459253498939
1.526720156655236
1.548650250196224
1.5188408509951374
1.5741636842954478
1.6347054912918992
1.5660192664713002
1.5342650429695686
1.4673251106120047
1.4535389104884076
1.4452621377245163
1.4754778780469757
1.6213618066316418
1.7372824800038535
1.7742900823097323
1.8529576014672846
1.9259162650660209
1.889445500682499
1.7844054578281185
1.7642025045584864
1.7152360502380741
1.6702076073253693
1.7124006098429287
1.7530962238303347
1.7976338909101557
1.8344730255578163
1.9425394667959086
1.9461646724929529
1.9533491825983254
1.9310481378616187
1.8876716986031528
1.8655660459482468
1.7457262732714114
1.6415077669856728
1.4532161764014284
1.2065710429601118
1.0603492969450015
0.9689177148303868
0.8704450169056726
0.7902628078188679
0.6705548705689158
0.7784812193064077
0.8017054578804568
0.8851357997206081
1.0117806065332005
1.06405519797206
1.1454615435802453
1.1541646676452202
1.1447186939911402
1.2159564062336647
1.1426001773989678
1.065472360526048
1.0364816236689964
0.9769130067899383
