0.38854122492815124
0.41211423464643493
0.5926487255259293
0.7089759783618576
0.6937038713600233
0.6296340607026247
0.6437238139577548
0.46524717592996545
0.30939635735882154
0.19047347685175775
0.31906763165641305
0.6161793055610212
0.3664828547836875
0.4504863025997763
0.42398630391377085
0.43105534069522844
0.2750653003364507
0.32430738688504307
0.45743841237321575
0.35062271031364617
0.3655784396579233
0.3229876654383337
0.17491325274818506
0.21629687992357075
0.14025679810436428
0.21378755979318734
0.5608280392575317
0.7852696479111063
1.2072599065906928
1.5540308333408712
1.2892946168064732
1.12379953947839
0.8727761888999318
0.8775019831861759
0.9305829458496928
0.9475625829549984
1.0231233420416046
1.105580098404723
1.0741107332736346
0.8874172008301856
1.015854122966832
0.609392241210356
0.21102444722177346
0.006530170845772982
0.5639716236964816
1.058417716122793
1.4487960947533418
1.6762914566733853
1.6621181981016813
1.8242587946081377
2.090456481198588
2.4352599624928897
2.572894239145011
2.6107551502415127
2.5514781824346358
2.4962105695812267
2.5242632619424414
2.3582005071188097
2.2192082412418452
2.0856343733372658
2.3601889173757966
2.4285389434082716
2.247513886706952
2.353839024647698
2.5496099623170085
2.746307845809371
2.7455147670114552
2.6840429753964092
2.4306875151629663
2.5731944558546145
2.741017509498962
2.6055225921091427
2.864079704334556
3.22668534632251
3.558293639749375
3.6584601603841627
3.7237802355420424
3.9000162916587033
4.0168453956265635
3.71992376937751
3.5633451500505533
3.800632487349354
3.7820163543826464
3.828195557453958
3.927863175183589
4.118615626443667
4.148671991520029
4.30965664648119
4.362710529469606
4.355513120523758
4.493491029486506
4.821120002980453
4.918752820833539
5.256820523117756
5.36266608856938
5.266858238617426
5.253949850951008
5.12331185821429
4.888097173868246
4.922328549441957
4.924816341549582
4.7957440708785795
4.692596717619211
4.506881128177046
4.6145526454134265
4.651763467771746
4.7447879693913215
4.987503585910416
5.045181093104275
5.021178560039304
5.013608673380983
5.299389109957937
5.3388952523820095
5.1850883030084125
4.945479538992159
4.923856474698195
4.950242293629106
4.983948808747134
5.112201095968601
5.019810863757502
5.0386691903524135
5.076646698361711
4.961215553818894
4.939171631546233
4.711323476499683
4.71221443711277
4.74361994376662
5.061852954847794
5.325842019048801
5.472210496007886
5.419013054200474
5.2130810732646635
5.313777863661594
5.498684209168473
5.710050933530061
5.931371577382055
6.05282724376111
5.9650869130939075
5.897410029316306
5.99130853002602
6.03602704639685
5.850385824821879
5.925973029430049
5.985058444961523
6.1078018448243
5.971350310219798
5.889365730157385
5.516280630879463
5.710293193387598
5.800657149884812
5.64977591831251
5.657833031754899
5.712857876846336
5.824524319196329
6.038240827585587
6.015770484315327
5.890362158390296
5.901342382628123
6.27195232760221
6.454422196207914
6.455001545505796
6.236533184769828
6.200312785378962
6.129500303328792
6.169964020452646
5.946019990738867
5.8663099529725296
5.98096703494627
6.09242772047392
5.783357806995916
5.636555205061014
5.941181680917285
5.9637393946427
5.7164704113760365
5.715064039318975
5.74543126369449
5.720151128931609
5.587939554018373
5.375625158934566
5.407657504718731
5.532013885426918
5.918899744267833
5.900220161859485
5.802940130553843
5.801146942275337
5.757472929028218
5.336988773859067
5.408326080675295
5.513810490239618
5.487643691596528
5.618479505910068
5.699612915004739
5.44716336633628
5.6570010762420315
5.616157295353595
5.433553394468581
5.470281032863933
5.584432615505734
5.300839866103149
4.873770542782073
4.725750408101015
4.803983068184871
4.878518187195662
4.7794949791226164
4.7943162782228885
4.781051335596066
4.9230263118875675
5.559874702946463
5.689849673655799
5.788151281090256
5.640970704754422
5.752860986775854
5.741624196073562
6.087854674787605
6.206750600727051
6.233321700966225
5.8464831198458045
5.88296082744646
5.74129229563859
5.766912253926222
5.8552926346342735
5.945409964837795
5.895880197137037
5.884461964458138
5.976411607961971
6.126656333261987
6.032565477118608
6.192493917464335
6.0805977019410715
6.1799501929790575
6.291879357263355
6.1386372782606875
5.961131377913264
6.019483535228642
5.984634460336457
5.932453323108564
5.937593368133389
5.826751382224599
5.439910895669746
5.66197075470155
5.743653201650707
5.861785624821014
5.690232390184547
5.734866508091796
5.681294011698989
5.955757829951206
6.043481035317083
5.886805111208167
5.6260035726795135
6.1259652948291015
6.3816645495622435
6.360539821716137
6.329452547333333
6.096076220275425
6.173223302533999
6.0480360122248795
5.878520673370949
5.942231996874916
5.92034985081907
5.895052836002398
5.945403570692552
5.8474759501994935
5.907829332121492
5.934660833684038
6.13477305051198
6.306446332640496
6.3894935307326595
6.249958706217792
6.390552355985399
6.192457114039411
5.872290393723987
6.010082436578252
5.906908422058121
5.814322091458531
5.841454927361463
6.081906593469375
6.157730244913464
5.950544479408989
5.637806801482111
5.837355347161474
5.948814381499465
5.970820665505487
6.026817379812435
6.09051830673853
6.170825392096521
6.005209907008223
6.0694796244046305
6.03838558731097
6.118111589588012
6.188856899627735
5.9993171555966
6.066708901098638
6.074667524166918
5.875076728766594
6.04082126945395
6.026585972100034
5.898481920913471
5.994547441297949
5.713098007790753
5.299250748367136
5.405893539151105
5.333303330987992
5.52360702351777
5.600797786564721
5.821058458578919
5.824457158865869
5.37615219792072
5.317714981765985
5.35128578462576
5.498080005764901
5.38615265506106
5.463885475356071
5.417456313808366
5.480534599465566
5.681791267113945
5.529990837399614
5.47483666218906
5.308816675469459
5.009206628554721
4.873448777414772
5.1286831616521615
5.070039491040156
5.408710269275209
5.62379295549046
5.726353691403299
5.76864617391499
5.713625015025206
5.745929944539553
5.783050328903353
5.68038628723526
5.556121146276462
5.638096519036061
5.764126874874434
5.772925726880326
5.641786568959844
5.75698996026143
5.9043541882157315
5.833003553196882
5.349941176569838
5.282122124269928
5.450182397221613
5.389514354674472
5.207261559805014
5.256389814595838
5.354290640645832
5.397130988032164
5.599598657335905
5.923575552492013
6.017925875550227
5.9473864788533435
5.818392577930243
5.824388731833254
5.837639493118157
5.924287086496633
6.190044421837706
6.113938710005539
5.993522196357044
5.967515472527123
5.984460606608632
5.897380721202762
5.944780378830606
5.958277617660692
5.882195015051468
5.822655857046127
5.85417815386209
5.975746828535594
5.947573765171073
6.059805474651762
5.958509677286051
5.957283376802227
5.597865845230917
5.59356008253656
5.7389009767247146
5.702124239303593
5.7939182297122045
5.912000717228326
6.001383989773152
6.058173044620955
6.092705860004887
6.270932781511499
6.032414202082903
5.852812728188067
5.964799480615027
6.015291560685219
6.108754615495661
6.305885508430836
6.190321545184975
6.185432222747322
6.265350879035605
6.118084948324913
6.1166191148179765
5.844487936077578
5.831216551716794
5.97747104339453
6.0763350803723775
5.828452361251092
5.64968695772942
5.517430657584651
5.480139530831837
5.372655184096195
5.608398639135076
5.808403157886989
5.942547468231037
5.963912726978422
5.925332273650427
6.0814521467080205
6.107036168269435
6.02968447094749
5.935944136037562
5.730199380651922
5.7776073097187375
5.769463520296056
5.9052243845901895
6.0330744884803975
5.9092888521486975
5.865514674629318
5.993769828379214
5.8613010217578445
5.878903745315228
5.978701564720779
5.883059619961798
5.932954084532895
6.0764679105022195
5.972947738502213
5.763974813046032
5.872656257777114
6.011722262759037
5.8724402567408625
5.8726916312141295
5.955266992404661
5.95238822492649
5.864709772676255
5.730608960040098
5.866990557313768
5.862085482464835
5.858294819833135
5.569321546633807
5.290937889123052
5.072969145998623
5.333662146061781
5.43508973772977
5.538512573069812
5.380634756840372
5.4373750013715325
5.623146474918704
5.741147738489462
5.63826130986539
5.538421489601947
5.570902285145332
5.935237889419866
6.221927409266673
6.218491779130757
6.310242061945306
6.21415779122344
6.239181481763824
6.124238281052806
6.153649493490957
6.209464485885837
6.237051012590179
6.228605223914419
6.243820376851143
6.19241278563288
6.231083801558821
6.229651677716806
6.264097723796161
6.320452381596385
6.25968647650227
6.293663011732874
6.4007924291656195
6.420777576975829
6.297146298551647
6.224306214028438
6.322621504010449
6.476901532543861
6.538818261997238
6.475045093856156
6.309109389459516
6.103465441106908
6.32577944316368
6.368494093938137
6.417131234367222
6.326487093261131
6.014652143155124
5.938915757496627
6.147203050915618
6.355317552429215
6.2933328944148705
6.188324949968205
6.132813097142323
6.473797029555365
5.0508602734315176
5.081821136496784
4.775649840385925
4.632749296438176
4.479673459447236
4.577960022538194
4.4868242412122985
4.294996349767239
4.437779363256051
4.67546821357211
4.653086951917738
4.477824764464225
4.4095939276963625
4.107415409395031
4.062053675872383
4.07058377927844
4.00537070379167
4.095488903048375
4.332032004432675
4.404585923648904
4.358542868598311
4.5355757458730315
4.59068354662803
4.5658027533534575
4.398015112292922
4.5358688430450735
4.472814769132484
4.2411709834085665
4.024609371623769
4.1469067418995795
4.161547560954173
4.15085459232871
4.289786203001968
4.565165297134264
4.598282218456117
4.683342193330381
4.739182309535213
4.643698281879243
4.406976463920285
4.359966528189756
4.3415941978202905
4.218987204320676
4.202065569486832
4.190522266438815
4.134954753499223
4.022476631902223
4.0572823272244385
4.3280325139972255
4.512174212216489
4.503809674736684
4.511695749630308
4.596857331120793
4.657246865305409
4.554355887589631
4.679774451859766
4.632082733512657
4.544610613198774
4.3133137559898875
4.2393165710637755
4.020089391652409
4.052127669243222
4.082256919281686
4.034199419383448
4.088370049194043
4.31382357958505
4.545369033449629
4.738755699530003
4.949808389523549
5.060824126670144
5.14736589753995
5.098293804587111
5.07550974221395
5.0679445977048685
4.88657051334642
4.615041258728063
4.731576117272088
4.784003017533729
4.7388382274258705
4.63164107371193
4.701925554198155
4.743078754209873
4.953463161122338
5.095644682119752
5.1520417150079245
5.128640938888047
5.1720421851304135
5.0835369495024665
5.1176530069723
4.990047003152482
5.001383093269903
5.031184957965061
5.1231198730739935
5.200402952628247
5.099697674256195
5.017924488551927
5.092634774320751
5.137804234525174
5.2199359712406626
5.281659085276202
5.02889358435499
5.025109599702242
5.006510474367471
4.9456281696372715
4.846704658108422
4.99330914089409
4.959122773603786
5.081527561573626
4.975232901001891
5.098239610935789
5.105899757633126
5.058414451210444
5.1865868303927485
5.2233770486577304
5.2140551291028165
5.109069649448202
5.132356136313766
5.062827576659949
5.121148942190395
5.126722113186331
4.9473768180962105
4.98013735369371
4.904664721512582
4.914039298112646
4.894551968683772
5.008293658294698
5.066246041093426
5.034740735245112
5.160010208128881
5.162300907906
5.110452140948808
5.070163483758607
5.128537302316761
5.054424513003336
5.112677763565881
5.052511197134925
4.928769777474031
4.666350958500061
4.596862265799569
4.701171746135129
4.708332001314462
4.769267179788616
4.847152680842558
5.010404867545497
5.0062181660633716
5.162080570100861
5.089593874208795
5.056111278663905
4.80051928086021
5.02713194606884
5.032187762010304
5.125472169497999
5.094995945973948
4.892654233177629
4.976829764815679
4.9593906696834305
5.106187084839337
5.006864019802891
5.094974571071755
5.142890947341664
5.078249073124844
5.142759906049405
5.265286971963439
5.220789149433253
5.046017277829314
5.094434915603008
5.174055032233976
4.981631436744599
4.989498641496678
4.858197507948768
4.946541683341387
4.833971989609451
4.998413495264605
5.151394398388683
5.224110040077058
5.228257931822596
5.264652214280558
5.201960146286211
5.223776469561921
5.193093160256036
5.201051516636983
5.300077171015763
5.218752026767812
5.173801431898363
5.179350611835345
5.188027216594277
5.1983180294062326
5.148569065639902
5.201198271192911
5.152309069051337
5.236509834263973
5.072061138121726
5.148699624322121
5.109104403947429
5.034920259868862
5.040311682534972
5.035721786298498
4.991351832566259
5.218927204682103
5.225923282780379
5.150968360962798
5.0434511229626455
5.040406916002264
5.002146224019864
4.921961402694991
5.0767021273848325
5.1478136943432595
5.216503767118052
5.097785925065114
5.02436874164421
4.779694042197316
4.903059094455609
4.922283874047058
4.992082186240248
4.910501254229919
5.050121564117274
5.236539614968519
5.268973331348374
5.247294036372704
5.114979386688687
5.216910699256237
5.346499011926199
5.271059942089112
5.195010263628257
5.204523496638242
5.139094409525917
5.109681302908223
5.124899051672327
5.267843319660976
5.222338286754301
5.259926421711778
5.215681786577031
5.148311928579492
5.2308650580181055
5.2649603180344275
5.213718748114304
5.164919205650751
5.101323126764816
5.251250761999997
5.3463729414898955
5.3316965030481756
5.142789688476775
5.082986988999935
5.12699140381495
5.151874623966519
5.020282619109566
5.142999677714671
5.212782206254905
5.1691922325549715
5.187074325540273
5.096594240147873
5.058780870159264
4.807126006422164
5.051085095410416
4.922165884487864
4.842437842910039
5.00458414502505
5.015572562388375
5.078080495035583
5.02297241435018
4.82864921159338
5.070079392045349
5.169705095823652
5.069448065854931
4.89165180807635
4.945535841388878
4.907558667969421
4.856031153140838
4.847372270103754
4.909325397642237
4.949188972460048
5.053419806250144
4.948553311018471
5.056523734223274
5.173092498226975
5.019042484871665
5.09545481415586
5.170081344882556
5.150046035130817
5.139037658284232
5.042974712125089
5.1991042390471485
5.2960240333732544
5.238101028305227
5.161879714678998
5.201036060925194
5.259387225837479
5.231871731053642
5.250312612307425
5.120266213181177
5.2531393778669875
5.332543197771558
5.343724295248543
5.071240151557906
5.28918205932124
5.322823990598501
5.325861777774915
5.2061279146827015
5.058286214875616
5.264447498874104
5.339441577215222
5.2518133259402155
5.027113634392055
5.280110926098595
5.2960346938105305
5.211686799820727
5.165158776299104
5.200743075231877
5.257703512909743
5.210440862262196
5.190033714185034
5.296073333119252
5.167367037130764
5.3386081916685635
5.281667750311729
5.215478862808156
5.163695285524301
5.047395006775396
5.1206684911906795
5.2189461061131235
5.178317963465513
5.127099121561027
5.162341488132058
5.236605123980786
5.232004461037253
5.124180871166199
5.201199645710537
5.177278707100206
5.174117046909776
5.0854416799240285
4.963630326607495
5.105702068324718
5.114446618017151
5.031593507918017
4.944757077851516
4.887030897372163
4.878097660024814
4.753348382417131
4.894691694125616
4.915156447306916
4.941120960628146
5.0827598655989075
5.174845322579574
5.12508772363109
5.098971671328841
5.218152054318966
5.227189767029525
5.256528849533571
5.260336844912285
5.290382687042589
5.2921463439166745
5.367133174230885
5.279427733202324
5.3377117235821565
5.1921997152146275
5.3034697441754926
5.324154046621837
5.182255447535369
5.0884612596161025
5.187306540612924
5.1592630811971665
5.206197360578158
5.039776897250622
5.214931444195997
5.136516707951147
5.194309610109963
5.104089852336026
5.072035892024288
5.0376022382066
5.151659425267627
5.057528489133284
5.07133980149644
4.968537661286989
5.003377865988968
5.011476021909604
4.912370361483696
4.879091816417511
4.927453606356638
4.886856973131298
4.85625033805347
4.959759769533413
5.101065228777722
5.094878494242802
5.075104706395325
5.200187501905796
5.210840691929856
5.25394086303572
5.307863452455538
5.297229992151281
5.202639895614696
5.1360764063150715
5.244331777534903
5.189887019175278
5.2325939643285615
5.090176419397824
5.2559613222475825
5.234923368143838
5.15138472761959
5.056705671295173
5.141675279792951
5.0605332062413995
5.064898818195349
4.977990819527125
5.024072411693407
5.056662902418153
5.1332269084687345
5.027645984036915
5.002996446453286
5.127425910518408
5.214018312151001
5.181902054328947
5.000144741840996
5.047142625377625
5.043958577265167
5.0308576711550845
5.009234925024505
4.84232662769897
4.931541974323762
4.921063909761483
5.032841832712753
4.927229241009812
4.976044290352335
4.861861384050242
4.601394910259375
4.608058255402734
4.52284864252061
4.46804533672383
4.315867374615054
4.35931808383588
4.434367120202179
4.3018211719391
4.003559936897516
3.8638420886691653
3.5734949446911686
3.4706799500219216
3.393702934682064
3.159116377060446
3.0199719683825004
2.913884618231373
2.95003902023686
3.0041615519436453
2.8919144506161127
2.8418120960769278
2.6612993765758115
2.681074482807723
2.604633079916926
2.434149869665222
2.545603253713826
2.4227840514491548
2.316511741036314
2.302957876591052
2.198356521970718
2.0410914069321815
2.012031435254971
1.924305878641597
1.6535967429960572
1.5305423469625676
1.7990225463293248
1.9728144630530777
2.087526582301929
2.297728339493412
2.4141202640025248
2.3166518653332258
2.0750090951961147
1.837616579835529
1.7205894362775787
1.5625332041098625
1.4352571061462436
1.753037617131346
1.7934004163624429
1.8921468199164955
2.0436311136745164
2.413657986042982
2.5951669616327084
2.674766598441372
2.632096271078538
2.330752731273338
2.099602141690193
1.8033403386194815
1.4627811589799902
1.411752719250061
1.3330822114326137
1.4981101606791214
1.5592084238170627
1.5863670986696667
1.999410838034572
2.427264947181056
2.6376984566043684
2.6752694506139214
2.4907881704447807
2.4692727988477285
2.3372969331654145
2.439544879039167
2.8731136836177753
2.9772549611574477
3.0293348622557246
3.1087284804860396
3.0669777284734505
2.7180835922130897
2.306002908415602
1.870987157713088
1.9753370855725398
2.0598773071513006
2.1468333180631936
1.8562747767438696
1.7533285663710236
1.7741226466910303
2.0801096643345596
2.337419499347654
2.4121450875295465
2.308654487163748
2.530483731601817
2.534646219869803
2.565109698890858
2.364376100479
2.2593674423078167
2.2103995397578817
2.263232156280746
2.0461585761012073
2.265728572527264
2.4754517175458166
2.439496048649159
2.5811105371205776
2.7345609200715297
2.8977207728002328
3.058849658544931
3.1175693889292004
3.2347871830713903
3.281472873216228
3.1320640246655858
3.0474397789017758
2.7265746241285047
2.5702889621308334
2.4592604627939285
2.397845718298453
2.5552085106616773
2.485797381723684
2.5466462980697644
2.599830393863367
2.590745320742352
2.550599371990702
2.4636160118475514
2.3157148845741595
2.4228841488718196
2.7416491561204244
2.7861027040362067
2.9567342800636767
3.38481239927485
3.72856815444126
3.8444107372900533
3.776736608005381
3.6599700341791053
3.858814502559
3.9468645030342504
4.020822453789493
4.193293291119577
4.181374012747363
4.0554965881887
4.09415516368274
4.272163754183368
4.328662947908515
4.350941201135227
4.375547623307615
4.5627748497466625
4.634561724544329
4.540260872961519
4.696109893922071
4.707785341161983
4.6405617399412264
4.580182321237731
4.738353693000122
4.879498445041604
4.813303261713513
4.6354786342491785
4.743678172919763
4.779503262220825
4.814254662938228
4.79332172755025
4.848743150092883
5.054420571330541
5.023147017834848
4.98867654673966
4.820697556269702
4.839334975214908
5.004697892134614
5.011051527033159
4.863824941069563
5.004025229246465
4.987194387096415
4.933939569464845
4.926200743911225
4.8834469747593525
4.744500890019315
4.555842106334486
4.7667043577138815
4.619883910392621
4.291886352409712
4.245326271659963
4.60242961892474
4.79016700347244
4.862768055695886
4.90496916119056
4.735543849729789
4.484835119643326
4.257057689881074
4.109681689988505
3.9951827231690076
4.015542054859297
4.291808263159741
4.446213979889098
4.466906806613232
4.2210064172294715
3.9437729950880107
4.284066401807755
4.386877146729664
4.401790966128643
4.291412470071066
4.398614102031689
4.462872166206202
4.528760803486068
4.533419125663674
4.519433791389323
4.361903001759938
4.239609827200476
4.190262112825934
4.501990258217834
4.700061594771718
4.790186474103003
4.879100974107802
5.028578887910432
5.052021548792785
4.9727483610139895
5.023521021611427
5.064611448022439
5.150458136727095
5.158993194488648
5.1812351469604145
5.108260385559527
5.015605547553211
4.95733513450188
5.213535419516231
5.238171016294491
5.254968856619825
5.11361876626607
5.126090943056505
5.202207598350626
5.213851887233956
5.075935475275674
5.119151950207402
5.140594449853125
5.103356333004902
5.1399934524483974
5.245266611739868
5.197648961818584
5.210112486133955
5.18818204842052
5.205092411751751
5.184473302310071
5.226810367370899
5.118230818392858
5.265347604671649
5.203937368473806
4.971567318142062
5.124223156248961
5.157384699924555
5.1956431553267945
5.131022709113488
5.133486283114717
5.163244028002264
5.07455608024252
5.2293782358058785
5.152567104827402
5.125210500971865
4.859780611168389
4.869882145183958
4.761720689133797
4.726535512138606
4.942205621988229
4.962181390427856
5.023622200461163
4.858837281212357
4.849408160456003
4.716295214227345
4.697859814757386
4.610598728374121
4.748445322344784
4.740403691484067
4.725098515805128
4.801437895028167
4.823322480829132
4.9062357878672636
4.725605241687466
4.6649439762714815
4.797355797863265
4.795705812429725
4.660361284163237
4.698731342256087
4.595318748958758
4.446391199564215
4.263693804768082
4.013358481831971
4.16261535307618
4.222350471624455
4.484644751004524
4.525675466838477
4.534598250273972
4.605217999593187
4.700369745635761
4.642984535749975
4.627533100906141
4.997589197576592
4.853979999537483
4.757826120284588
4.6067966314754845
4.556378030657895
4.465044091729759
4.472379811833776
4.408095770595593
4.41772485257624
4.402321589508985
4.558121546608801
4.792747053347923
4.810990257753851
4.664067977164026
4.894135194435006
4.988805157137008
4.983465536696169
4.991941049234388
4.942022285520149
4.955143096991215
4.842867772504132
4.727627815663939
4.871341840390132
4.984058545557445
5.0687684135139905
4.948403917019548
4.8723541269548925
4.787173348088537
4.958427156331016
5.009202080803761
5.102540569234867
4.972071658068704
4.94442901673365
4.989239076424537
4.84660409312362
4.607822071415534
4.6991027187106935
4.917982267609916
4.808226007363407
4.878995529400842
4.744182075142899
4.7766082223661535
4.812370003571769
4.944255157272915
5.103132042066653
5.147339442654247
4.94414028495025
4.821494999660865
4.998405707179302
4.8912892748364705
4.9082154099846855
5.017861343800722
5.002465377741905
5.080174746210991
5.0552300125805045
5.214694617026255
5.260744651554856
5.175787677660917
5.057712034873552
5.084442356205681
4.958781716396134
5.225901841229529
5.13623367613451
5.133476617008194
5.021602518807125
5.202519894316359
5.240246160319431
5.04362801474239
4.982163114606279
5.012990424224264
4.967083352947194
5.053103027943265
4.954936591668506
4.922674988539022
4.929058580659932
4.955909827638551
4.891145556134525
4.92135760156954
5.014747747362845
4.8986964046273975
4.989553892589207
4.966465745836615
5.086255361681303
5.045115955002218
4.835763646176917
4.775724667238802
4.937349925085101
5.0611018995124315
4.912348708699163
4.9623822477524815
5.021340734494703
4.852281875913076
5.098320170969978
5.040733114547321
5.038875355535478
4.845194115313348
4.737478668680955
4.942442441547107
5.00222591264101
4.873191344362485
4.873446264638857
4.897650030451121
4.8920701244007425
4.989129447099593
5.031219594843775
5.091409868309065
5.074314735572461
5.169647684169696
5.146399975330247
5.178626381186614
5.332552011364199
5.212662090835502
5.054904862232849
5.048234631095048
5.1176946277766024
5.089583828506463
4.986037965379577
4.923458636607703
4.9513661217588805
5.020974813665969
5.101103160585043
5.013038880983483
4.751558908506464
4.96537019284369
5.0717449214803425
5.048569215778197
5.171381158772528
5.2683990782360635
5.032604074333312
5.100563910675951
5.281550017503816
5.336706825688884
5.248442345051481
5.35523573479268
5.194391833150766
5.204625612152581
5.179273429870534
5.062675388145066
5.160566912492558
5.230751721820706
5.1955231409785485
5.210901710969442
5.189353076447817
5.225491495956641
5.308338973818548
5.192611186176366
5.035127410821205
5.234494054384936
5.069963005356588
5.0393760538886445
5.152258598528863
5.018782066517349
4.912433401811503
5.055625839743597
5.000474314403369
5.033111582201
4.970335924327406
5.02221510686076
4.878124429620104
5.089304894502327
5.1666697507731785
5.031771774001681
4.90228733295397
5.103468529287888
4.99216809575759
4.747620629582884
4.92514198969502
4.8746087464485175
4.895210091795117
5.15302627082649
5.202534394901801
5.140496114659956
5.086283321189168
4.974493534830118
5.152078528056041
5.001131130826385
4.9987965133832395
5.107767952175383
5.1027280737598435
5.224136242850211
5.209707548072327
5.2460016515939545
5.183383038762097
5.08709400684842
5.172182807384243
5.183744129769957
5.152091403919424
5.079438605934241
4.8195256720457325
4.834713218453929
5.032591178113881
4.98162875642611
5.016989320355434
4.964217364628622
4.98931499856488
4.980072856915313
4.892873928524522
4.717397870005625
4.711390060235957
4.68678788687576
4.897151336126752
4.974009428950006
5.0587455228034806
4.885762700199437
4.804351919742308
4.823035835203595
5.0476158244216505
4.909280805191525
5.021143777031403
5.034414495139455
5.013887778566709
4.93468017487013
4.89111991575414
5.028017460749662
5.044753748575072
5.167583153198406
5.012795297938538
4.752792745463123
4.792179685449346
4.897005551357896
5.090874855363863
5.027012108935094
4.802787065156638
5.066463749734138
5.341124252537941
5.17673560726075
5.227005014546785
5.091265013527726
4.974732198686272
4.967732877696063
5.028196988176449
4.912268720662284
5.0113867710130355
5.101051181003954
5.154529820677722
5.0958241731200244
5.078931765836494
5.229854411798083
5.221658619045017
5.128031241614639
5.048234849421938
5.242339063736657
5.174679613560454
5.155400819306663
5.045519753030796
5.034150662339162
5.173535563983226
5.038242498238387
5.053547784567287
4.876178204573871
4.90860077222974
4.9594016842254645
4.904770831135002
4.742106992689259
4.7860985030940695
5.017118247651943
4.991996288130146
5.0709012354294964
4.918670176063745
5.126699572620218
4.968303379396102
4.966667950945904
4.891180202114391
4.949394672578353
4.8967893221652465
4.882189820057269
4.8522708816631965
4.8649024584736695
4.832712777701599
4.857747227332948
4.88902752525771
5.129296935739612
4.967038314172563
5.165141197213902
5.157936557184534
4.883757779588045
5.016194866828506
5.0695577407526775
5.121228783451142
4.913155073306985
4.874200013243836
4.938399725133993
4.869822930481092
4.875531029348479
4.899165941875103
4.851676109232507
4.991936193300882
4.8261378786995595
4.817114922573015
4.916928856881296
4.775506409571015
4.6693592846003735
4.62723676812402
4.727899386976011
4.691741344427605
4.758754386740507
4.7890352372990215
4.4664541879586235
4.676999493015301
4.747487588921765
4.858562691801896
5.007265155587786
4.996904722057029
5.021537675184554
5.0111526039098155
5.214322217382726
4.9803640032822125
5.055172299835509
5.069065802108408
5.025794709171496
5.064757591541794
5.186863234665561
4.966371699031391
4.8547377599767545
5.061870460819538
4.962363301094875
4.683860233567392
4.425820087009769
4.504165940172836
4.8916969133717005
4.875953484403069
4.976457171658728
4.907245395157591
4.771329675478442
4.845239547022731
5.0737718854088385
5.045392396235727
5.200273299671413
5.2221374006421275
5.217326734024123
5.121137474467396
5.171597961730412
5.158573805506602
5.083586761066665
5.163004756778946
5.092733634148463
4.998649437554092
5.259920417121337
5.176465141806651
5.174638362842589
5.249945105173607
5.100886095083631
5.160102503679489
5.234993216313305
5.291296867831534
5.076362595031494
5.051325469287585
5.104859822495188
4.926690843613233
4.951116948188325
5.214682894826971
5.205498703291526
5.100229427077129
5.055483614373166
5.058605343838204
5.00950545795479
4.9798063717113585
5.049580580991837
5.062343251913699
4.979230190227582
4.995581268349537
4.635508555240391
4.709676509009879
4.869873144152166
4.999787312883391
4.997912605307771
4.98217985243148
4.925868534621194
4.609395524145181
4.6883773239819355
4.564691844331984
4.859508705095677
4.69106256129624
4.523016711925663
4.450081327163104
4.482977506975813
4.6982461740945745
4.640055175924996
4.681735191539176
4.3400827982509655
4.265065763419924
4.122838719868829
4.194507692328484
4.268253687022343
4.317007619980526
4.249936053734838
4.286784650866781
4.424937320361305
4.673670496144627
4.798826883360935
4.961909013014671
5.071313876456219
4.9108526518465645
5.050243169219979
5.112335132512096
5.074513623127624
5.160471006407299
5.152587008022971
5.233620526715526
5.126485048932858
5.220271257627957
5.204074359524872
5.247153744893853
5.074373968407261
5.037169613354421
5.2214316921329536
5.174475550256745
5.3100875605528435
5.144609069237506
5.219038966125779
5.272772750278764
5.164532113681671
5.043146517132479
5.11281123095211
5.028782137737248
4.966943942930865
4.978040941639024
4.908185720993185
4.841237023281221
4.762058455241169
4.605534478212902
4.5272829860678705
4.635279474436865
4.518711036166905
4.340894573413421
4.305720150760256
4.357683601364503
4.418662061381483
4.463786877339821
4.548748985696906
4.589652376061406
4.811327785054143
4.719803590124894
4.5661939984773765
4.624166263667831
4.483204709063914
4.518424716293919
4.625413112390151
4.691861222851028
4.760338083740823
4.831265990937223
4.998173356092398
4.795005056895719
4.992902254653657
4.876213679704467
4.98152191489672
4.929965129814077
4.910181530071665
4.975217000764725
4.900073229035836
4.848560657033321
4.953080194541122
5.035680884645964
4.946833380314626
5.014923875991967
5.021345776483438
4.940837129155599
4.666097515976916
4.699822197335429
4.695735441695938
4.755434031591667
4.81262933589535
4.803057093319537
4.803124565194755
4.6923616627899705
4.6299530211082285
4.779353392093137
4.842394023082179
4.863738408415168
4.809040611027966
4.951706601377355
4.865984211985461
4.693513235879854
4.344264286087622
4.60473136267234
4.6335015618434285
4.646482083287225
4.832349401555903
4.78483987277897
4.571285822802184
4.422534060948409
4.253245161584261
4.171555547136098
4.193626622529963
4.078350792699834
4.3388111677846215
4.351321425924279
4.219724977954204
4.21162878529373
4.214404398016372
4.284752579265802
4.425613922167469
4.329520719359952
4.355422371276972
4.166863097334936
3.848160616382929
3.696370616603587
3.6589823231202203
3.507564364675301
3.680400169425357
3.656268951711934
3.5210598824660737
3.705498603317454
3.8201905340229994
3.969473305929203
3.9274323638736774
4.095637568137287
4.370013573959485
4.502665952274579
4.551384967542591
4.565438510943113
4.621904407840825
4.558246796849981
4.560028058508261
4.459468846243677
4.373888306811044
4.311121136301649
4.301759846379883
4.351021735860404
4.204212445794895
4.075169533850591
4.12849312143978
4.179084894578839
4.213642082944832
4.356214284284642
4.308958338344568
4.192179012918518
4.254199821872915
3.9982234647079107
4.1178157990330755
4.06046043225799
4.019960989718678
4.169677425996013
4.068337815365271
3.9740442826700444
3.9183950070351434
4.0803933104299634
4.260668635242125
4.443666822333535
4.3830548850868025
4.47606664110156
4.41737776313655
4.347859307663499
4.404669375087456
4.392594147985622
4.330533088702831
4.256208283584884
4.224970274302047
4.291859925990687
4.0619097385879845
4.372795849225707
4.474551095580999
4.426737004813162
4.3523248655649205
4.439500909726328
4.5655863608617695
4.4535485865622055
4.412059121422947
4.460065870767749
4.484002439868298
4.52630368993118
4.682094352043987
4.608022523911023
4.585661082922459
4.396150490452668
4.285207211505132
4.328875648016006
4.246881970864449
4.090748261705872
3.8550662732054235
3.7945646105797035
3.9466378620596836
3.941060147596246
4.181644175245974
4.30415590992678
4.331974624962545
4.295955963760536
4.516797142953368
4.524165301868903
4.343440072355495
4.305494295462868
4.36001059729883
4.266371771188141
4.351664270481646
4.2503966609202575
4.277204958832802
4.389396762008164
4.399546995424718
4.379223077346269
4.318401103569137
4.568963512481835
4.512916781738487
4.690283489896691
4.764983667885288
4.804946660414139
4.837680494928162
4.991328360154269
5.166807490656064
5.019384949850812
5.155568838704637
5.095898375682648
5.093699317523973
5.191006787172828
5.2288121587790295
5.1060210648321664
4.987446115026089
4.988536995725103
5.1304443703172184
5.164219468708118
5.094805696353296
5.10369019333319
5.273237062161861
5.150391144559559
5.166239406075017
5.031116992154928
5.076609381312988
5.269341691251732
5.246213165368077
5.301133946691604
5.155553040139365
5.035613719758597
5.222515574898503
5.185172576446109
5.16950658980334
4.985304020220591
5.002274937644602
5.001808122296081
5.055462512040075
5.180508277096537
5.021140945232435
5.0603194012813075
5.191421592198756
5.060032925141127
5.005931277874529
5.065730492146753
5.062717219638006
4.951994046368269
4.8356317920199725
4.870219264257122
4.780881990442308
4.642639395872465
4.695436244587049
4.740490738961454
4.85824290253935
4.8172067283554565
4.65592865359348
4.544274736020151
4.726596878127846
4.883617754561222
4.908221369247172
4.840313231726089
4.807656820748843
4.8832812908909
4.973047372856872
4.691662689196593
4.847390347171796
4.688415586980152
4.675766919393579
4.707505989542277
4.710766444212493
4.715112083531685
4.690290876988754
4.500591957611127
4.353903590321555
4.484687444380877
4.654718305854564
4.55155933764471
4.588086925916814
4.7273721502408055
4.87737928681795
4.818673955390302
4.8671346893303316
4.881331806904812
4.773798170924372
4.791754879439339
4.8567433733714855
4.714171400517134
4.786310011877089
4.752219670246558
4.70170432575113
4.761737988419882
4.639038639397063
4.506300286502254
4.726226049436488
4.976492588688559
4.845456198451047
4.927605486142228
4.886466582754602
4.893829706452973
4.929374128768509
4.991846212243084
5.0294633387847165
5.062818364801265
5.08420300049354
5.016750578241304
5.201976517633961
5.160272301761645
5.032140133228866
5.037530370267465
5.200077072591811
4.9544875147633265
5.0275908517482435
5.068519024416392
5.01666248480815
5.052782421420346
5.156431455431029
5.07693845385447
5.035380235111404
4.917453353390831
4.8889984340682044
4.981926568950367
5.14991036459637
5.077220093833511
4.922691930273253
4.981733639903411
5.001914344977983
5.024955638285886
4.956272648142378
5.009115988882653
4.976614292734172
5.002595157477772
5.201266509515441
5.1497081314475475
5.101999150230414
5.078419332178708
5.027919888303967
5.044524734868145
5.061260804472226
5.072120200427041
4.990365585898988
4.910700331015232
4.859961631576097
5.100129242735245
5.14400382514843
4.891092469757616
5.150825232800485
5.205018671259325
5.089986351007763
5.081495749210398
5.181182221155545
5.196710339848277
5.095005484175938
5.047230886905555
5.0263099850665185
4.837320379756957
4.752510003098159
4.786552160740873
4.712703026937204
4.573280425870873
4.721301517528697
4.65093986768821
4.626865059068283
4.704212924706735
4.710573071408103
4.595145709210337
4.669466954154371
4.769338203504927
4.787837019556062
4.674818758006573
4.857317799902192
4.878842128835789
5.224057298127323
5.24585057313667
5.246268672076189
5.213614577162211
5.101282917386315
4.945108534567293
5.012236422985817
5.012508737907641
4.97825122991291
5.037185878976951
5.163686079790626
5.1862685888009965
5.223597187461342
5.244598142430204
5.171565981672423
5.151523934395575
5.201684575648826
5.23157689468902
5.110271624919684
5.159719595258447
5.262306488408867
5.1018182055465555
4.817305789712339
4.74691575813756
4.838652483711523
4.879239195581562
4.78792899120936
4.905145665032943
4.8630877977479745
5.03437449185216
4.9329154772339425
5.197973378122387
5.2545506957870165
5.21708338000202
5.165273377535711
5.137739439225426
5.092318326889707
5.20042893666085
5.17976256851092
5.053819935112284
5.167071599652331
5.172769326003306
5.062808284675646
5.110474395874645
4.988033087171886
4.950737708909885
4.9673142378685995
4.9980893193477485
5.060386091083142
5.2227762832846585
5.2145994740455945
5.174590123660231
5.129701985020546
4.959512430250144
5.09785032702526
5.17062529392976
5.184445678664806
5.112650313527821
5.138187275963366
5.012273104208787
4.768067781772409
4.880981394201354
4.909688987087655
4.749563807246345
4.674531207823156
4.473768807113792
4.645751229486474
4.4472695397863795
4.481416742531622
4.399705134675054
4.53145401020987
4.474717844471588
4.461637234339852
4.523314987932224
4.63600937693578
4.685883728840242
4.457571621815606
4.275534705255135
4.373408714548812
4.299153894279155
4.456175329346068
4.527530918793124
4.528404783617237
4.577598167898135
4.639350701282044
4.656364195294064
4.321817374231089
4.3720090188685194
4.561492417501574
4.761656000208053
4.621028381868542
4.704765465923399
4.8328014681527875
4.898005617722726
5.001518853618166
4.694403241582872
4.7921120687482475
4.896206117803828
4.807125177178806
4.769322246971024
4.869712205160483
4.85221349731008
4.800235965981487
4.756427977746385
4.702380059425176
4.6189700644721565
4.743265365497948
4.710535420575959
4.749823955338011
4.421098642550563
4.180765824352988
4.149731115444523
4.2838423390107785
4.281341664031346
4.283526748552497
4.248090626904559
4.478631081501101
4.840631990997513
4.924077863649891
5.00484024293165
4.977724205209207
4.864709557360597
4.8202128864462255
4.5610836352046995
4.468527723186585
4.38728306962052
4.447152327418701
4.265321384159465
4.3139898147977975
4.327248706143385
4.32277693877597
4.319038541574286
4.35702670871757
4.3422711533987925
4.135810364383898
4.042560916915334
3.8655374453469937
3.6907541741774548
3.65691320273391
3.7102200075263836
3.7088365198206303
3.575257307573633
3.6083097821506103
4.013717727746839
3.956162028967897
3.912243272865702
3.9427587945686113
3.8398249585660693
3.838010856995444
3.8259568050393598
3.6971166543155847
3.5760772719266978
3.829632204762778
3.7950817123872977
3.751407631329215
3.8515468568142643
3.9000983236551843
3.7571439465567664
3.6310395371416173
3.4254412084791404
3.307338032036138
3.172628200190853
3.112437888100486
2.882264781540818
2.7774585608933973
2.8764331625048674
3.086819262178324
3.2607035540070433
3.2937194780891392
3.4410564676228534
3.3398715406225703
3.34743105044287
3.4232867847282415
3.309767779108134
3.365502084374798
3.352135894342558
3.3961964619892204
3.3237039059620814
3.4771543192374934
3.361369556767819
3.4251766145687754
3.391838677975607
3.412993505901621
3.3511626095143834
3.445045027931709
3.2740640320697905
3.310783010810811
3.3073704032326736
3.331649691521573
3.379665762375376
3.215041733345131
3.2394867497337394
3.3228827484072023
3.3718042558039474
3.3130500739317914
3.506688341281741
3.5585964914181476
3.588625090962145
3.3937208069943403
3.224266191841821
3.3067317813794936
3.5955556565912734
3.560984208264049
3.417896088910601
3.26767932390483
3.2925812087670505
3.351116523829406
3.3266165930871896
3.572500727890599
3.4027049261573628
3.4868845209461035
3.582380683201775
3.616002377855116
3.581578119185013
3.4575730804866565
3.5372662253702174
3.740581084260856
3.77203023340173
3.7824692254760617
3.887104779948796
3.8515712955552868
3.919648204212448
3.983044381357862
3.8731859086493596
3.662629207131326
3.8674873005477064
4.130603916029273
4.204176892239613
4.300215589327606
4.2711899823135715
4.151175244762924
4.394851003474389
4.280703261669105
4.369879275330742
4.376009357112624
4.285721298505835
4.511369607902394
4.361160994709694
4.596032607023226
4.481066211314836
4.537724833103797
4.678312112464195
4.57634143574578
4.432347232682871
4.494178386793873
4.482707650608096
4.35265194079415
4.404587210392442
4.475180130719168
4.627865398797797
4.643998040778256
4.459304165179599
4.5306822773220095
4.712875144370932
4.549445868352891
4.667601333330664
4.665975732745879
4.65017192846414
4.596505482317127
4.573345631813038
4.661354050014142
4.859963654490133
4.8617530392929105
4.845022352583599
4.602341455002708
4.607073747774536
4.629144403603304
4.698476164272726
4.567966890619537
4.640965392407001
4.730585771835049
4.869834461643975
4.854154952503218
4.640510968559368
4.739287299392879
4.671044945816059
4.645056290104729
4.687247690515315
4.6661468313705
4.651795027812231
4.588216194488144
4.626113524326862
4.706555972533046
4.784446281529497
4.621001785222121
4.640590866136747
4.596387199928638
4.348938102348789
4.278709081396616
4.366238852504958
4.468872267980277
4.366986700928307
4.469593956581186
4.472793375627284
4.3992227582181265
4.354701602312107
4.171944673943361
4.177091120375717
4.172297555537677
4.058126832552099
4.172845740152647
4.306284789111327
4.121102676595998
4.154092549005619
3.958363593981187
4.028875072448837
3.8741528039019375
3.980312403850032
3.9641038020668518
3.8226894536177722
3.6306308084723833
3.746118078996637
3.837142777968259
3.6256619179513683
3.692390271501588
3.7547695343983483
3.7411172988779366
3.7428681187190547
3.847345476911752
3.766106774300239
3.7917389913383754
3.871757554510447
3.835527579927985
3.7574402849684185
3.785207093326706
3.7556051310689753
3.7048534718707775
3.841874397497482
3.8831724054060675
3.9015460346294457
3.7655205424268843
3.7721285815073147
3.9906030271794966
3.879944517167308
4.0379490956131265
4.027751896221454
3.969551972254489
3.964659738965694
3.844175221619741
3.93166481504212
3.844748649766829
3.943625111686324
3.9261225222671072
4.021521170691816
3.9959431119940176
4.003023138398271
3.960532228276808
3.970163796323736
3.9848311583871605
4.025399700884218
3.931067853030926
4.065026668969481
4.010343479368071
4.071617246574696
4.1070761094985
4.073201556496404
4.011919831055414
4.186595147364305
4.096044296773888
4.081153667767158
4.036391755106501
4.088717468994278
4.105685209858909
4.2073995344267425
4.230099536793576
4.294669861559221
4.303092347099177
4.416519409681005
4.363700384198861
4.344164700747108
4.47533303769554
4.349326930175322
4.380756965243562
4.443108106851573
4.5818615719845015
4.481204993084896
4.410481205110156
4.457062146491847
4.35670149075209
4.529947931738417
4.510982366868372
4.558884766319999
4.527582448396215
4.413448145530151
4.574687811217689
4.490932205265856
4.719880418374617
4.7108419081579935
4.608641548153819
4.768325467402169
4.720376741089977
4.836099278849875
4.767633914809767
4.73195791622954
4.590536667645454
4.279141621218652
4.572531609736251
4.692578876996587
4.714586913587339
4.789188031023925
4.792109375795634
4.589524497783494
4.6210634283704675
4.569433198699395
4.870837686080087
4.904922127565193
4.80587487987133
4.892500470576541
4.579608793315483
4.499646033433433
4.586950366870457
4.367023769946441
4.633142911791992
4.732510604654379
4.671088322725358
4.602587495851205
4.6151853799091285
4.430206629774049
4.321477617290142
4.473348043801131
4.387959988749836
4.540871094423655
4.40742703601004
4.383964107873054
4.511956532527136
4.533805948943054
4.614532052927294
4.5945997655736734
4.719418732097417
4.697235717755662
4.6233183304039915
4.484285269387658
4.5962949439525165
4.45796752235677
4.643134585294741
4.775835968011408
4.972784951123459
5.064715572490487
5.166278779238173
5.133037942462271
5.219814125413367
5.249946809513724
5.203339629032374
5.215721744475935
5.164678244447928
5.3019235320271925
5.1747181222134895
5.102144941192779
5.143934553932196
5.272002641838801
5.233815108727781
5.160022634557837
5.0060390704332
5.207207435322034
5.1745502608894745
5.18600822379972
5.108151610505531
5.231940696532601
5.23248529297449
5.161407860794177
5.2662948325588665
5.262562634338962
5.036537717444325
5.031222963931697
4.939661543623642
4.986023437253204
5.047505931801843
5.032116155000327
5.20872202712174
5.132376938417617
5.185418580562889
4.943579049900341
4.9751630038192864
5.113849495188125
5.010161934716738
5.003581072954684
4.899666470980839
5.0744567040981785
5.2480329730715995
5.322121306737808
5.279812504893472
5.2806292589360195
5.349109266529999
5.235869458176242
5.328998896901186
5.272857243894748
5.309246872258216
5.311557980692689
5.308738308817187
5.337994563871093
5.348281470703763
5.2999146932448715
5.288820783158772
5.279261731150983
5.224423306432093
5.294016502525867
5.335160844510199
5.266868747253734
5.249053750810382
5.249037658625681
5.237838623499705
5.337242978956977
5.353233742492615
5.3416131589268385
5.377871670205657
5.267478468207046
5.341279428951729
5.286756738968261
5.3330767984394445
5.305405503079692
5.273980838667724
5.258648609616163
5.252329611428933
5.159643960542867
5.204289716816127
5.124125034883423
5.111501436107963
5.209003830158171
5.221970839041537
5.09494236213522
4.864731271974493
4.872519044017755
4.949408049277001
4.961731915903374
4.889494276456515
4.879278373396518
4.815074293080563
4.726992251856439
4.459186908591267
4.644834493825993
4.694560287165404
