1.833319354716005
1.5997232197564768
1.34150001926864
1.0797189094902875
0.8674650023373187
0.6761863677863336
0.5968258859200523
0.36383465330565123
0.0998270963542448
-0.47449275940518354
-0.5928721174163194
-1.0098194756853207
-0.7904024847133067
-0.3360488077046896
-0.20445147153779325
-0.32729012390458784
-0.34390631139165145
0.014257125300622068
0.2263676965415684
0.5276499071367534
0.6237088998481285
1.031664545634591
1.0056434930247589
0.9118422265374598
0.5740309058867878
0.4745814650316496
0.6741063362239508
0.6867792397180715
1.0814751918442507
1.275976491308573
1.592579185431364
2.091500581766064
2.3787965815996346
2.851501538340933
3.0073238947629926
2.9449880606069483
2.6766987156510136
3.0066311600622977
3.102870789962354
3.4085345118638757
3.200903795205464
2.7345757172155283
2.568965240970676
2.4164029213229523
2.3134128380204806
2.4712988647961276
2.714226313291809
2.8249044327043284
3.2874532607669273
3.5507890399476487
4.096458380607498
4.458004782930143
4.420778990598142
4.627700597219619
4.792690658846108
4.912249057251916
4.967674643311961
5.067518029597159
5.171689891861117
5.1647312040419235
5.548579638775299
5.744227493522212
5.880560616473695
5.681887019561648
5.932193737695774
5.940223415936861
5.945501027387762
6.120795806747869
6.246702393075196
6.18789610166584
6.215157950240313
6.318087421391496
6.4351293613937965
6.408329209507651
6.482270126092773
6.340836129001708
6.53399633855806
6.431723092275442
6.3435158075186235
6.632852027992788
6.621179426876199
6.3186312561758955
6.610930609230039
6.610456353519359
6.285382493961263
6.358360040830457
6.619278317141135
6.416230260389689
6.524731957768141
6.367646925544342
6.589965180957115
6.461622374703107
6.454124779556236
6.499241531768678
6.610618586602376
6.692778304811753
6.768476648903968
6.440255339040009
6.39727721048463
6.5976640650166685
6.4807486347713406
6.523060908625146
6.582328306979916
6.568286617896516
6.40385615949358
6.558913814938622
6.665514500362084
6.670917568276872
6.617576246750393
6.585786478389204
6.72317330864783
6.655133400168033
6.39160879144184
6.693689887682058
6.724013631097277
6.531689725823869
6.6697472659336015
6.588519798699911
6.453343978559151
6.23836678978557
6.108058175207759
6.632118346516265
6.745461188235109
6.438692195094279
6.154513650362473
5.910054322003306
6.168840429337218
6.294507067034928
5.967784513584438
5.104475563154286
5.091142172940074
5.418259270440515
5.489769023070653
5.320262182570447
5.313636128619694
5.272662187502237
5.03167650705735
4.626318039518318
4.639304880866529
4.818015467739464
5.227194091398754
5.428899252763335
5.721192983012802
5.7184551554130625
5.8645414977500545
5.598021889335398
6.052857240786821
6.185688063696928
6.397963027509676
6.513423960439178
6.236426967320223
6.275473634740427
6.3682348735413585
6.3272689875244374
6.427867481741923
5.895767267350052
5.71768169330039
5.874808255865765
5.92468151956268
6.5031051623475715
6.521154925745975
6.311805988392247
6.147304963293623
6.495768402673775
6.555844475650569
6.0297100297316515
6.041252686280713
6.510462992125601
6.681898551000295
6.5223871562446565
6.410562421742215
6.579992589789649
6.696122946554854
6.586717769403239
6.507089929908979
6.391871797409392
6.7261076122822825
6.462205192368283
6.510609732636562
6.735685022068063
6.654750849701924
6.531997254855847
6.570013546555225
6.6977315291863615
6.632113400407849
6.487173906270837
6.559747455542864
6.48621839186786
6.270473717210035
6.381147275793114
6.687655927328318
6.65059502070896
6.657198725187878
6.673258606966345
6.732095327659356
6.659067140183223
6.755283192972297
6.720269006564488
6.675342370704326
6.704269252798032
6.673874495966014
6.743336955736998
6.57959920866831
6.513382703638015
6.343562785014258
6.5237102044876965
6.700685017110925
6.771577173322766
6.550131346676629
6.434150716324785
6.550019072937357
6.61574585064634
6.668814864707042
6.297009214842652
6.405365113942551
6.5131999185707175
6.504305055970495
6.398221099915188
6.179727958580452
6.4081498183644925
6.288205136821697
6.22070503884244
6.363118006000406
6.380369059007149
6.690690689489093
6.666991821612358
6.467825202056163
6.711469931084025
6.64297918135248
6.418745352729528
6.297089961877721
6.6817960611231175
6.535178167426227
6.352869039177098
6.429942954164827
6.4371884099328245
6.511883221466801
6.167974804298032
6.12985732655184
6.160343001387348
6.104558322733558
5.809232644159659
6.2409872925288825
6.484210667237963
6.27584069284886
6.107282844624062
5.680390491423438
5.540387987094394
5.584120720532479
6.00825378234795
6.027285764336048
6.5804066781484405
6.636270527633282
6.450407095077582
6.823006718731762
6.6032526603821164
6.517292890925359
6.494451337606537
6.523841723503343
6.51742519118076
6.246250300766524
6.328014179274092
6.496684380599734
6.3635243353508955
5.9667561398484334
6.376192357333133
6.6306472020629785
6.6594823618975125
6.478146543817786
6.4674149595187576
6.560279824085977
6.544869257919063
6.432930603298059
6.084693131556371
6.186251942734582
6.335814461011031
6.369432377652873
5.988242768596686
5.7957087275183365
6.097286390449201
6.02961846430986
6.307520952064732
6.216559300981676
6.246390563373902
6.037270755134169
6.163677320190838
6.30174771812988
5.969286182008302
5.9335454119117745
5.856314207335473
5.490524543790443
5.614026563178362
5.883285799509802
5.8601376631121225
5.923053552799869
6.0807079463514615
6.288173309722933
6.405396266373691
6.5146953812442945
6.3996997815995895
6.566718782027509
6.549324560340421
6.4123832349735554
6.333673377982697
6.512670392899267
6.322061846083349
6.4241338543162385
6.186401254414006
6.1410326779452244
6.43167404137008
6.369471176614011
6.290404652687393
6.341140033721544
6.3943247468393505
6.545134708642664
6.643565934059305
6.518865057760396
6.448590598233011
6.61473512821807
6.5453458574920305
6.255348132926914
6.08542737389073
5.9394636375344465
5.94295552914528
5.696028102765743
6.215472233608063
6.436048407157616
6.082028821258828
6.209120017549861
5.996641804159324
6.212475786164907
6.243481141951332
6.081150667637152
6.328337108547911
6.517052455175934
6.260591183377459
6.434896114571179
6.423850181653128
6.249789226574788
6.225990451991141
6.356934654072669
6.427751921854194
6.630080817793841
6.392378777953449
6.034743262327036
6.451285093802103
6.298161627959471
5.940184567457446
6.196793177889068
6.461762102166422
6.481721263476106
6.209179785968108
6.1354246200336675
6.405542006363059
6.335317186559621
6.46216807120445
6.31867736200724
6.188879734949799
6.177982303038682
6.106258431774792
6.3142794871021914
6.087330775968436
6.245143079068624
6.327050256742813
6.326915059749362
6.64454344574671
6.471530048813582
6.339193844388966
6.237994477661336
5.8410709839468264
6.2986679547381215
6.345050376494653
6.3598084915771285
6.529132404207266
6.566528824833641
6.675989981367314
6.600699722598614
6.637226407238133
6.599970425594537
6.727603126723767
6.739122793053565
6.619661676204338
6.699874534801336
6.556937965034804
6.44623206450707
6.66553071602763
6.587162627726923
6.524482261731237
6.629415977141282
6.563834983440378
6.7030690760395775
6.735132938424348
6.591341743843378
6.632985960003111
6.675616255141324
6.70256558966768
6.5827885726807125
6.40036647815617
6.714379985027404
6.481912003831887
6.2266788500688035
6.604981473552391
6.609713444616284
6.4496391376811655
6.509844954879564
6.183189813598513
6.113650480342491
6.659162544456682
6.52064126873835
6.3764278440418405
6.057659112512155
6.3449404010658315
6.511334483243944
6.454595170231828
6.651582756412014
6.669660860974375
6.42304680427511
6.423232328516403
6.5534371799549715
6.432951693524332
6.6920727880138315
6.554420326158121
6.394310851931393
6.646869383452159
6.608059559802987
6.565709381434095
6.513920870460133
6.470307108690202
6.518977784840305
6.515376321063113
6.25154358322344
6.256950158419608
6.12185380007015
6.134729306972062
6.282735869733992
6.03064872391795
6.014223721910331
6.365864253661781
6.496095879088884
6.3471411212639115
6.449308006507041
6.441416406340112
6.147589941957794
6.344106635446388
6.439923033648382
6.356208333896385
6.195164904887473
6.57122506173814
6.472599374836702
6.351999647472806
5.873787902231006
6.257447170785769
6.306229720364362
6.513008946140421
6.127416322472117
6.344095721877853
6.547994430696491
6.5151292411923265
6.190291819925073
6.437223306269743
6.353995817318695
6.292969491967111
6.399550045978437
6.097926129771096
6.34058094152755
6.268130620569783
6.2704022574834735
5.809380222108716
5.956418347958968
6.212656591723882
6.2178955150225175
6.354735463443344
6.378217752151011
6.555108261562729
6.85723086334072
6.536107109749369
6.444668326945651
6.380304244013123
6.576047354027372
6.40778381033134
6.287480618586686
6.548136560740045
6.251267724479247
5.942645842033345
5.712009509568164
5.803015654902166
6.013916062363216
6.362940043358181
6.0500523716934325
6.1355857551747075
5.463037530246075
5.246593584027705
5.139047016139476
5.151547521162465
5.1507611673613285
5.255581164682429
5.137703577522062
5.298827544924604
4.971598826156559
4.954951267418073
4.877156385648307
5.330354096528062
5.441507812923334
5.153832135969235
4.7155481540181405
4.382155426635335
4.383786027150304
4.393247140758852
4.02991571851095
3.8914415221583036
4.1397394312879
4.386917201362182
4.24610125726012
4.031581166020457
4.345708550963442
4.5547363819989
4.571954793722614
4.858273056730409
4.992825946729591
5.048114952637869
5.399837527306519
5.660301843189222
5.725246979738832
5.879065415460513
5.781391535558403
5.885251727385805
5.879604773409153
5.961764099534976
6.04320654512985
5.969478360040168
5.976823134628242
5.830578398131389
6.028039751783527
5.981656169715124
5.741635212944446
5.74343289622018
5.659988660407967
5.408066555702321
5.314369557117698
5.442920072929574
5.339799681127986
5.638969493710748
5.704583570813142
5.907886949554088
5.73900530830482
5.668653488493862
5.843114694628989
5.737485880296235
5.777410056776345
5.816527464685404
5.769967430304965
5.709981890233986
5.826303440151203
5.525954666270051
5.361433939075063
5.601759570050325
5.760229350659218
5.531287843553978
5.574327155499934
5.767201294402214
5.7250445452133105
5.9350496511257615
5.998866273395961
5.752152839047153
5.7850545506904805
5.994155009010692
5.816582250996821
5.846325714814452
5.927287889299555
5.8683109487867915
6.00242321587915
5.949504842614995
5.976584250407309
5.919782947607407
5.881646951497396
5.9806620224477065
5.767135807762625
5.905004910259573
5.981463435309303
5.915816754946465
5.770023803024564
5.661441721028559
5.83847930083068
5.793371774923683
6.067568569377481
5.893362152615245
5.73054850852361
5.866421869285972
5.762650788687202
5.91833346545169
6.023665930434486
5.746744802439016
5.892507203495787
5.928835116422702
5.630096690706635
5.749736789193031
5.782996992472114
5.891138030233807
5.648115584673375
5.5674980625768695
5.510405824361761
5.347090796107281
5.464241281978779
5.604537241771835
5.6164964643458815
5.9372409297523605
6.088997625093741
6.059961545782384
5.987726268378042
5.955581669274944
5.7716873019830786
5.799530357472369
5.92447798607282
5.647874808173694
5.787006428804024
6.037902142196119
5.762309827926349
5.798308878126941
5.812563421999338
5.87422630677571
5.913983853080145
5.629045523893748
5.867381659582143
5.883350008920549
5.824055110467512
5.802435067162823
5.805886072102621
5.601127664422119
5.855394069110615
5.778086875830535
6.151540546740999
5.96199510110947
5.992564069632441
5.8642512064828995
6.03378396177654
6.0171719456438435
6.006455227887557
5.999618544007192
6.0846345532550234
5.91718914495006
5.427013040158522
5.285488559888009
5.421607057128744
5.613515498611352
5.688703925584024
5.931557411819866
5.885247957333903
5.598604953485646
5.835208000213129
5.88792995328779
5.91363710674415
5.843839308121284
5.753943823471692
5.969211723758176
5.914203788457127
6.03457085744567
5.97503169217281
5.9341830075098745
5.89205209318216
5.555321604219512
5.758738727375841
5.901863880342707
5.986310475342906
5.91296888963151
5.695276463215432
5.855961091618193
5.84668187130033
5.881106745752199
5.936663496436412
5.918414945871284
5.797791327444314
5.968573547656517
5.914771786769916
5.968802588946105
5.67809982128706
5.621220648143908
5.878585603637501
5.781895658286646
5.812737733170866
5.635867330852518
5.5413121775589405
5.874146961119452
5.782231031703548
5.822513595405342
5.914993926352123
5.738401451263743
5.891117883731683
5.872744615196028
5.882772379097821
5.622042868279669
5.734618496262267
6.0075672039099235
5.975215436351647
6.0529171973607205
5.899516924931509
5.878894757478491
5.6990093881651465
5.881982262926243
5.7576556298280215
5.958942870073427
5.696730086219323
5.647268596599707
5.773697222307395
5.901907913890038
5.611457948469169
5.8299373321208865
5.945981057882267
5.901654853335922
5.872903380610235
5.5913232864772535
5.598956347475704
5.641578338643503
5.6348766333765195
5.882353261755949
5.6766644288667365
5.651815508703551
5.839812920258472
5.773206314679871
5.567721249182918
5.388348662667946
5.255460078243838
5.480540837804959
5.6396263915011025
5.495409330697655
5.21402413677168
5.387130679074323
5.317837773415724
5.21976527109134
5.365276548672955
5.499334471479378
5.671855168079293
5.489727072702633
5.23364120990257
5.517131296726262
5.715831471496
5.806052082327199
5.869771046242733
6.000625965274981
5.792043124188163
5.69094597869294
5.969478266416905
6.004664637610136
5.7562381820281185
5.926387506608927
6.078146987687951
5.934033657245196
5.8089358505054545
5.606718019534729
5.917929900126493
5.656775298743669
5.645441356887796
5.884904688725975
5.7108738676293225
5.6509905916118175
5.659608322772877
5.841209342110464
5.7611280225861305
5.649190057299505
5.806868976176804
5.638411389432406
5.843986148869158
5.892595753926978
5.767694767304048
5.788984062911605
5.909326735080123
5.909814612958515
5.796104538271001
5.5411121857919685
5.495628330688521
5.655521246727693
5.840529566052012
5.789467736840065
5.665590758370722
5.77509292320015
5.925885002330456
6.082462799714806
5.7648217640788095
6.004939061904712
5.780029530116961
5.67425578589377
5.861258709570924
5.87279900532133
5.570599337307792
5.887246283788327
5.901021390001801
6.038398054820422
5.7551303652384105
5.79098073784716
5.726457237492015
5.908690198005644
5.897765185924217
5.78399166267333
5.551501667268491
5.970472597135693
6.020675447184107
5.99030762222192
5.9392693229654405
6.0390578911990485
5.8906028956581125
5.575024622174738
5.785286864921105
5.8547208111880265
5.6420876069428925
5.579367595261976
5.494733529579226
5.1791721333500105
5.2224778188070164
5.178423873860855
5.25183699292175
5.193956075994004
5.694718086269776
5.7289988827257785
5.52345529971292
5.514913754893098
5.434158547751225
5.590422978529736
5.625017285943511
5.407471065870792
5.553564928098451
5.361726215103975
5.267280653928471
4.918725274611285
4.8206651510516245
4.647604470419749
4.898411761503537
5.122721292485984
5.222956643403838
5.260883350419623
5.566182359528422
5.682753281936881
5.609400144953453
5.619371790260638
5.593157630049879
5.387272889212336
5.577249850600664
5.642685096102625
5.737712224031162
5.898818638063394
5.871150503521415
5.961280493135736
5.881031251727009
5.89960403462093
5.8919377394755035
5.639561464015181
5.600893727332672
5.629792226043383
5.812080531832139
5.82006493524904
5.631226842104995
5.708347883343488
5.667526945713116
5.8515292521333695
5.747300451118479
5.486949006041636
5.514581706871348
5.160660445872246
4.951006958199988
4.885276084295202
4.9608922340490205
5.329358136930114
5.251003040843175
5.428065051287375
5.336324738431683
5.433419480362201
5.6731044179132635
5.627227089851715
5.498761158791775
5.508628840825683
5.127435745849757
5.509409945002652
5.675877996586868
5.720056494035296
5.506083763306911
5.830797029475493
5.591182331700182
5.7633551200426085
5.6101473784118525
5.400999592084284
5.379740284372141
5.415665767434422
5.3775311857916215
5.65882796162469
5.571288160811326
5.518333612561469
5.4665867275605375
5.470325890374622
5.479898766474516
5.416047995542806
5.05664959285755
5.3254661193656165
5.518117902582725
5.303889380168177
5.295410732986563
4.823312634756555
4.412031565784259
4.729461105611555
4.971370268281565
4.983559612066069
4.982213072526553
4.505883024486193
4.810793690905812
5.214151916674
5.230987431975301
5.131635233311999
5.486511198766488
5.6986471231488665
5.7118719793008035
5.51546458742185
5.237961668873889
5.3997123198564525
5.7266859570998
5.67769325071823
5.398768053214325
5.558871936616191
5.686843497051884
5.512886027118951
5.48718356565536
5.415119021453832
5.4262835153296605
5.7235359615213195
5.683886412757632
5.572016015066504
5.643082830415642
5.492574281619893
5.4280976532424985
5.715891078714878
5.60795987700943
5.68921487108476
5.693937790575975
5.6490354487225245
5.596360534598501
5.601375407857455
5.3598509030722905
5.363130576387249
5.614243974943247
5.255042177443643
5.3427917871023975
5.192606739694891
5.371385660796175
5.080711900428263
5.227088409282381
5.316196248514096
5.60183834727016
5.525796318781903
5.531155407541236
5.521139069250726
5.397989810063757
5.476625547544262
5.392355897190507
5.632266843389884
5.76646536543228
5.757898012191835
5.702557146363243
5.5888742565416765
5.589126670730586
5.5743379512886575
5.525934718163586
5.290155266598277
5.290162798337023
5.609532233375579
5.54439365201497
5.3705639635460445
5.281905517488492
5.173446454532928
5.296216464475526
5.23144102510888
5.191193050253423
5.574265841049124
5.542831987097616
5.737213387210446
5.576772379633944
5.466664965498852
5.736673541819028
5.7531859310725535
5.8399896909601825
5.879967133009354
5.766846275038796
5.733801642011512
5.757031394718385
5.838180989636636
5.7540985674939815
5.541529253376395
5.422774299832758
5.445461671650621
5.674948374262127
5.688975877609697
5.698175450920752
5.936830350976306
5.87129313717184
5.742384836614424
5.7371087303078765
6.059365566389754
5.825188885359163
5.867929296118261
5.68493110171387
5.768418045847068
5.912901563438688
5.84363869516825
5.853441531887681
5.730738215921888
5.716769416184874
5.657673697480666
5.2772596310319795
5.654871661721913
5.705318779147087
5.953253349897042
5.9047307368080695
5.726621763631553
6.103166058802435
5.865048196090943
5.936169715637395
5.988525686887009
6.026622120584811
5.756488379090908
5.896318329815754
5.95554305389738
5.828591247780831
5.632331051234523
5.423620084265626
5.613260806798754
5.9010736434553825
5.860913695061543
5.6845744099986835
5.597203137444687
5.665267839199319
5.351939240936534
5.280388788703171
5.405321620369205
5.387373131458114
5.754909890557379
5.9284000132823085
5.600710415553268
5.780464613113469
5.723088000364436
5.921125045707993
5.754905804466563
5.758855521384644
5.940302034627796
5.897804095989521
5.977257426228574
5.855662227093497
6.021812571314959
5.95821162192883
6.159989990781338
5.718782993575294
5.919693040491422
5.898326593152978
5.800057660183379
5.730297355685494
5.955703458657723
5.935677745399249
5.8821729701795205
6.035637397490828
5.86960160987108
5.819612301598968
5.807532656609367
5.933485290831752
5.8067773950168355
5.794350631354371
5.870709386073898
5.657383732381923
5.591171411170061
5.049837568425684
5.052742570744246
4.8415233457777
4.985030262237268
5.133990270411877
4.882712879536418
4.814854263793487
5.006285781483317
5.116735861437715
5.29461487083135
5.089316440364451
5.390986738224001
5.38052867534188
5.493903245309189
5.4681633512731835
5.649756211321249
5.8651358770109825
5.932289747163159
5.993840083814694
6.096060877886229
5.904033401450083
5.831351071874545
6.119910058908308
6.0147890684985885
5.869964172855569
5.727448644272657
5.729508933828103
5.573002535156406
5.73184944424681
5.5837830339867995
5.7086612140861615
5.932433326476693
6.12692099736618
6.0546172981661375
5.860608647704408
5.9123361526061124
5.867699123319064
5.933860386750588
5.701607532833934
5.69705438394341
5.816197279753144
5.607303615330371
5.491559675115717
5.760004630624219
5.609729021632456
5.575694862827348
5.443412264595911
5.594169519083176
5.512098853554322
5.49118860592881
5.717401958364558
5.770952461704267
5.729656905267609
5.511454746162242
5.675158728157835
5.490955918853591
5.3798364687183255
5.291842332514226
5.41906800884244
5.658081845400013
5.641524455969815
5.655361864999082
5.753850810004762
5.591758071639978
5.577367148510407
5.699202929966548
5.501090857631999
5.321284020093733
5.237169651873903
5.507449767845311
5.422376685318612
5.705671987857133
5.7238005594006465
5.9295665390946315
5.933491910944559
5.949323905574604
5.783097874595202
5.97053094892963
5.963268003476061
5.699331941301106
5.702481103663632
5.646496284800916
5.430254439929624
5.630811914349588
5.476588689523387
5.708782568778709
5.732773105321608
5.966075192934587
5.862259095872592
5.73183587782386
5.919132045400879
5.975115228198011
5.829378963036312
5.623835449680636
5.734583880656628
5.630253808041531
5.833707652823918
5.885270819050758
5.876844930769221
5.746843491973309
5.702104977190574
5.639213978317743
5.820895607802029
5.792021984831652
5.944271216465337
5.858176415613479
5.956255243571986
5.887873690937214
5.8394640950109435
5.890765156958624
5.986313873031908
5.86670687668099
6.038984373708978
5.927965806077007
5.865348779419063
5.895030144490976
5.634691857088319
5.653741924419512
5.6513065502848985
5.935228125897995
5.918154253257417
5.862860675697883
5.841339456753291
5.8746698864925095
5.892624814226592
5.960518027404645
6.020414953980371
5.63164015628484
5.983135495589369
5.83224429472048
5.9788440958500235
5.922134384957362
5.904054948954626
5.850881424766672
5.792649420057678
5.7349049042922715
5.511759206786168
5.521162846084614
5.709782805388075
5.628634224750323
5.580375951291588
5.808525958168895
5.8378554749157106
5.7414704577506415
5.456831143775368
5.2952084212532755
5.555599843196348
5.640236413605571
5.957175039220712
5.888017273747827
5.9105621567305215
5.865328046083996
5.845235169266081
5.649204447828239
5.754604997018738
5.725168329764718
5.703980313402243
5.782865837488829
5.77346230900156
5.891602729367451
5.98067909983656
5.874617572029238
5.940626066272889
5.892096901190041
6.073254812136716
6.019262366142385
5.87464803340215
5.939068211425583
5.923703146124581
5.842819005242253
5.84487652757916
5.9177946917406015
5.885548750916921
5.687439978890725
5.794339580690293
5.840510206132775
5.9476445220141505
6.048441300549503
6.061346684102004
5.928022067690781
5.9878838698466375
5.82837400905629
5.8053928917735975
5.514442492453125
5.9398085369903
5.970664197742474
5.983047956435017
6.012237998337559
5.716822493090331
5.833373011224492
5.65033129030235
5.538166798153031
5.802084665141556
5.713322767114411
5.538068275235924
5.519518403502727
5.442065130550981
5.410811175382172
5.629119599196967
5.633733044801777
5.5702651285389075
5.801399835241225
5.792965181777592
5.507884017356112
5.487993634824464
5.662203743300895
5.859968067275501
5.63637896272774
5.773208586511339
5.530032576079225
5.442486115316146
5.668325812987801
5.5963799376810375
5.760689140194665
5.831249099518709
5.792577353665663
5.8999881965164604
5.658126312496381
5.821208006749222
5.7414501642862295
5.80153638080058
5.883638210443218
5.933465065670925
5.880495337833621
6.078104002788772
6.120288993358603
5.9488537026598465
6.078393760231354
6.020962492315176
5.934106146005352
5.99933619078446
5.782176426498742
5.98303612892307
5.987448837519205
5.855760136590673
5.9572836930498045
5.960762814767273
5.690373972820426
5.828536281278682
5.967987067674865
5.951717568002711
5.9187444322024465
5.804921578602422
5.390151843057543
5.526495592773612
5.58633470308167
5.317741962915781
5.259518034105407
5.200010601768048
5.241022162643178
5.257336336835684
5.1161116404031155
5.592620923079686
5.751430119609902
5.756587741426388
5.558698550917478
5.764935440550261
5.669963659087552
5.952246178756035
5.983674300550649
6.029936041786
5.873345731273481
5.796563512043932
5.8113608306355236
5.9067083264960925
5.939029091601547
5.82489131033965
5.838090279915879
5.854486711683016
5.826861888942088
5.898930896830732
5.806036176636601
5.949611875379082
5.747867048062398
5.823198679537244
5.704454015458721
5.785241092858415
5.849604289118948
5.7029051253377165
6.033362290091246
5.993060281762071
5.937680362615553
5.925480273579442
5.9852641023130015
5.983638156496487
6.054498890934996
5.930213145363743
6.0309144579331875
5.777970154580094
5.737203935892909
5.707192963896406
5.736650101616587
5.934201265177189
6.03668351091912
5.768993787115042
5.859144980910367
6.063481446319331
6.10367358530785
5.865160820753557
5.968975532874919
6.181315524482746
5.739684125359422
6.0655434720598524
5.792893718790191
5.786953527568542
5.990315747131575
5.909805024711968
5.938280246769746
5.791216860485217
5.656466036754774
5.861603149710181
5.794823855158685
5.843036154847025
5.6151395178258205
5.8869765035474675
5.799653811284349
5.894002876781303
5.989711435482407
5.997991984255201
5.9183174087500445
5.949163155586847
5.859499210517653
5.806643553629992
5.916456814743836
5.998030069666951
5.79803550034113
5.50639983602246
5.448304178307282
5.4049381163006895
5.49409992123285
5.5277488609323155
5.579480899662211
5.720550596666429
5.933290101117774
5.896881541719578
5.8460267971322235
5.764955815335384
5.6155469329594085
5.576731788337197
5.602395895545234
5.541546657657361
5.023555876285018
5.369699078440631
5.343879620070619
5.413802546748914
5.452333579283841
5.688734830598181
5.533242033264749
5.50168141903095
5.172763968611464
5.405198755307102
5.30461428510194
5.232582422293129
4.9778376917664655
4.9260508929692115
4.924852158313823
5.232345231812313
5.46783127074332
5.659361760599163
5.501578313710148
5.657152979740568
5.626810026231537
5.648644810274038
5.627825433266338
5.718257875235383
5.737716995632924
6.035760945781539
6.089403940166898
6.086281771062665
5.998655113592706
6.021843075891361
5.977961888010542
5.871409203078569
5.660460729933003
5.747406736816481
5.516077291609248
5.676919590607018
5.896600037009057
5.680805083605203
5.371766735327142
5.4466840790162765
5.186231072998938
5.09027580868918
4.928994774221586
4.800619671791191
4.883936889581991
5.040760671277953
5.053802239818973
5.375307432255294
5.534859527950194
5.384149254991669
5.269088301992748
5.517258403950884
5.705729073403605
5.776014403433953
5.782044965819074
5.743088669786852
5.777473265447237
5.809902135807929
5.852031450760243
5.946691926923569
6.021650699154622
6.0359709389215315
5.938833826765345
5.9411691620557345
5.767598920982033
5.691976695580022
5.878508628354794
5.588314025146904
5.675531779760762
5.63255212256954
5.78621020165141
5.78084373572769
5.4699743396408715
5.28857089429427
5.388505698179197
5.409920545570086
5.823685427414212
5.907019220556063
5.900918615625942
5.884362981569531
5.902790656584201
5.650407887490159
5.844497878998462
5.797873129892271
5.929268527870543
5.726493189177193
5.981911348397967
5.870096377044713
5.899136539766904
5.823413536027611
6.071353963647854
6.0956995575343
5.853637808629133
5.9076449083784395
5.865922839573836
5.811628205809558
5.5027655261834685
5.903134895288045
6.0023408891525385
5.848812118561632
6.099578208329527
6.071338549239186
6.099597818908795
5.937581411188978
6.045085414319743
5.971942284110642
5.801646839816695
5.827652602168678
6.061824390736299
5.950973286673284
5.979495727532871
6.05612505721758
5.859054128491055
5.7509802621570625
5.869653449994585
5.837700372016613
5.7871314654281845
5.648013528546518
5.826093923585605
5.758472137135125
5.809125728683005
5.857936085219682
5.81583054368937
5.647678815177431
5.735120347245151
5.739932209381732
5.314350739482167
5.5961426511838654
5.682866783051483
5.652554687836398
6.030027851219285
5.930449884015143
5.667194149337134
5.836760751302871
5.966403313092232
5.812430642884536
5.624308420559511
5.932381618420838
5.783559314668935
5.453204534667409
5.887016653634983
6.024633698181836
5.734769145817944
5.7896885740013015
5.918900375621937
5.867304388205589
5.887741746731559
5.79594956765927
5.715286907118598
5.814087785377087
6.016299080987296
5.961965671589325
5.695211467463847
5.90727393240886
5.839286489866376
5.825019063180944
5.72726978474679
5.56699060684511
5.753811415784104
5.710169482990596
5.635031548037504
5.5589093522156805
5.555666467778562
5.696013982183443
5.6461687176499655
5.559169535619503
5.650002257395111
5.500834135172967
5.658011962502644
5.740161393759106
5.803929480734082
5.874382638149069
5.76288087943158
5.73117414698213
5.800140915372789
5.743278454620544
5.499895086121976
5.56528987400428
5.7486401837278125
5.367607047305517
5.264655307850831
5.330344833531372
5.334123006431459
5.558555418362896
5.817248855423317
5.6635205261895365
5.961993631782964
5.8612475012468845
5.64327593583852
5.518915987365713
5.68764541958363
5.899765233964982
5.692031555293612
5.525930990222716
5.445853856994459
5.160299102174136
5.38386184723573
5.394581040519164
5.272105245944315
5.287460031379824
5.5944351843876765
5.578486485485132
5.5289559335650225
5.270546355206982
5.175698783907109
4.831117216219498
4.7711543404785255
4.704009316741354
4.523225090806069
4.557008115040259
4.396980748651285
4.575986808185773
4.55754441447952
4.529996603128055
5.034136284472515
4.9877075923052265
5.0889863304424745
5.202746200604647
5.521608688241953
5.566856126166748
5.787141968019084
5.531312660112583
5.751477200831145
5.674840545279631
5.751113631222234
5.402642895721533
5.680982929833806
5.335924501729902
5.439046222709347
5.10927778275457
4.95902670094403
4.614083507645693
4.805766191879167
4.809837404895378
5.1377290640480355
5.208729820310678
5.274620026505576
5.1201345976171195
4.923077910973197
5.186535829293848
4.982126706847728
5.174468395394996
5.150541757230127
5.168821865464572
5.315343015921328
5.45046408118233
5.4194723325591125
5.400836362879757
5.194014493532886
5.203753343870524
5.190280301779591
5.28554230861718
5.539016428623467
5.322904191805506
5.516853383327962
5.5655946873813145
5.64473062873885
5.33469209221945
5.122583939849461
5.555529097993426
5.621239515160255
5.671878003896415
5.462472973187447
5.270466090858706
5.353040619201524
5.127023093861775
4.96327186584722
5.015150359427094
4.951076624500364
5.222212865089732
5.370967221785381
5.446859962184733
5.391859182365221
5.1445410753415555
5.042660160557989
4.895655022423865
4.653542574337893
5.118628782941474
5.304150891770478
5.5045826702038125
5.6719779466162565
5.507486026101155
5.390304663573824
5.618242784126137
5.429873943522622
5.688971827148922
5.672842515177723
5.69120841007566
5.598966334661874
5.26653605033921
5.568341912702342
5.7063841626754215
5.649610372921106
5.627886761603414
5.575717889483534
5.1580073824487735
5.409772465428394
5.263475991565173
4.768938079869042
4.757529595836369
4.643412899781855
4.426404837903263
5.046237936216807
5.368014636405036
5.151109906272598
5.644719414090856
5.569813878563593
5.246417885498074
5.491883685423843
5.616143504248603
5.554406356957294
5.66675043269016
5.475817887508101
5.302975209315592
5.376392583208039
5.520913377239609
5.406550062335962
5.308798800818861
5.267068061636407
5.36163844345341
5.2155116142250195
5.532621784212616
5.793113875430757
5.7502502207273505
5.7400289153694475
5.740247989230672
5.858313921989238
6.0882505635732995
6.050292987273013
5.8841413988114155
5.523660079341852
5.588022693897373
5.652238693867312
5.9954404205315734
5.980764492132208
5.9019341621025
5.619859214588763
5.460950293605276
5.6151967949417
5.793873747703929
5.817917607865988
5.948728461842576
5.7811486115734745
5.700749896716112
5.785470696230533
5.811866765720561
5.75982298274292
5.683825638434895
5.82424391918475
5.922535103851895
6.051228887779859
5.790597948115542
5.97579047510411
6.044408563821778
5.95200617141506
5.919636724481647
5.982638888370191
5.859991014968207
5.848594344865407
5.804015784187135
5.786970566445178
5.751552818757721
5.623365022682646
5.612368039798531
5.839821819173014
5.761705264298911
5.61716642460436
5.726435730364493
5.62832445565139
5.462901076537324
5.244392111431433
5.243995737296855
5.274858440386855
5.194762162393295
5.137686372332563
5.132908702501482
4.988384840371886
4.917367026303853
5.06112318640398
5.000834348771354
5.334106440402105
5.39279963554244
5.317374744021812
5.418976183302711
5.615105742428241
5.870078789169615
5.757995039745179
5.814636445305238
5.938511045772327
5.84713314226448
6.032098037586004
6.085290817070182
6.1635774074164305
6.07187435738912
6.0548180564193235
6.052504104956697
6.137850355529746
5.93439042440073
5.954898459641733
6.016706073141799
6.077697076238633
6.029145755226354
5.83621238802891
5.8106505181422765
5.93568368194461
5.976070259059748
5.7181517684032634
5.94848097922865
6.015671889765207
6.080986380512232
6.085368145226092
5.959300292136225
5.905546073768571
6.035576249314309
5.918659025593341
5.923910562449197
5.624712977885333
5.933831483341029
5.964467967699372
5.994937111762862
5.972328880491647
5.8553407044115096
5.632171600555519
5.894505130054102
5.871868243251309
5.988863432606612
5.899630581181178
5.614891270786622
5.7273711626757855
5.543730860744476
5.28046472912046
5.561653506276835
5.811040769059686
5.794151682341247
5.88384474189978
5.687703594420126
5.606758338451697
5.920922699002553
5.834175483080635
5.81513058205593
5.413111615606384
5.563458448142771
5.616613728075313
5.67916649291886
5.664485163550364
5.76380622490851
5.6817748888876185
5.772433620906961
5.826944205781539
5.854462841441209
5.783703639211002
5.790820428440261
5.726231276237257
5.794211778263915
5.8517895713826835
5.917082284947521
5.7324962599405
5.903539563859068
5.89604925062876
5.828447539083247
5.828765313848365
5.896762437473276
5.700463849295446
5.952747899500848
5.980648682028891
5.837849541577985
5.990021015764107
5.977543704437293
5.887345103169049
5.826788057890161
5.963448448168066
6.061587413286302
5.949497861579305
5.9580730041901155
5.922698498519514
5.632260265529631
5.703460600954228
5.946399948212287
5.869689911144903
5.837170382159044
5.796577482868182
5.632446619931459
5.762334552032018
5.86695850597651
5.8893675708586
5.8914101044156455
5.762611378302376
5.7435523207859855
5.7522918789388795
5.992398730653585
5.915153848421217
5.864720200121999
5.87152538725835
5.825319497899335
5.796293236746051
5.912631260768494
5.8766958063136965
5.942550344188404
5.76237210246866
5.97521527335825
6.007059994516743
5.962490920526025
5.884852042029017
5.989915771323345
5.948213131133555
5.875110051461208
5.94781962754123
6.038911581343496
5.893852177889562
5.775720883728381
5.827488135772129
5.97487524121983
5.853903167979155
5.941462595732453
5.923548538964349
5.837610509997312
5.970626116366196
5.8915115941186365
5.97770224917226
5.984773085961967
5.886724143163971
5.947536335662901
5.930905105504104
5.725759472966115
5.852299710274432
5.76023860062139
5.670361365291231
5.792165386792167
5.79872701280336
6.011836467668957
5.919565158118338
5.87732788350516
5.813500110141497
5.783513229273362
5.710413980919922
5.582565203607511
5.66892509271704
5.778372483056766
5.852032272633346
5.787062095238367
5.757434301971116
5.855028379157358
5.860697747404825
5.736212200993813
5.691901869117092
5.76174534838619
5.713751902108015
5.930627106568219
5.922238015187968
5.797149060510157
5.895378104288475
5.906132840211528
5.75162245878622
5.971594652156562
6.017759723918191
6.059894041870221
5.88804206893788
5.903330911774828
5.863997290402018
5.94919304396407
5.962461979775928
5.815415275897399
5.982071892811146
5.890594012048097
5.930304898992256
5.648029589921691
5.536293602276038
5.532144445576249
5.457596578350857
5.423199311137864
5.584283912676982
5.538148381271298
5.660166515936981
5.644485365669533
5.398835551360681
5.608897671873008
5.622140942749906
5.595954108276983
5.687580270412596
5.81981272166242
5.782816196844479
5.8564565994889834
6.067512634988715
6.119502807851401
5.9466683375532154
6.1044588793219345
6.050893964792752
5.864863896765952
5.805250579205932
5.986011211546879
5.918165978246524
6.028282009316756
5.923567030199642
6.011515299578482
6.061520009380348
6.064572416933214
6.003103474479208
5.911548849421743
5.756618715879675
5.748866868775535
5.818061288375394
5.916610256914102
5.896660590774358
6.037876125570608
6.104944708855336
5.876331350155146
5.953359871837549
5.8245265921124085
5.85344571478352
5.8997806054353985
5.842809963000015
5.7954512913461596
5.9254166704292315
6.023254615210972
6.034895953746116
6.021664144248303
6.045840541859436
6.0883770743304195
5.943920485697804
6.034063384144977
5.950797482783576
5.759320439909873
5.999868379464588
6.127324375505701
6.10907296373
6.10178966806856
5.9984478960591465
6.059726809045645
5.917380213138406
5.765533902189052
5.846152444976252
6.0745658571041
6.056795409899477
6.163384198134695
6.073060863300567
6.0577616968213395
6.201425651338511
6.033577413869185
6.0367458710714335
6.122301330499525
6.141372193895844
6.001621526698475
6.0377359601268905
5.833085632304998
5.913481426641588
6.019196378620045
5.82599492327722
5.528431013910778
5.663112979541334
5.840204865222644
5.658645119355468
5.817705445728516
5.782638305161338
5.717382101530927
5.830797644701869
5.684164329208892
5.884849610331979
5.923509488544838
5.726334592136694
5.797181610728169
5.789656839481819
5.960360718648966
5.856846303832603
6.043817138560711
6.029874355427237
5.985857951579573
6.021068960482314
6.04267987141684
6.137859003556799
5.873248230744675
6.023585118430304
5.916896291126539
5.910312028311511
5.8126630861334165
5.867776283599416
5.796425755961254
5.972055074074243
5.883691180538607
6.006337320899775
5.961444354957975
5.81699433769659
6.090779581819584
6.164996664439556
5.992116868462524
6.048020176803457
6.106289996595918
6.019191990070364
5.967740802692289
6.072130456552877
5.899590678694096
5.854324161189047
5.992463581152842
5.886028051250406
5.953413381365827
5.8362926959584165
6.105995798048413
5.888587767767239
5.993953522827162
6.093889350096353
6.0123786887073365
5.869072540136618
5.899554171689019
5.972066310281695
6.082720752596541
6.060207287184857
6.0858778276277015
6.071023755601732
6.116898465236504
6.03649001506178
6.160028575359428
5.987142203793688
5.985893866515734
6.152805125078059
5.760427638683427
5.969085147527004
5.9526314466505905
5.695310581420825
6.027341273864214
5.986284622907104
6.124313692595389
6.0186564898848065
6.056348135578409
5.9151304227989625
6.059184167309617
5.98321102727183
5.831833749944188
5.8621747179596655
5.864367126120395
5.755136076203233
5.26035599992322
5.33452380013901
5.627868429660089
5.670600293534693
5.337432825078219
5.409789622514737
5.493920369381104
5.420111132802776
5.055761074580446
5.366546977500202
5.53509946996583
5.680559354546764
5.788002149251663
5.773257147719387
5.640669005134008
5.829704638872161
5.884587559893772
5.7342855367303605
5.919698222788698
5.932412069918658
5.79529887556315
5.921144672297688
5.794079344257736
5.532149922504961
5.844200764175836
5.720989031421266
5.839427318775603
5.81903834905904
5.902080218151534
5.907541520513159
5.87622030549425
5.790851553599485
5.888988657573253
5.987811874648649
5.939158745511167
5.966616585933998
5.658313351300283
5.89858908013331
5.857114302686566
5.821748831981639
5.584138890884768
5.586111192312025
5.739373892651547
5.8564011356195
5.826152045299464
5.926505791725442
5.836584404762667
5.872669670163321
5.829176550174627
6.006333955422875
6.005113785494329
6.098420278163147
6.04195637322145
5.862994198819886
6.190201747367903
6.1111061252346754
6.12138950771642
6.154917849857821
6.1625629721251585
5.899978800772928
6.168355680271773
6.111927113947596
6.094312168976883
6.048448074917397
6.0130904456466725
6.044082642361364
5.972713175282158
6.099752194951047
6.061937698838523
5.938082542376959
6.158627448186075
6.071737085622992
6.01196509934824
6.173857324677542
6.0195695718559215
5.957178239213919
6.086620262647128
5.98050966832955
5.996977071661002
6.02180136210732
6.014293179860707
6.02065597033255
6.177240681144527
5.945324409219935
5.980807176545244
6.019648960257416
6.065554520297215
5.685188248011688
5.8344100447300615
5.720761176839353
5.593405718412308
5.3631102795201695
5.683611254153516
5.82969245210774
5.749082935901719
5.964317589666374
6.05280632503712
6.014394622705211
6.067429107231819
6.0153748890277186
6.0167423775756665
6.044341887005375
6.011832875416829
5.983058221765832
5.986522944435786
5.982369362872466
6.210644862125773
6.100388184621979
5.968878393488991
6.180099818669443
6.062902808786554
6.081600936445613
5.993444903530748
5.94277300529386
5.966624124640672
6.0761774352241735
6.12502541154012
6.1796810305898955
5.722374689568435
6.1348791843574135
6.071846850423722
5.63482824360874
5.9125171680561035
5.743117832341456
5.775727286684302
5.883360403859427
5.997492501926592
5.880908852213589
6.088168349664267
5.9876958591782214
5.93682514857626
5.704754950245956
5.186205317371589
