-0.1981918373962041
0.06744193946430695
0.30554625865959034
0.5730931502723849
0.785421601664551
0.9522832957885601
1.0287962043830408
1.002918159723623
1.0153072507476326
0.9672920823322817
0.833698991350363
0.6924264423210047
0.6372308830931495
0.6028832975057269
0.49521300387264044
0.42406794083639476
0.4951055644521166
0.6305154636723639
0.7101092498356455
0.627258023402836
0.542489351168219
0.49097302050690417
0.4925442073588798
0.6145166025314972
0.5884091500008051
0.5183498741509837
0.4612014567554178
0.41571284662298086
0.3505463116227261
0.33281717601546446
0.19801317951605055
0.07241087342313607
0.1957447014409084
0.25072326350552915
0.2676795067919273
0.4671065415594347
0.6013417864714059
0.6363081713109487
0.754250480169959
0.9408843037692716
0.905574758000751
0.8432788141010462
1.0154949267221955
1.0397562096455422
1.0216994936444306
1.0665452631939776
1.2231292573783499
1.3974236705767238
1.6364318475686326
1.7836802365322493
2.0124821415243765
1.952306114827267
1.9901735768004714
2.0958606750907705
2.213377604984598
2.329003148985947
2.3842095818263576
2.3566418782949086
2.5009340356552987
2.735050132636537
2.7969991651568917
2.701429340477818
2.6913888021184915
2.703652784898206
2.809538709029328
2.774736790033204
2.650331480790353
2.583893964139798
2.673440761824289
2.7215327931848368
2.750527961706658
2.7323404689820396
2.744941887415879
2.77606236916797
2.840112451636886
2.762972914186289
2.6213607042253044
2.8682834631142775
2.999163292417917
3.044755860631611
3.2137235034919933
3.2299706954992176
3.1463450083210063
2.9801127618099748
3.0388366285579935
2.974974981995556
3.0209563991330812
3.01985060594147
3.013972166749462
2.982423302420941
3.023883326785098
3.0285903779718435
3.0472604112273927
3.118171275318289
3.247204324096759
3.203371961085594
3.213251233629445
3.1701247249074243
3.155847531867636
3.1029346958082122
3.1731533526961284
3.190304854098189
3.3423800862817905
3.290702855452817
3.279922952508961
3.301690625726958
3.3409825253683407
3.509693895723598
3.5965529204772286
3.680983397780142
3.6069628027529377
3.730882337822929
3.9313295800377324
4.1522181101037665
4.207851872368468
4.19059365551355
4.113713649853816
3.9972443600482
4.022147748820928
4.04534606816554
4.121477126061716
4.082444840569077
4.148796053732017
4.185631627145556
4.142159264734064
4.179284597753325
4.299727357277746
4.273403738171163
4.2244044154649325
4.300209526250726
4.262189579834071
4.207674902146789
4.130011346774873
4.084040320886445
4.044356152981271
4.036097927081206
3.8811931443850654
3.896927409727728
3.9311163847759847
3.9429180505292303
3.959397911431417
3.903709104894836
3.8674693870950434
3.9027585127094557
3.894608846946933
3.798296173882879
3.7123963633782706
3.527434443822008
3.547913776710314
3.524841010990299
3.568325556703042
3.6650743515659148
3.6960439625330372
3.699163282452217
3.7265611467310413
3.6724109635973985
3.6971638156756934
3.8467689862934433
3.8974416533814487
3.889252506915745
3.7242979395711906
3.659446040142603
3.7504687794678433
3.6084453345839655
3.5062714851921384
3.476947108440645
3.4602676557843393
3.378204746324716
3.278440586268621
3.2761426901276254
3.312899024317372
3.3179690442445904
3.4507518872561684
3.5445344735779645
3.5864078542704103
3.6313933793954125
3.6968230715044355
3.7432036121705234
3.796796367466231
3.772673702319539
3.7944054487020953
3.855434876681434
3.7963260495397178
3.9453783660471364
4.076656033330069
3.9904549760135017
4.017179623413892
4.0098087898673995
3.952029688995882
3.921423990105897
3.8270070913258714
3.8626776588557354
3.8406771960737776
3.8683477738873973
3.8307253751782904
3.8750619333281064
3.869324915084542
3.730728784764744
3.660772299375756
3.722700628962765
3.818176467018616
4.001044798574041
4.1011108099602085
4.123758672353839
4.082252095382838
4.016072073899043
4.034623006562495
4.059927724791788
4.037710348826556
4.026253968660305
4.090780748398334
4.2164882330817175
4.256453184356474
4.192279595470362
4.299880384715992
4.3034483725927455
4.210323790703255
4.088244279179797
4.0027774642464
3.865952520371828
3.9862492611617006
3.958668525110142
4.022599416074829
4.006472977727565
3.9994761556184084
3.9978733809966442
3.9953987736414174
4.0980844085717205
4.357376328978657
4.573570041848239
4.589958548486569
4.55986010764892
4.683840626238987
4.876402311607047
4.810664010180273
4.800772165571712
4.749197174011556
4.688341389024231
4.6424027981067635
4.553463254213872
4.648279377259327
4.631986021459756
4.595074721137965
4.550820732174386
4.529362287926084
4.573543362001681
4.699871170654716
4.865942505923565
4.902634254652469
4.6493709765662246
4.722415764438955
4.71072311973292
4.626384776911224
4.5455722868300015
4.537962461053794
4.5077091381911485
4.645524134358528
4.805195497291457
4.8635750614950926
4.87443782317283
4.969191598286028
5.055882710240544
5.129957506609042
5.133834690407043
5.2394606017367655
5.33090436216022
5.215639100572787
5.185730188967918
5.040984993824297
5.006177533077621
5.006147360015523
4.979917529911159
4.940171048190744
4.920882724085641
4.979801072535565
4.840070313405002
4.694534348344008
4.697121239857072
4.778804659093031
4.6770957086056315
4.672835638205295
4.814927650793916
5.070238191587764
5.12181666457942
5.184048921661031
5.2322693358929655
5.197494804077433
5.051104853690632
4.982033518914559
4.994483154199599
5.114163145698179
5.149886474456777
5.203647603477465
5.203832660111475
5.1982153024259015
5.09212317010965
5.175594144237941
5.191925829470112
5.27241588114064
5.305092057563026
5.360352609648739
5.359751098705839
5.3731083236214445
5.315162377595755
5.367892123085553
5.475654023965801
5.542900839850766
5.443237639104086
5.3965629024599435
5.344900381647573
5.301423930532934
5.388363433343347
5.492502067795559
5.486987807073399
5.450578806141439
5.393333249750243
5.434338802038625
5.523719902566938
5.56919952666419
5.769766662796423
5.78631087116915
5.714045909929
5.642006718244974
5.713098687299831
5.638707875895409
5.477922004568649
5.508552317209917
5.464345217906158
5.452237955857031
5.552905206535423
5.551766732064919
5.686557008151911
5.741483687000225
5.781165920861799
5.8155460005062105
5.875010864257131
5.848491338185381
5.866585881874265
5.861681284322018
5.71605314820893
5.593975185670606
5.670920388756044
5.606108327393217
5.58206883404692
5.4832841403392125
5.4945033348578045
5.457809366053839
5.48290936228555
5.310335099175356
5.169927102178804
5.224623452962166
5.192806923363295
5.078576779093302
4.958057468084946
5.002787142492357
5.014977690827878
5.089376951803575
5.098383440539825
5.136944307230859
5.238837785939033
5.238033624424974
5.1336776507748505
5.1463346885945285
5.205525520320079
5.15914237131077
5.269835924255256
5.346875921885386
5.316030984319486
5.300618489326821
5.3567021500904115
5.35949905279955
5.2511641447122175
5.159614393469158
5.248547345929916
5.222676214159833
5.094058973731924
5.195025981052458
5.18875384882401
5.198805683088057
5.148717873165022
5.140079748804499
5.176769336372403
5.156946723625649
5.1550285345561395
5.130354644311411
5.144567637687783
5.127475156706951
5.207029924630665
5.233401975384181
5.274427629553117
5.287684581827883
5.19131526742603
5.177053492177851
5.205490443252187
5.240068461947053
5.205903302922584
5.079266124568896
5.068954428516683
5.083506823146852
5.059495027148798
5.112628555283457
5.172647254538923
5.25698043039979
5.317894052514285
5.364410745689784
5.308083840823112
5.3171331097796
5.311031615262927
5.365468329456447
5.523202750959692
5.563846886127609
5.578358470617501
5.591668350313492
5.421321107490814
5.354622876157983
5.357123970739684
5.369962191292624
5.342111227192765
5.455014499227076
5.526822625705259
5.51087070246017
5.515342215759197
5.496832865578804
5.5648625033034955
5.538452246824992
5.503940489225812
5.625104365586887
5.677455130441254
5.622042389620629
5.6195764759251965
5.558694511641952
5.414997099058935
5.493098446069751
5.429960214537528
5.422775055092578
5.496024347728991
5.61690439276325
5.5934388869443366
5.700307142604469
5.688079131311707
5.742346560089252
5.782731618023329
5.846543591760381
5.8662825099703335
5.819212097071495
5.7280462207252185
5.696328159207546
5.71265279128759
5.721223810382494
5.70131242756636
5.689169755535113
5.6369424535875785
5.722022829094094
5.61367273855318
5.712578310215077
5.6963763730116375
5.77252262823557
5.830809647970828
5.853621569019573
5.81040098339
5.812373858898257
5.807113442798619
5.826898160309717
5.9800198145075045
6.042781250504086
5.980176054477365
5.957358912117701
6.0017173103060415
5.993951844632222
6.02793083623629
6.012138130691211
6.055476197494386
6.073626856037461
5.9470343457561405
5.731368466003245
5.698559717747867
5.679957382520687
5.637165407844934
5.6101103333593825
5.704465651644475
5.801513966930814
5.733504625660867
5.807176187341256
5.8953013724830585
5.9092837483121885
5.981530215842005
5.938902087065646
5.846082252436193
5.789621493902408
5.864743357517852
3.998045429105561
3.874731986968215
3.5740509505974307
3.4304105152133118
3.2450088947480706
2.9938820415410055
2.7849064774093724
2.6645439886990494
2.6422971674432576
2.5062723011976984
2.4430820753657074
2.3946478226634262
2.363485258892632
2.306303006208847
2.2380243713673047
2.1889696090309947
2.1743884341011968
2.1080303185495683
2.082817593354817
2.0422853068817033
2.045677200724116
2.175203686281009
2.274115432868685
2.322620765365812
2.262044477720288
2.1618218420997914
2.0402228848471524
1.9742541396457196
2.018568204042146
2.013262415049052
2.032306944493544
1.9924015189650226
2.1078671669526323
2.1840194079184094
2.224683775273129
2.2929362289552286
2.387127653576061
2.510928873405108
2.432933267528507
2.496573205771961
2.5144344208578064
2.551498861660382
2.5035406453208866
2.504519427665499
2.4784627286174015
2.6512388078884306
2.861276298628271
3.0303413245828015
3.0095318335077104
2.9185808157490403
2.8427126597739916
2.8409763809970503
2.9031998241158767
2.9369801576082817
2.898816926577148
2.8517330787736443
2.905560327596581
3.02979686136381
3.079397815741203
3.1115297654838163
3.0469571769355674
2.968755123020943
3.0070961782527816
3.0281066625167847
2.982180484675774
2.907741231645289
2.8492441606294245
2.8633305616587266
2.8423925697052628
2.816331399634519
2.873229519628881
2.8804031034121453
2.9001740160000242
3.0087958352787654
2.9959568001060597
2.9883094835899002
2.887151654754108
2.7393614387502017
2.72022691331087
2.7656414518010433
2.845030264204952
2.826984697746592
2.630404334773827
2.6082704183156413
2.82488380487138
3.0321314015626966
3.1375086422727123
3.0779079723301503
3.002684042969821
2.920360773379319
2.8444024607218084
2.662131272637954
2.6794212190557722
2.6639938159074883
2.561835808238554
2.5274357603579256
2.561842679369371
2.707351961013347
2.783281001501475
2.775807736912646
2.827690958613277
2.822286836610675
2.7922724379845603
2.813695980631617
2.8130246617182557
2.7336125948527883
2.65249489530225
2.607578312823259
2.6160627344112504
2.561795192044423
2.5202022538608215
2.3454191563403204
2.504619948493945
2.6067517615038116
2.653663440059505
2.615457611351533
2.650060820746197
2.607217456009662
2.615846989001243
2.770291538203625
2.8311966744089045
2.799624972132171
2.6635696301676237
2.7202718328932267
2.7333565893443414
2.8676066075598747
2.9094708365412054
2.882740797181382
2.865584300297365
2.73205139443782
2.588054476364965
2.421446061890315
2.5320234456031305
2.6044522059141566
2.6627501037871166
2.679457244617322
2.6242711574903383
2.6541474559530776
2.6465933380186537
2.670488991223863
2.661434694601997
2.7154038345321374
2.6931353324912415
2.7896950244641596
2.7977820250241736
2.752678544035712
2.6887539611432976
2.6896972209972407
2.563993817206549
2.511424810866917
2.577002586586654
2.63217199814825
2.5855020703543716
2.5635242252244668
2.568185202891438
2.5405040490165014
2.6034947447869974
2.726480078139966
2.8931065425703735
3.026967357605384
2.8996817995658297
2.838732433127185
2.7940310955915204
2.7315462260726555
2.6198060377533428
2.4852207047397474
2.5305200523340323
2.5802672167381413
2.7495103593769805
2.9494296797880164
3.0043592876009733
3.092406755498344
3.1081415726391817
3.0951511592862215
2.969610704008457
2.9839427098451563
2.9161518751354585
2.783230331391487
2.802713746333932
2.802943849310402
2.7396017354967395
2.777054635380994
2.789325511558389
2.7985495127365527
2.621230009393338
2.481707945990922
2.4127893176088993
2.347061450320313
2.334157176744345
2.3156462584500734
2.3721425575125954
2.4449941400499484
2.4642457291732014
2.3380348806524065
2.2952555361417497
2.3669317979386166
2.375824597260064
2.50181130211745
2.568748391997177
2.681690350379564
2.655775509672461
2.695935662384471
2.809473599635571
2.8913651002127767
2.908888358284628
2.90117095511351
2.98435637155839
2.9831236816382134
2.9227919784780236
2.8423932404755603
2.7786934152496223
2.815009025321849
2.859810008350439
2.8885655459389894
2.957070921275461
2.9092276590697588
2.828079257485554
2.852194064096459
2.823226170997017
2.8423580363802126
2.793034074912872
2.8700387503183475
2.9330565681914145
2.893697197365844
2.7865417969211763
2.672213500120325
2.579331347404466
2.4831600566249357
2.5643073737646978
2.5907589055215543
2.6736696736005365
2.73578275362216
2.816717456482431
2.839426154160368
2.8526448244545817
2.795073548747463
2.7931367229557567
2.848837037989706
2.799163713122705
2.7282646640804726
2.7700423144479065
2.7263560520257806
2.7540896825209207
2.844252008783077
2.9188834105259334
3.0377551250683807
3.0532063332715493
3.1220651581666448
3.135554074672872
3.189112241630862
3.2053662303545405
3.215131065420211
3.3083719430433876
3.457922229363419
3.486306812130057
3.4753400803513337
3.4632539109118885
3.4407070945972307
3.4124945238845004
3.416132508266561
3.39233666199676
3.394395097760673
3.3391243144941116
3.1712315877508477
3.0599625707563938
2.9844290088222736
2.9106312188880827
2.8072378973818934
2.704054440504672
2.640325121563007
2.5705391075395108
2.518406287769894
2.619770426486483
2.6929918452353614
2.793409177133603
2.760656697220248
2.7493166867444563
2.7224506141422045
2.7260261160514134
2.7636750134622146
2.698126378257476
2.845300448597144
2.895814586783966
2.87085968116991
2.7828304067460117
2.7926460569695153
2.7415917136883707
2.5648565131965335
2.4404827176366832
2.3839430315660435
2.3753206522207786
2.4447433070115987
2.3848256359796984
2.390144663525884
2.3888294066538305
2.4564300417971525
2.457215051377743
2.414895283887175
2.4643462287866367
2.544614383190085
2.540326671703384
2.5827880388667497
2.530498907262192
2.4299515530540168
2.416549444310726
2.5855658360411673
2.6825576864171286
2.831324544067554
2.917679514443918
2.9613709787597564
2.924038077264567
2.9389657867025445
2.9068440137691165
2.912745335292245
2.978258566564817
3.0253049298934163
3.021424773967384
3.065331957245395
3.0715650239410217
2.905652268472366
2.8272951676237335
2.5955805708005757
2.5278618796766184
2.523942410114944
2.553946133127485
2.6563144156424787
2.771500746312118
2.855616899486284
2.914164665064052
3.0176620472817386
3.1018572395128707
3.0800660128996604
3.024009029829342
2.9565358815514653
2.8612806222312015
2.8552776117730967
2.8158492385010665
2.7762409370125494
2.7450154155832522
2.6120518425532975
2.6008208885476667
2.5710722654370444
2.6590921336887283
2.6002004256039157
2.623298115210868
2.69696019696038
2.6730449064781294
2.6502807256667227
2.539749815664765
2.527036709081063
2.4968684789943323
2.5387572497618276
2.5040409110213124
2.589850978259816
2.594798679598163
2.674828487624929
2.7314163845511827
2.8770495502230755
2.9062819342765245
2.892056453433209
2.81274721933305
2.803233108450385
2.7396239667125144
2.665130626047428
2.6767216073666145
2.6577088584647646
2.5706277175205035
2.5664693345800167
2.545347420250539
2.600310056741931
2.5458972655938297
2.61688278332522
2.629898387316707
2.6600271792894983
2.726279977412521
2.803406152768107
2.7349233067844803
2.6850765760796467
2.7099810353314187
2.6511930890654467
2.662841933740933
2.67235729238438
2.76062611587634
2.72313393915937
2.6133369454658095
2.5631789814843002
2.626671545402361
2.6934714659590964
2.714587709486832
2.682774778143738
2.603446140804025
2.5738758481313413
2.6575736217252572
2.7477168408996584
2.7897769904312555
2.8300116996035025
2.8599567535021815
2.9454709886840242
2.972345868278558
2.952273036728747
3.0079844905032793
3.0716836602177233
3.12031856209194
3.0520215236750654
2.994084507455826
2.8616383066818383
2.7278579117698807
2.6895376074665776
2.6166993034874135
2.554826034933852
2.536515981470408
2.6108791122576407
2.6205733319884223
2.666366618203984
2.7035634395884562
2.7955968431418774
2.907882221739074
2.9744127519988206
3.0708613483454417
3.129041304692295
3.177676537086201
3.1040073109208874
3.0347987574117634
3.056122382414035
2.94751390877948
2.830817458555004
2.7896661286406434
2.7796637087421936
2.681019407920654
2.734886390733966
2.688935209756929
2.6181081733330918
2.5436525065843507
2.4565058914905693
2.415206916438683
2.4080315183543304
2.397720527860414
2.286283075643738
2.378281415425298
2.4700690666012806
2.601922725674784
2.720900781839863
2.752346851803311
2.7475847175317347
2.694974442565162
2.5614500809365235
2.5047136549900046
2.5358409566692246
2.613504205879934
2.6653909118849266
2.6509467277288716
2.6125656588457313
2.5933127660439137
2.61145285503178
2.601253696194931
2.7217055159661316
2.899471553988244
3.0528073694652758
2.9993546076403232
2.956464095955498
2.849367973813805
2.8863068098974214
2.94324504542113
2.887751123002653
2.875831363172318
2.841025514103342
2.673003155272352
2.725700382896061
2.784360999081307
2.7076701677918527
2.7569120136560126
2.875123537108979
2.901354757431693
3.046900044734422
3.1289991644278023
3.1370844569127367
3.10226431642522
3.0838227703606482
3.0877096056769786
3.0624568852017076
3.128457962373283
3.205521164683653
3.2549036786839416
3.2703345574680953
3.278256451655626
3.2472653087810865
3.2071612076354983
3.1944047423401183
3.2077290335292163
3.216080707798109
3.1279338097439493
3.0994749780511306
2.9573185582044714
2.9299785165002312
2.910118966700734
2.8437080915452104
2.744819064915619
2.676615643120529
2.642923502994196
2.7688722432068102
2.741138461016901
2.782803531421424
2.8786709201167535
2.951742937773988
2.9585654665381855
2.9489675499744497
2.986752053237641
2.966027783982987
2.8977322857670065
2.8864542827161106
2.9376428539894346
2.930541609019156
2.9753899702969537
3.0625148821019015
3.204289594844906
3.2746788788736763
3.3294615901406353
3.3118894212510197
3.2957885458200007
3.2642490695317816
3.215649030320388
3.1393820123593694
3.0938595107864995
3.045260901062928
3.1251056160542476
3.0865164889529266
3.041055400428355
3.00028243802646
2.9641008942890994
2.9695635517717722
3.0594767117296864
3.128405612524729
3.19078442316006
3.2164428093911557
3.1182245235379624
3.091435280908436
3.0889915277026763
3.0726738009021313
3.0015920532756355
3.0161029381283417
2.9627125542079344
2.845000553690892
2.987150631822574
3.107829701401171
3.082359552130145
3.1051846591891383
3.133844877898764
3.1238348224471952
3.055107972082393
3.0435494599201576
3.0218044267863524
2.9115609909082307
2.8492162343905427
2.8102019345570453
2.7698157774981906
2.7535118455119143
2.735619848142426
2.5736977448728986
2.5529823961886513
2.6431406884853343
2.6851964142508145
2.707265058144872
2.6384781496155885
2.7563754188233487
2.7663912559642823
2.8015633118494714
2.814896293731996
2.8284910582162786
2.7983832291055792
2.7736944124966723
2.6776036096642803
2.670270875608779
2.659837234770224
2.648047751399602
2.5866041668915942
2.5716257774781934
2.5658080166508968
2.6160908885837237
2.652749423016122
2.6227147142449976
2.617186501179057
2.6233500480520155
2.711840190828218
2.778057860497811
2.766148108775874
2.7531613343741435
2.7023083489518105
2.618614706684699
2.455527132219847
2.5185746751881517
2.517792651037781
2.544206918406124
2.5656469272011146
2.6504834747329324
2.7443003388019918
2.63438254790883
2.6217173413028787
2.535518563672679
2.357636485108427
2.218114197636819
2.2103592337321474
2.190657155092959
2.293216367200159
2.291058845792883
2.521180785936922
2.635388032404541
2.658356384393059
2.732069268664603
2.6301883963743053
2.573186810754604
2.568909069544442
2.477009116885148
2.390203709105075
2.3453945311880013
2.250211404327592
2.295920620232332
2.3065100806460856
2.353454093029778
2.393761280529539
2.4717577809806874
2.4883280349407007
2.4510216891471397
2.403995025418766
2.477471602088764
2.5743318260062016
2.654630130205965
2.6656327140434235
2.7283424258685383
2.6656673285623036
2.5603839053925355
2.672296773878779
2.6859333399803638
2.764186158856577
2.8707538926397933
2.94953648309816
2.958121977917582
2.8017969475833455
2.6410724292246583
2.591040682885492
2.4805600120238553
2.619433389601671
2.5264118687704538
2.3939547857499424
2.3497037562147933
2.338428979210918
2.3529540024445077
2.3922037699399623
2.3822873743558675
2.3520474281374306
2.237072055368339
2.2875130248606332
2.301398913553772
2.321151573078384
2.2964299842777494
2.2540264394809437
2.1211978058904015
2.074554924672546
1.9741611736905862
2.0280358294358765
2.117822298147465
2.2212626856842106
2.2382835326219417
2.2908673936006045
2.2106024924870886
2.2226211996121004
2.2489532590253942
2.265805660457224
2.166685459952215
2.1291145530024016
2.1500714323878616
2.167908727882507
2.1437175866926803
2.127321719817947
2.1275588006240707
2.1870292423484825
2.241549875410485
2.3849737692918755
2.5814599554501365
2.7204646043417258
2.854449900296409
2.886756581004482
2.920215631910318
2.8813605397993483
2.849124445261872
2.6434719697494495
2.594297904534747
2.561069885883428
2.60913011139292
2.7276936808872456
2.7417884051670467
2.7797334984767383
2.8546773324697936
2.9084247877437037
2.7297384950095585
2.6596243683974974
2.7050866409381804
2.6900853717060453
2.6764658768785603
2.535611105798488
2.5308929609843056
2.5104133140728733
2.6033903472593196
2.652549970858421
2.742104685863696
2.793236776628147
2.7400093288298795
2.720683170578452
2.6725866868598143
2.6838217758193212
2.654061751501163
2.8194963104363513
2.9573200160589197
2.9393236361971775
2.8513087729989426
2.844714267515071
2.9004765280804508
2.9034040773981564
2.8628315309082866
2.8250316681205287
2.7001707629759206
2.5973154264906504
2.5715264038604797
2.494135764728193
2.5135987255755636
2.556850546986341
2.618540480945335
2.6352125272164817
2.663201154746557
2.7002828561770134
2.5766628897762325
2.574975388649301
2.515693951012578
2.5570941534605507
2.531358709328619
2.482966007584642
2.4877589369043536
2.59518970174028
2.656295595923575
2.6847166019555515
2.779193779464021
2.8175117516705894
2.7660047064500075
2.6706378715584567
2.5684075303773914
2.5048649537063614
2.404323778177636
2.3810411583160063
2.423349272555403
2.5152362538438258
2.559616215071509
2.4957126115095805
2.5134290169188485
2.5889912595347506
2.673686250280281
2.838735969297312
2.9661550801115664
3.03254440051959
3.042986763311488
3.0351888678504677
3.0653798814498616
3.0052721821078636
3.0147295319930625
2.96012132491496
2.8973550416850484
2.8623002150289847
2.897615576763591
2.831529275530338
2.7769124088529633
2.7241196321477332
2.7341313784159196
2.7857935627801655
2.8034581408356223
2.8339791411869135
2.7952775660758924
2.734329386308438
2.6596434749364253
2.7367865963443787
2.8418823672658164
2.8599899111177582
2.869438640372481
2.8735491784916856
2.762826668105404
2.7641694002766406
2.797130628554787
2.7837769362796805
2.660306101794842
2.5790799759064424
2.434955910590138
2.455285871763366
2.475067128465916
2.3892579847008744
2.3195839981936133
2.466551532723619
2.4339542367835985
2.4903616567750393
2.450158167636411
2.3627587724361976
2.402913477635968
2.4524030024420362
2.463239807434648
2.442737779816332
2.463344110668453
2.4352487391925144
2.322944730609399
2.3576111692275714
2.445988053515661
2.6073041604822356
2.7014117344675617
2.68010801723027
2.5776982148443444
2.49817979836992
2.4866209734321307
2.3110865466183266
2.346054084197076
2.307721965672359
2.2689431468081653
2.3561309307083746
2.433782645917725
2.508943632583676
2.569609027928186
2.5571938009325503
2.5492389243127653
2.5814218658157553
2.6556622133081498
2.64565235288887
2.5854430400590513
2.610841810149109
2.5080596971435245
2.51949673070078
2.6076054933049106
2.6937900903867105
2.745245328697953
2.790877024284755
2.777765600048606
2.7961768335354065
3.002630349147961
3.0310454773000766
2.9561457700026312
2.8422356753451776
2.8380413692721786
2.8212434837660227
2.6665127708699266
2.513462585062506
2.3834210093418027
2.269952558917388
2.2091470592439424
2.2270803299501796
2.2857674173680245
2.3727258246733136
2.581423099523361
2.671994922206792
2.7401703477291455
2.769578841913881
2.754944091762344
2.812323125407553
2.7230334002031946
2.698916920195738
2.598742783488487
2.4447779117163257
2.3659593180063716
2.295773057780991
2.266995096475039
2.295801894648317
2.309815587217802
2.3215726502635663
2.4198710128990553
2.5836144158086243
2.6867122646959003
2.7454311575785266
2.6647870485064016
2.6121913761025395
2.504903980265433
2.415959507010487
2.3634522772802637
2.3621202201147766
2.503928025879641
2.6783392162477293
2.7978216503771467
2.8623753279366984
2.8993817141896896
2.8686384306765023
2.7890227889324017
2.769615907280969
2.7264821512218007
2.759188447814053
2.750655571599164
2.7523029206054206
2.701874797106559
2.6134302132192637
2.563257839317833
2.5573834067868306
2.5622802258979935
2.531570301113526
2.5739591884874558
2.5928700680724264
2.514044756207476
2.5213229117227343
2.5254182879731077
2.384284986468088
2.4135137803727122
2.42681981646929
2.461558575270995
2.6234058183463462
2.754098922759527
2.83463620525508
2.864060937250077
2.786689352430749
2.8087318952947427
2.8174731024582003
2.7752608275287063
2.6940626070963565
2.5762501145377814
2.629055026744884
2.6060514472888214
2.571171161976547
2.6261833927927962
2.565777440320645
2.6257623130450414
2.588496452372404
2.5640003402735663
2.5041001889666505
2.388978006460541
2.3699232773943235
2.3496044086749284
2.2579669962360978
2.2982384114450927
2.2952922557760367
2.3375283544612
2.3181611537798896
2.2707965084165624
2.33588245259529
2.3472050540266323
2.393197892978478
2.4757172924133317
2.5062306895041724
2.4378005308695485
2.4938679012207596
2.4543838515560634
2.383098075957576
2.268995382342608
2.20642478989632
2.17189531440913
2.202888496548116
2.254093606031542
2.2645467734971705
2.286080992271308
2.248641828133277
2.259419658397723
2.3332029332599986
2.427132761284412
2.457937859572878
2.498403576414424
2.5195802256551327
2.599022401521064
2.600161847278289
2.557170059608251
2.5124780038968346
2.4663472463363116
2.4649309396368535
2.4608729579199182
2.4742633299574526
2.406455590107403
2.345759836442687
2.3219008987611693
2.254009584611213
2.2345982624949374
2.219454094542692
2.182920990458358
2.2435760679645353
2.267679441298367
2.2779480079400707
2.2142248617115126
2.3502403242762138
2.352814343117172
2.377955525551881
2.3354017966326692
2.347385390179012
2.301356699667313
2.359110654519901
2.3181244056504475
2.3427236682783645
2.284822289288479
2.179524932938552
2.1785512017925157
2.166095809184016
2.139917032139077
2.146784904944691
2.128671636247105
2.1519005262951163
2.1673325105157564
2.2868302918891206
2.485605903363913
2.501783197157695
2.564320654815299
2.5569577986122876
2.606918115089817
2.4356222620196153
2.3752470776145485
2.330980756191517
2.2743749722827653
2.4579733024630674
2.544955996404144
2.4917067546967875
2.4150919994001243
2.3345574287521167
2.3536298198025043
2.2643053550786494
2.1359816629697175
2.0697831902198742
1.9527730037438762
1.838097491844932
1.9130410498171355
1.9297227823886018
1.9481201534130477
1.945132014056253
1.9966945425952054
2.1457057943067004
2.103903189257116
2.196152460994493
2.2844398771316685
2.2750491040528464
2.207952878478656
2.164283181709452
2.0898203696162265
2.100465133601872
2.070713665689644
2.202004559367721
2.323974440966773
2.381690376567238
2.400088756223196
2.4409999213333946
2.6386049418447914
2.6944730118347775
2.688016492202904
2.6501140867315645
2.6300548515907884
2.6107802743498705
2.6432911802204324
2.755623547247251
2.7483827845689848
2.7936202031774076
2.723914304070872
2.7236389623069344
2.6793702910725044
2.630358890011459
2.527738750848706
2.5448499933747826
2.5191879207707126
2.4906998668964415
2.5026200216994705
2.5262692227727483
2.5110251314461967
2.4826447984475983
2.421804351027329
2.347077504963708
2.2307762082187854
2.122596840972981
2.0564921535455407
2.0105136654082885
1.999269169931122
1.9937910416985658
2.067489075896125
2.0529420254561357
2.05840214135077
2.0995768798936867
2.1045077439251143
2.123304658489057
2.284856711542189
2.337049850260041
2.3682902676569455
2.4630991941753098
2.393741740861648
2.3327933366505773
2.261066282103454
2.256870375555299
2.2331938989430298
2.253326324315739
2.2848656720240412
2.247723904841548
2.273200532373686
2.3436337321511407
2.3627365420356314
2.3495659919363603
2.3295435252951022
2.3993849397105858
2.3248472072993924
2.229107593553664
2.21102524186158
2.130669375749645
2.0517803727269293
1.9817295344802504
2.081672887930389
2.119938048255729
2.214253505657148
2.237399628927269
2.239943118536436
2.220551582577063
2.200728576862911
2.1541922752023215
2.1760464237589003
2.108132822171753
2.0659895691773853
1.9866971634969648
1.8515818721405333
1.726420373716582
1.7369765856802162
1.7146104792502896
1.7300084503964603
1.8625608441705443
1.891709371004407
1.8183381871005615
1.8797279538329
1.8875555909702069
1.9181872036182326
2.1220240111049895
2.3027069012425403
2.3078735214873753
2.320480695479229
2.3264845704811044
2.4133115601036277
2.3853666557432223
2.3279231104486233
2.2717264838068565
2.3458399594829418
2.3854180441365083
2.3927013578136522
2.2907139676707975
2.366300743983319
2.3477194554613545
2.478853693151089
2.4369760868107067
2.370987068925044
2.3367660171652895
2.389973684446975
2.315392330408541
2.2372371421159105
2.168554383429786
2.1842100713193044
2.185113301966356
2.2070131381614386
2.352054897296767
2.599141941146903
2.7378399301296805
2.7604538672865897
2.762254023183924
2.706623460277364
2.6199518375375606
2.6128524388889587
2.567756016133465
2.610282256358347
2.6306586904313023
2.6313995214649033
2.659560295361189
2.6649268599853273
2.5759688210486082
2.542212894548233
2.496712931274285
2.4152238007006868
2.379209867906754
2.484983543716718
2.4852765258674703
2.4680184014196542
2.4745341893874437
2.4644408978212313
2.378686868051836
2.3926696725949808
2.5070528935089054
2.479268238052231
2.527735941919927
2.555016381822164
2.4990914325410687
2.3335384256662
2.170631481782496
2.1120589463005386
2.089858454691105
2.0902523597354263
2.0858066647551663
2.1359526591274935
2.16020255429701
2.172991750589515
2.187245451971685
2.1952075691289266
2.14368123913026
2.110692354668535
2.0738777965537083
2.0855415907518453
2.135073776754899
2.173721128173725
2.2512202099323146
2.3255110503441965
2.1876935452713764
2.266059786089515
2.195532137898186
2.1294604993664588
2.086715791344766
2.050103406468633
1.988372262905211
2.052126290355511
2.096416136165783
2.1599371830781338
2.1836579046095803
2.094610543933501
2.053517097637931
2.120209244748292
2.148622283731799
2.242434813272152
2.305011445432506
2.3192773510391715
2.3050956248281746
2.26152533043502
2.2423973123876313
2.230341386752249
2.0821096478079024
2.0000265123751517
2.0799572941435995
2.1319079123223132
2.167234383633693
2.1663976385443133
2.2577730802303932
2.3516047401066777
2.5136461182514456
2.6954815672893795
2.795276809660381
2.7970564383680414
2.7765366959892117
2.7785644710687176
2.758647671608436
2.8803136549644615
2.9758345155959973
2.928860587671013
2.863814698756782
2.7531126603460176
2.618188071974673
2.6177016959768027
2.6565609313808305
2.7826069544620537
2.8448689872243915
2.813823788875485
2.6894992299899445
2.5491470489625794
2.484015704254567
2.4456929842275574
2.464843577947753
2.4661796122983644
2.3977203422399804
2.3307364294124278
2.3381343906799468
2.241196477325031
2.063966184927786
1.9670706092025796
1.9714966983109314
1.9874156741064857
2.0574700547877978
2.08654646391872
2.2368419545790177
2.319483999599527
2.4104328128947357
2.5812687055629397
2.7457538785270583
2.8060636052551775
2.8065899328247017
2.7657583923770885
2.8258898193451194
2.923176732971539
2.9459368956291856
2.990435105012959
2.8881279073512247
2.939050397908188
2.8405762711829836
2.67973040962926
2.6244639418556073
2.56567834299815
2.6073016870008514
2.7036868856138785
2.7421934568282187
2.689303014838381
2.674869440017265
2.608564284088826
2.6321558114351955
2.6750915331661633
2.6217507520398855
2.554051615425965
2.5477684077600746
2.640823639467203
2.6724131144351895
2.684732763373778
2.6795196294510775
2.624135623374505
2.6518019150349756
2.728274958366733
2.7597516364444554
2.8405218621831994
2.8449464164902873
2.8006557073435823
2.7692424480134457
2.826858422046385
2.7722675668024657
2.7155332404533112
2.59691597800183
2.5010286883590656
2.493372831649513
2.4990268576382375
2.6187525931129336
2.70690080333155
2.6555257947689794
2.5288973647811486
2.6266385121497193
2.601996022974272
2.480115894276208
2.3416842972067404
2.3383687496971017
2.357923496274807
2.240718628253828
2.2394965374714833
2.2745685732101237
2.3545081418730915
2.443676955158887
2.4907014032691888
2.5152147133579392
2.595033343625888
2.660910582267304
2.7529552015805523
2.7705948895828487
2.8822120411141725
3.036509049263118
2.9780599785344486
2.9925397184367806
3.023645263763943
2.7810101810464256
2.6202174590314455
2.5826231893642353
2.465298773274995
2.416489011567705
2.442481057930185
2.4702662903993224
2.328488713098304
2.2247725015135273
2.283134287748423
2.377381903733627
2.2978928191537746
2.0454020883951727
2.007098355514805
1.9370392160980086
1.9326849087742826
1.9644682420559498
2.0603624362947746
2.1342231170205714
2.2264651214356723
2.3357529677309214
2.2718274484801664
2.2863170019347883
2.299848350376619
2.2282461119991703
2.097127871207223
2.0599343894477187
1.957539632097144
1.9239749510187254
1.967937864530373
2.022404545582684
2.145149654325337
2.171745665791332
2.2249898927552727
2.341447534640431
2.39991707805553
2.3329526214125043
2.3839017255925836
2.281523657418426
2.205925829424913
2.1105994030513475
2.0045663073004913
2.000739222113718
1.967936222645767
2.114112411531323
2.246456748440826
2.246862243777819
2.393382293103418
2.542886585664927
2.5275712316300387
2.56437523497651
2.5683276229560454
2.5939666342930923
2.5707862626114046
2.7408478870573116
2.923532182477219
2.9252178576178283
2.837881988588994
2.8146010764984952
2.747829577617763
2.6977222532446303
2.695842156890165
2.7459751211632017
2.7503721592907913
2.79271071964883
2.7442619360250653
2.7652711697703354
2.7014753957571473
2.6439645362285655
2.5999625153806853
2.5582597420298465
2.5946070498105427
2.6085731251311506
2.7267453527655157
2.754359469722224
2.7524360726182793
2.6962107917116453
2.693899036470366
2.5968924245383094
2.5723857078389853
2.531887669870831
2.54858817593171
2.566522000791058
2.561016268210519
2.6235871421279353
2.6427567449760407
2.6295596953962592
2.6418924362790257
2.628165085044831
2.587320825414874
2.5451598864795075
2.4228731504003425
2.2537814869371005
2.1879124944211576
2.171592733946138
2.2448368407584964
2.3034025278850594
2.3559735746442723
2.3311097024480345
2.3559108002238984
2.4749865319381548
2.3811654823724853
2.4406632424738497
2.6017191480108557
2.6924548104988046
2.58669007579345
2.589967209990897
2.6181849248757683
2.6505081396030836
2.511892673702747
2.585170614160254
2.536355958163018
2.4634658011889683
2.409985915159958
2.392755149380445
2.2684836070439314
2.155989200738243
2.2309524763628836
2.2978818450015632
2.333380934049123
2.3431711268757596
2.344863894967747
2.380200811282468
2.3526887756619863
2.3008551904653305
2.374102505948145
2.313407960746035
2.294922768817388
2.2468841381136384
2.139849635658587
2.1107225687313944
2.082782904759632
2.138173247945677
2.0861384253582225
2.1012899648283905
2.02819943739437
2.0711838502869933
2.013118631787768
2.082437149972598
2.1222729668880063
2.2000098750806134
2.32124248719506
2.334925127497406
2.256691182588934
2.3112533101942563
2.31941990417164
2.411978151602208
2.5259595822552354
2.548211391975644
2.5659737570360086
2.579533111294924
2.5488595381962518
2.540043595949225
2.4356577422060153
2.3847671108464157
2.410375848888124
2.308309908000949
2.31428800220602
2.2902644117049302
2.2807737700536954
2.1536290854419375
2.0686857841088564
1.9769472442154592
1.927412076822256
1.8493418840782079
1.942636498987767
2.005092187634367
2.0506554003171535
2.209247395404592
2.3134580597315026
2.314022980298002
2.387133773504402
2.598014007709478
2.7405247663178693
2.7688148815632303
2.7951628017673507
2.765270294521704
2.7151064402254748
2.7138181939549764
2.762912351918098
2.8057396712871894
2.7931730636866376
2.748052547091668
2.9198219992896886
3.0533617943894678
2.9882009299168795
2.9516968192625597
2.861888743921926
2.819160737845688
2.708589271356617
2.556194956552429
2.45469446488507
2.3332581098059713
2.2467932418320538
2.1422614991356452
2.130882610869697
2.1510099407823704
2.2898586580590092
2.4577739386892827
2.4540023490138974
2.532029694771714
2.5752379119093063
2.6039947200167983
2.5675761161370216
2.4976447976165916
2.421599801959951
2.403284732528262
2.369387149242561
2.3127007458849986
2.35418707744467
2.4250890563941754
2.4583848927976337
2.592080416623782
2.659604645245903
2.5922409455916355
2.5733589570211275
2.575044682970944
2.6599223713892446
2.5754286198546597
2.4043026677326127
2.309817199523238
2.1826145426621077
2.0771823468684336
1.93880215225965
1.88759803733527
1.8762789363205599
1.8091187721101014
1.7295204260709374
1.8433097983897786
1.8457757788185705
1.7845827431516739
1.8028877928160625
1.8692227802877845
1.9324392401209933
2.0751190051364325
2.07304087475445
2.035925717869211
1.9478896941864132
1.88873621928354
1.8362039431010304
1.8444198850846476
1.9282055026158524
1.9364361624036892
1.9621144682843918
1.9378093924405095
1.9562335991714503
2.09622533349654
2.0980848807291705
2.1514029910436703
2.1434621906201974
2.1759306824712095
2.240123796496844
2.2232205046955182
2.270616310213806
2.310950412246474
2.237434349453669
2.167625774908251
2.1458076425614974
1.9009568252162057
1.853509599942637
1.8013457277338418
1.793637184720746
1.6884986473640489
1.6687063405649962
1.7916618316794943
1.6692848960599969
1.5634085773273716
1.5050435932610862
1.6966113263725275
1.7484841804332705
1.753418857374871
1.7444802413414982
1.6710020795424714
1.6118291058410028
1.5416512424366449
1.507555592024658
1.4959525474355178
1.4528495144117628
1.437474794488178
1.505269215056265
1.6231190721013786
1.793645456083215
1.872201289383896
1.881495153279884
1.830436990630281
1.7737634832726241
1.6725876369032262
1.712667021168504
1.6122183150541665
1.6849061318865606
1.718453018301532
1.6395440728090076
1.62223470665276
1.6696404607307052
1.7831761085609612
1.894337617836264
1.9317500403006327
1.973140990919282
2.075701955987141
2.0809647918835883
1.989528014524065
1.8301795749463972
1.7604302386708897
1.825088485074926
1.9251515373591983
2.034684194235696
2.068939376594325
2.1163795773827445
2.1544211945739122
2.254105185400894
2.282184323629545
2.2934785085665563
2.31312017168844
2.3165726648578637
2.3541153491223645
2.2784350724297235
2.2478789677549993
2.1954151977436207
2.0344887348478937
2.027347917431292
2.0008063216111878
2.0056351879576586
2.0347656091679975
2.0272376138067836
2.0276395901029294
2.0082998449228757
2.0581145736746227
2.0892731319731883
2.104090530724959
2.127189167807279
2.2068690819462713
2.3032918508846554
2.5040603454388695
2.783247289981255
2.9342364771517695
2.952164940691768
2.906165561250833
2.7781920558735522
2.7008429797497264
2.6944902801445347
2.721143129491653
2.6848615670520375
2.6607903195553435
2.5659172358608027
2.478831196274115
2.254310145770029
2.1974048560375423
2.2913419200701797
2.359244163483919
2.3319766089164062
2.3015111129285377
2.310521449694894
2.3177203099249404
2.2913118069622174
2.3255854207734394
2.377630548260175
2.535809050840107
2.5531729540944355
2.591417772065213
2.5792745457536976
2.5367699590403636
2.532701073374019
2.5825933700925647
2.5738123037187104
2.576175253798159
2.5620090584673414
2.498716991969334
2.48416109632784
2.4020720404450615
2.3192091896152047
2.128882426924052
2.1114003346376027
2.251614560194416
2.359760183938868
2.4202204933916946
2.3482560750968116
2.2534021438758978
2.1624439715023773
2.138444770226918
2.1850066162914037
2.190830471646807
2.2216766228795914
2.1773342547059995
2.2967897627394214
2.3343406763663315
2.399837624205578
2.4304305209773793
2.36437799397393
2.275581233837392
2.201834318224525
2.1022021144449408
2.07948806902868
1.982824963901094
2.012611066639221
2.058609562140494
2.1700598150699233
2.1424786672213982
2.2904283774010166
2.394095015686511
2.4719478555067536
2.4528879208333647
2.3809062040858904
2.409806571987022
2.4574931768631494
2.3793554940442903
2.3974156865185225
2.2852202825127694
2.2954844435503703
2.2210345421802065
2.043016211405164
1.8758603115011503
1.9109049814720367
2.00391669102718
2.0196530577009217
2.0387116536835923
2.1724093361181596
2.1788023227537074
2.19661832347433
2.1519213107037443
2.1605167822687106
2.1606305130634764
2.119084416659707
1.9892196787491119
1.8731867539531617
1.7603958908172364
1.7015561259555865
1.6925659893724356
1.7633169767000747
1.8428414822035402
1.8992320875564226
1.8955563054575901
1.9478642540152211
2.0657918713705663
2.01414220010122
1.9800626826166665
2.012829960647189
2.099843085424573
2.0960654364982942
2.1455696897503067
2.126350699476623
2.18402177736714
2.243397194983704
2.2903228211413538
2.304779011839322
2.236974266322502
2.3138869469080885
2.3421597208172495
2.308474907416562
2.2317203473633738
2.2931245328169596
2.2543079012703395
2.2507436469403617
2.30285332973494
2.1690749513198053
2.1651231598950478
2.1970622992423037
2.2255696987052773
2.277440865691827
2.2849355054229257
2.2611996809784083
2.1831667779356354
2.2421686770986
2.2819229665381835
2.2346349829245185
2.247514917333055
2.270669904785672
2.3705481419555836
2.4124078353260154
2.4070131956484757
2.250005487087539
2.1552222921847606
2.2446502864355695
2.2612701095282626
2.250967381624397
2.3589721470338283
2.4520303955718066
2.344717364915199
2.2197306735287667
2.157006379552158
2.0889836518844196
2.0936917606594774
2.1276290006157113
2.1653339049516656
2.3208724509904566
2.3616726434734914
2.4045236681625664
2.3852194318744058
2.3603765295115027
2.3806500742767405
2.333932643629049
2.380941668395653
2.308128148138816
2.3086764301936493
2.3112113134374477
2.296985001819311
2.267485636967744
2.2981913028874374
2.252162066110957
2.2140077522422006
2.147944882423468
2.13437067682798
2.1055687374944263
1.9914333947682485
1.9479347784325554
1.883092182115273
1.879172080234016
1.927633235303919
1.9723297399982962
2.011063359898663
2.0402435493949995
1.9589370790612293
1.8423098302958556
1.7608655381811495
1.8136690152554822
1.9006863762747788
1.8881139743860251
1.9509990219671989
1.9751264813285032
2.077036757809941
2.1757682351816157
2.181558273386248
2.2397811820363143
2.262186086028571
2.158279000750874
2.0673589742311855
2.06832504024227
2.101777823382018
2.1234001275159944
2.1994090867336267
2.2266118545158142
2.200439991832472
2.145880612764398
2.034873251016285
2.026996340632313
2.1266031597845787
2.2177106205911232
2.3358335710243314
2.3844924868072677
2.3229155604938594
2.329034276370339
2.1920765630340178
2.2229673951469033
2.2229306578084245
2.1633000005421694
2.122943010983878
2.147216596127011
2.135455552497279
2.1509761772275486
2.2119465366828273
2.1090556827481954
2.129132827439395
2.1421183823811223
2.1274188248726915
2.1134717398422147
2.118161120635116
2.221528167518864
2.222019721017879
2.188993909329227
2.189673385615165
2.1212639386868064
2.0699287942861027
2.001987336400843
1.9253366444327786
1.833750976096938
1.7636592170807956
1.6094451194410824
1.4666098124472682
1.4750823781757374
1.514129786979425
1.5515086485295047
1.5586262210119686
1.5656839452625084
1.538719935312633
1.6825638775522407
1.7781354754970213
1.8325892377680986
1.7910151675119028
1.6392762282179638
1.6111807630000354
1.5241984017397738
1.4804947052694972
1.5318654566445622
1.582917594398318
1.7002005050963669
1.8414380868364597
1.9316523217815835
2.0838488076346886
2.260848444267588
2.459782963162105
2.4726731730702225
2.4617551735232133
2.428489181429342
2.5049402720933904
2.4772449270610606
2.466516687752709
2.3914194244711724
2.3192611176403086
2.3068902046781874
2.4078686497377375
2.4212870103129207
2.4484691456472905
2.4906531598842725
2.5180089074635736
2.479059154493886
2.4093372048927977
2.2887908201078893
2.2020444261337526
2.130800632185111
2.092895238018346
2.0754143025952088
2.1435425334403533
2.1422508013895585
2.0810832778091997
2.0209272444242274
2.1179212515571453
2.127486603018852
2.1537733722089016
2.173117542030056
2.1697809619370427
2.119418862746162
2.1013464146071756
2.119356266521819
2.1437036820038946
2.2393857529819696
2.255840622111558
2.1072939440473157
2.0495488569649916
2.0452512912709717
1.9501940217027842
1.9211874279616559
1.922271324103125
1.9517471637040078
2.0339023236048828
1.9887582933912284
1.915014273675383
1.9469592504076243
1.8897435374840763
1.8533765870776067
1.804677471114399
1.7375139217339772
1.8114876131357907
1.8455661200480384
1.8204028445849074
1.7822694909594283
1.7434305451865355
1.7315436114984823
1.729114835626749
1.9068635481907135
1.901498566223668
1.946751939776612
1.9537641516892035
1.9777076950386876
2.030290067078409
2.1143397254607255
2.085081690797635
2.038463444497247
1.8729602500740412
1.8619614759584144
1.862986408772871
1.7537877539563795
1.6560510826957753
1.6136835857514094
1.489181075458945
1.5163514886485367
1.5644850536559505
1.5548055897698092
1.569286571885176
1.6385525302490291
1.6268526399852072
1.6445494230054378
1.6598579928669779
1.539220783757985
1.4316056903824792
