0.3215202742032185
0.5044585631528422
0.4762837655081677
0.41650826798526736
0.4000140224703948
0.33596208288996476
0.27862039311794196
0.2601345911765845
0.2600614832363939
0.31424279714547654
0.40869793046791797
0.41507625730514297
0.46353462129665657
0.4066493417328783
0.33751698250892287
0.2306325258322792
0.33133722970301605
0.5190572165097722
0.6240160324322658
0.6611317408429872
0.6221496278511688
0.7575682138957334
0.9171172337553815
0.8998184382030084
1.0296030082652035
1.0997173627901426
1.127840449146092
1.1283125757736068
1.1740148337322425
1.1454084601942094
1.1026148906736097
0.9834625360956938
0.8846515405730896
0.9162097117532666
0.9313273072372321
1.025831513658185
1.0160336686753342
1.060482557116585
1.2064957294264986
1.366975827338777
1.4838047646097943
1.4324014288352247
1.6632306932429475
1.7823362467126966
1.8938895659808623
1.8952288576724432
1.8886591362943994
1.9158524550602887
1.85391958799881
1.8645425404871556
1.95843856173334
1.9829443316398736
1.848470299971998
2.0175046127273153
2.067702042756273
2.1666469110376823
2.2570299977784845
2.2761822982887194
2.4456749203297616
2.7597377372327294
2.8939847616234955
2.828928946650945
2.710163211702274
2.6326194999592696
2.552711305624386
2.561518579518258
2.397149155843691
2.4158103045078883
2.5261070161883588
2.6359532415736426
2.7297452828406508
2.7028088281923925
2.9319296998795528
3.0517494902935938
2.99715316386461
3.0028618737322654
2.991043970285261
2.9779569622370814
2.9113289047831405
2.813734665339334
2.7294622311032968
2.7940484172255653
2.783909013416536
2.6894272277411697
2.644433618918056
2.584291751854934
2.6637564557831843
2.779013445356209
2.8277570450602014
2.8054440634748206
2.7835995188011613
2.60881049684224
2.504616044336195
2.4860461003220147
2.527237618377853
2.5490215934640537
2.7301662146626247
2.910996841663959
2.9859879159048694
3.055117606856023
2.9390182378981033
2.777311253395338
2.810915833007239
2.8929093712368807
2.918116298648656
2.8577724702128044
2.7844107733230254
2.6686519509037687
2.562454515464383
2.5284385299753644
2.6091787438932257
2.6055584341577456
2.4401193124129854
2.317315182888617
2.35126790440186
2.3518482058535346
2.2501252095771576
2.1971282965368015
2.1097220408591375
2.215819113936184
2.242581224362645
2.2421146338737654
2.1715587968338155
2.123895053553813
2.333394836919062
2.294240406068173
2.353801766389355
2.3969529725491263
2.379089319842632
2.226676452381012
2.2832825222467203
2.335203712470527
2.2292644047931907
2.2568037123237117
2.3738552956153183
2.3313988964177876
2.483142922054223
2.648158618487423
2.631664211018732
2.4378291755027157
2.2816052927482438
2.2167628787603904
2.204274248092231
2.3851668277682223
2.497347079859536
2.675743626668108
2.517204982824175
2.4813370604687686
2.3159221150270577
2.1827641623944065
2.160491720642069
1.9781993607253594
2.044801153398731
2.155209719739416
2.2556746959636085
2.285811057140614
2.432866449946756
2.5047704073938415
2.4627116148230783
2.5182707726822433
2.771041765747417
2.918991855529398
2.8391036786401305
2.664529797034645
2.542304327326994
2.5371383345282106
2.5355245981710146
2.5594033574234443
2.6083981035138266
2.5858137738082534
2.5434442180314325
2.472087409866915
2.342754946214299
2.3194837707976994
2.316034153519258
2.261615467386354
2.2279832007025204
2.198958222963962
2.254133046696339
2.3557594963764514
2.4751945784069163
2.326362266851146
2.2613614504327346
2.3114560104104562
2.4888358774903203
2.6115448181372742
2.5822018548017747
2.6033406139586885
2.7700136667353963
2.7782123241116876
2.7536940112800816
2.7134543009123164
2.7019121657277454
2.610121483184541
2.685711418824519
2.767323695110491
2.896387949191606
3.0697010286570854
3.0881586739161277
2.955750387222976
2.7892383180875617
2.698757629592556
2.6637243909979635
2.577616597332788
2.573975616200104
2.5157246290189197
2.6422580426715894
2.670474912624793
2.813195113381696
2.855851910234236
3.0061188207859004
3.080259710404204
3.0098618235864993
2.94995168359236
2.880731824757839
3.1003835526681964
3.3160606006633997
3.4908682637440624
3.4999680173603824
3.6010541849082798
3.516686306641858
3.3859349776197774
3.321557672349204
3.3726386851187415
3.311478334453461
3.121471148730691
3.01274964631481
2.9278279817955526
2.933779289733077
2.9266802276142787
3.110986978761458
3.073128873828358
2.963340189625403
2.9125224784230306
2.8971757737079766
2.852926671249205
2.926046103981092
3.0471002296272287
3.084272537530702
3.0668946294752395
3.175090491584516
3.2970964918712298
3.4254651455752256
3.502159234838497
3.4546200967538776
3.288887172574923
3.2145708396532973
3.1669921619422055
3.084744236515935
3.048111294007303
3.038880106121872
3.000795091551047
3.1955409075950105
3.1948024685738505
3.226369963276653
3.194306227795089
3.215559795345693
3.320136645348033
3.3802672496641946
3.3925700194832644
3.484305303680401
3.5573155343049283
3.6722220124758036
3.667989851747372
3.6404809046107722
3.6445728333971683
3.7074759104686636
3.7192769838564828
3.807669301598092
3.858299797128619
3.9251196590389057
3.9313891866969275
4.040548377959926
3.980336506522932
3.983026049994602
4.01897774574619
3.9609162125024886
3.8751534304305997
3.8556269981578954
4.007564581267716
4.1569246958883195
4.25595915919861
4.32731219489819
4.282366031951788
4.128065104795371
4.079107787238355
4.09192204137923
4.245496236623064
4.188386480402756
4.264234597307285
4.249591820702066
4.172617928209979
4.358482382037108
4.367364481703061
4.372448296041048
4.5098391521151004
4.4598254927243435
4.429822417624419
4.361755697741737
4.370895164747598
4.252283850718198
4.235132546069225
4.272430253816067
4.38816378819897
4.522407580796761
4.555537592132704
4.503790120419054
4.39323997065194
4.217959945200866
4.349933385673819
4.525195588623432
4.673156606652759
4.720087187278074
4.763077378552148
4.8242449990532394
4.901800477288483
4.840722501541668
4.844044214596347
4.888827796371064
4.877794050649111
4.966201843252568
5.149915016346804
5.075772302929555
4.991675466675576
4.995234182535178
5.129144291734422
5.108948387451188
5.085163683148692
5.084892541260987
5.010723716616274
4.8757019965175745
4.850566385076738
4.994149432391445
4.9014325582909954
4.872290349710694
4.900276582649818
4.943766660627273
4.997478999188615
4.999129916566782
4.958045945152131
4.984737269138306
4.875014753256998
4.632309072759515
4.619068681111653
4.7907998792644895
4.858558683458904
4.814647876609425
4.874277269021224
4.70758109068052
4.605083584117077
4.686634284901304
4.646059781675198
4.59062903441077
4.577337056898002
4.583677277836765
4.554593563322175
4.629906012792029
4.890172107042616
4.891889973051433
4.982055548327097
5.05956306240164
4.989481692323571
4.914295901865086
4.8784063978881775
4.838847274113753
4.861057454149832
4.9907198201016
5.022818494650162
4.946730854521661
4.887021872803368
4.868959536617913
4.831893399238219
4.691133711729426
4.730967527708367
4.623888868397573
4.695676413842346
4.836481341094802
4.952021393830379
4.946052887296906
5.072600387517628
5.095097817366813
4.920110080239402
4.7745614413198645
4.84500663340471
4.859455510506754
4.9463715591934365
4.920773871574376
4.911190430119344
4.806479305996008
4.711973125195324
4.7215460071698185
4.795017519606408
4.8967278631946245
4.981199615943954
5.046461476188735
5.011098681078186
5.079802348616932
5.1589341388307535
5.130281819391963
5.105858151256467
5.021016112275915
4.923713150521093
4.842881587877133
4.691336862839412
4.502362407192975
4.445791208090404
4.386478692683199
4.491440882964332
4.543699083451947
4.598416563206094
4.559609378588887
4.710901624321898
4.754070215233992
4.702168661656536
4.610746267802088
4.646294643520791
4.68287532373688
4.658241156277629
4.726959791569529
4.773589393589422
4.844617320683037
4.924069740036983
4.9337986782769265
4.857822917385575
4.92393725855713
5.028160865816132
5.105573391119684
5.061179505364265
4.966459875860181
5.009860453760393
5.049226238989527
4.979668938215832
5.021183889907989
5.168349416987675
5.216844820658594
5.389705549312238
5.48945095224203
5.535384195435579
5.389768730466044
5.379797141207782
5.379974019978727
5.3778638874867815
5.476811633670763
5.3708966707446075
5.329751733094679
5.182231616424264
5.300196417013056
5.316249046770849
5.279863099059948
5.1998571035960826
5.314280788434977
5.263104300865408
5.108337776813459
4.919456384577244
4.855375016677289
4.846943185189145
4.833763772682652
4.871527698329675
4.890843706189943
4.7007922833197915
4.848866259702056
4.869960213937624
4.880150214392215
4.9071983448329455
5.045273669431941
4.961825641237409
5.048520245663001
5.073999279223265
5.044003930781946
5.1389615294001025
5.196693367242867
5.1831116698592306
5.2746710686343565
5.299215297261095
5.35472942467862
5.4002413373409714
5.330352891165489
5.292747437607914
5.288571357021863
5.244900212832223
5.1264502968339105
5.165442599403633
5.230641621451646
5.3196832545081305
5.457732170872759
5.524848941575117
5.4071566732929
5.411114040606898
5.328969956836017
5.275844117755951
1.982498733389037
1.9758873365855254
1.8822474452069198
1.832014994077181
1.6331901632980947
1.4099665454934216
1.108492718718036
0.9402776668197586
0.8610019056400529
0.8034539502734132
0.763809780914836
0.7252015913986124
0.6649652744742294
0.6912200495438536
0.6950114486874063
0.7609419691798948
0.7985875681129948
0.788950707789168
0.7614728001473046
0.7643673248048195
0.7749688365258133
0.824728392575129
0.8981433669322305
0.8164662074874652
0.7181916315854692
0.7048709731241997
0.6691248443778641
0.7250920425121476
0.8432261733971239
0.9485030404265814
1.0269190255870229
1.0208585853022347
0.9387352201393473
0.8564766287753335
0.6980144284914771
0.6230741735214631
0.5669856362410667
0.5839631634246808
0.5975089531758624
0.5609995580218908
0.47183688592109796
0.3696167933611939
0.31888014267372067
0.2527316449430803
0.19280033594042645
0.3194065480710089
0.4068266232424216
0.4738702230863596
0.5461077127906685
0.688695365895807
0.9238246478470031
1.1522206970532916
1.2566464098583427
1.1994303003142628
1.0695999384293045
1.0044688744427555
0.9108000028760057
0.8700532234638095
0.791478799930475
0.6391567627369866
0.6250194385896201
0.6221383469220341
0.653932489724917
0.6398484927404912
0.6420756366115024
0.6830493930127084
0.7419113976869731
0.7964124978082335
0.8389697089462319
0.7785474190475263
0.6515158345144695
0.5656907455870899
0.43292574850125737
0.3239623495789351
0.3058878442782116
0.3419626210135764
0.35356095287279715
0.39766432862299955
0.509634028149551
0.6753511134357421
0.8278296233933142
0.950744034927129
1.0579798769684254
1.1109733763843344
1.2423853571279038
1.3081119339675968
1.2001726399496517
1.0307929649780863
0.884117613299015
0.8772775664431223
0.853543087540708
0.8190885015473955
0.7312485600007349
0.5546735469454656
0.5710039583534379
0.6309477696579145
0.6652951185126892
0.6942841673688913
0.7689996742054549
0.8974021729475508
0.9809473273786921
1.0112648986061699
1.0093547845834925
0.9333948569129974
0.8569854292179542
0.7487014227430342
0.7144968620289793
0.6600203296720996
0.609666038542735
0.7447187238177956
0.879386474799755
0.9923985253258435
1.0475147847128143
1.1806920057306447
1.240147090019391
1.2273982535981605
1.1505799997023383
1.153674982603782
1.1546149143132647
1.1449389488233765
1.1272130755126855
1.084256583517918
0.9497299727671221
0.8844226782473323
0.8602292458344937
0.8996306900545438
0.9425042612829424
0.9806503302469931
1.0735655948452358
1.0947936792202528
1.046026959968171
1.0841765881410383
1.0550623326039335
1.0102095290601123
0.935464433742488
0.929142250703929
0.9325677791540629
0.9111934055954249
0.9084320506887296
0.9015939713554392
0.8956727486388609
0.9472901095688353
0.9535031963001849
0.9516410917066392
0.9425791700646834
0.9248754120456922
0.9648163072585564
1.045602902842612
1.1609254478403204
1.2366102374429062
1.2539932209472056
1.236856648759911
1.1707266822054954
1.0902806816319972
1.0038841660834101
0.9846480327904525
1.0750604081991695
1.0539331978905857
1.0499336443856526
0.9743974843730737
0.933189107814104
0.9670983723338109
1.0955094583012264
1.166655989007069
1.1135262124323744
1.1648736904710628
1.23560077380153
1.2618784565136671
1.2294077832104726
1.0897553836833496
0.9848022191344598
0.8939300479565901
0.7932027666537413
0.7723871180315453
0.8519818988790803
0.8665734669817278
0.9379963176056708
1.0724268784508901
1.1389333322431923
1.1968977036383595
1.2814603203270136
1.352288197563158
1.320454677412629
1.2356551307363015
1.173286298674707
1.1022506938653005
1.006439383420536
0.9208969658588393
0.8617131977138688
0.876402717420754
0.9042329507734492
1.0052848152712073
1.0632807191688536
1.0932430164071731
1.0660766643184678
1.0638564572504772
1.0627210996226968
1.0306530150148863
1.0635011684626448
1.123183480096353
1.1743403521372344
1.1857625473232576
1.100677492813566
1.1012886048232366
1.0112973110802905
0.8709553893515379
0.8197390003237496
0.7787758117079651
0.8639552754937547
0.9461702094035276
1.0915657555053009
1.1894815676314119
1.2122559194115015
1.2680932107858167
1.2499741036729848
1.173811289090461
1.1331835217882322
1.065264540313
0.99832007601794
0.9814243246627796
0.916024475573584
0.8949532885867383
0.8517030850052478
0.8574534261386781
0.9563754721256319
1.0748303534927905
1.1883669012381386
1.2583219681433286
1.3122749270476097
1.3406444226319882
1.259860072359402
1.2166135806818064
1.0745457387807604
1.0218847226632632
0.976553948063271
1.015790713793834
1.0666079901411778
1.0023293275490945
0.9937929472615918
0.961603670339285
0.9166148206325431
0.9129955039459781
0.9478470631969976
1.0763861166119257
1.1156798867735989
1.149409541080063
1.1363511205714554
1.1237079955866283
1.0448687678922584
0.9306033207121222
0.8539277541864746
0.8478966495898803
0.8952991884312792
0.9579259753950564
1.0556669483297951
1.106743595792348
1.222005011207132
1.2862714163483608
1.3458076995735064
1.3859861784914724
1.3808440373837052
1.2635238196614567
1.113059538496355
0.9547305277601502
0.8277626265722177
0.737687714411986
0.6447512089060293
0.657642691914032
0.7465429408417456
0.7655975820258637
0.9330395275963669
1.0382748656034828
1.234630136287234
1.3647792679123194
1.4856299505763348
1.458204264157073
1.319331232001762
1.1303107174097407
1.0037490342500472
0.9343738739373468
0.8066806396005519
0.7298700402618753
0.6695678461582604
0.5906318720623362
0.5850005789051831
0.5518692313930194
0.6334307930447537
0.7731969037133396
0.8894242212975254
1.015190825701278
1.1013121055168227
1.1962248999905487
1.2274699853355622
1.2318571997915075
1.1993556897537965
1.2040252660870794
1.185050513408424
1.1587110819394013
1.09160410454795
0.9763059248417996
0.8802638856797824
0.9138850759650476
0.9799581836870627
1.0697715562988888
1.2073058743946152
1.275783882283735
1.28914864793578
1.1215386151945397
1.0886328206151352
0.9325111561354487
0.7604609529101536
0.621166141742952
0.6030852556058821
0.6958870748186732
0.7811596508833688
0.8715853019323105
0.9968856734437473
1.136106759714832
1.2161145580009538
1.3057790526103923
1.3727809057324054
1.360026274285483
1.314090168607855
1.198401587458591
1.0756035053061754
0.957229987455803
0.9060361646346771
0.8539998458103415
0.751797502577341
0.734842872290129
0.785301676793026
0.8869707562932928
0.9530338945777964
0.997232458681763
1.0159909530748672
1.0780073076797536
1.0698380833149066
1.08599506890435
1.1385813338509383
1.1176114437020856
1.0617326738447916
1.015065488823413
1.0098318334782008
1.023526032979116
1.1052599769774218
1.230627929066218
1.3480367604291013
1.379671388353102
1.4026783957323892
1.377546356201745
1.292483456916965
1.2883126460414982
1.310543386442899
1.28604630949213
1.2111074105743846
1.1491378579408442
1.119717186382992
1.0530318191134662
0.9666133974557014
0.9354817485329356
0.9199233663127768
0.9349011274891447
0.9043295594734303
0.8654220975365946
0.9350730376512055
1.0400117766861157
1.0981013609286783
1.1241632747761843
1.1045965279652683
1.0647372744369876
1.0025409969612016
1.0164650394780201
1.026328686311991
1.1230467591449687
1.146490158042392
1.0749138043298374
1.003890394244772
0.9724604472514318
0.9139582052923717
0.9039381072705911
0.9542111949673344
1.0605091662052402
1.199371700650229
1.2721996089303746
1.2603859581458565
1.2046093781192992
1.1741024464971503
1.222362884344916
1.3113008526403973
1.372195047697496
1.3589711912721862
1.3805833786514017
1.3791978610473392
1.398883827354513
1.3831912018464008
1.3181886735280954
1.2774159742349032
1.2431629976085687
1.3156704011121232
1.4074822577788024
1.4813369542448727
1.559652598487014
1.6095684268023127
1.5692234313658813
1.4923842019014406
1.3883291348909834
1.2888054752959268
1.1910538226394443
1.099245830129754
1.0396690364283787
1.0913561341376996
1.1514180592032832
1.244262813913328
1.3677529823782917
1.4744208229267457
1.5518739039101153
1.679206317434315
1.70676612626992
1.7072234933854133
1.5977332228676613
1.459564840621219
1.3206393809294144
1.2176776857141032
1.0910347578979087
1.116092000177731
1.0923807377516568
1.1271437170296195
1.1673433208043142
1.2200555524046603
1.3374423776302604
1.3792465662034967
1.4523321488535164
1.511405617304285
1.5775705686475745
1.5320605965098038
1.4854718212870313
1.4395309176109798
1.3583003045505873
1.3063896171468645
1.2126146319498647
1.2520661387162255
1.2916890164331778
1.3611857581001565
1.4228223399524609
1.4532124703309028
1.4213216848511456
1.3738453739189742
1.3861730770358331
1.3679676933786618
1.3548809097089167
1.3137325832172402
1.3096846908615414
1.2410837138572477
1.167046809369586
1.0711137440819558
1.055269568025301
1.10416288289447
1.1410900537968758
1.1749026796226203
1.2375296801987168
1.3605926273009021
1.4337695695809425
1.4277250898166916
1.4567440025950722
1.37841513510928
1.3258853201963792
1.320900311404876
1.2429155183178415
1.2362013952092632
1.3042513070294623
1.4184637765336592
1.421941617170886
1.4302435618215765
1.4283576534241138
1.4442427547694003
1.4900690083043846
1.5499458090820601
1.5244688327956397
1.5248583938292393
1.4344061559418588
1.3422334825911697
1.2618802352640426
1.2322050984766042
1.1101368120660289
1.0835394530699995
1.0360054540416794
1.0611248351730467
1.110810335848744
1.1784697167021179
1.3438330555329774
1.446655960407202
1.5348827626872323
1.6288775746279165
1.6450880447258294
1.5800578648421935
1.5410097900357471
1.4670703888208303
1.3688671948126627
1.249817946125849
1.1449708383919068
1.0948623533204418
1.0981113316779743
1.1294237977999
1.1744756619044008
1.264196786092897
1.3866171797304725
1.4462728793235584
1.474524612438306
1.4387074103376885
1.4515460292422984
1.4405946768503184
1.3508190013231973
1.2523096231040867
1.1717355809430687
1.0947498815485337
1.018237733018825
0.9938245064590362
1.0160240596093073
1.1129569842690339
1.2374860130317558
1.3393951852337227
1.4412366721029948
1.5015644076541712
1.5345825727021276
1.5659141188206775
1.5657487684813225
1.5459072819956572
1.48712952475872
1.3161666182123588
1.176224391757477
1.1054807552872838
1.062812258381264
0.9833960521800191
0.9696919414650551
1.0841950070766695
1.2001378854764626
1.3558665002665902
1.4818836525389605
1.6197338419053142
1.7035514337747373
1.7321396157245408
1.6805380834127652
1.6242125360747588
1.5385567496421215
1.4400712253451444
1.3643260842070473
1.2454981010702926
1.1928793362061225
1.2166102379972656
1.2297949888742248
1.2257684114542695
1.2511137076521148
1.2829564920439038
1.2937881590537037
1.3309941101948917
1.3572877282173712
1.4400568144578745
1.4853010927188866
1.574950292219854
1.5871775192914859
1.488396132537757
1.4023535820449098
1.350463438573722
1.2612629088051488
1.1724934252988022
1.1360321758368335
1.2231342894601702
1.2662200228724556
1.3190032099606959
1.3943602737336125
1.477304092130686
1.4940026842387653
1.4478349495053973
1.4204668247832393
1.3940485881980242
1.3000076081969683
1.303984710337217
1.25138654854967
1.1970094399598592
1.1154903015368125
1.138438104204356
1.1400601675830315
1.1016198151509535
1.1422934464173813
1.2028506579282727
1.2296772941560785
1.2403036510375651
1.2736535846648105
1.2562362781870615
1.2407050218149103
1.20780638941817
1.1584454575861995
1.1510645992072568
1.078886949208053
1.1614846862159711
1.2576472090463537
1.337015281752442
1.381616697863433
1.3927054660561107
1.4136457531119972
1.402076953065112
1.368368060559676
1.327528668378609
1.281789225894268
1.2396509301645418
1.2485316577644567
1.2459902284753526
1.3159425268459912
1.2822936590767366
1.3370243913526547
1.2957462848116248
1.3212976423118517
1.3179204631962598
1.3162801721660071
1.3054388369306091
1.331730133732843
1.317026723428316
1.3329742222980383
1.3852942847583807
1.3525865700585302
1.3668524584516317
1.328831765498815
1.285766821345941
1.2383232292391653
1.2517362709480255
1.2937812878516406
1.2409225126198051
1.1580362358068317
1.054009521209568
0.9824135630306953
0.981843272951568
1.035025761145704
1.05294336688015
1.1843163472012643
1.2710056711670332
1.3657531853138922
1.4769414172174498
1.533029487559781
1.5216719455470378
1.442520836013302
1.384840672903244
1.3406535448975092
1.2757232423562437
1.2911988442407658
1.2411197362304929
1.1353686507146994
1.1604061149821214
1.1981824405811574
1.2544634082003931
1.2707298757455252
1.2926888364148204
1.3396871422517649
1.361490535735242
1.3444571230840443
1.3131108260628925
1.2430793574103476
1.18962155424043
1.1699320071739114
1.1674365625274128
1.0812072235838621
1.092375174878243
1.0498068053206007
1.0467196140923334
1.0832111251331558
1.0958210477419863
1.1206685212798464
1.151213981197293
1.2304902881282738
1.240823750112234
1.2628067598183705
1.2966707358132854
1.2759365314461126
1.2321975367817868
1.2357962052809845
1.151104737983109
1.0516824260403277
0.9763054058561085
0.9643780562706666
0.9220415880811605
1.0171799862375237
1.0752890022218038
1.169291909889578
1.302929763357648
1.4438111779384841
1.5031923963085054
1.544209007887465
1.4440383200114117
1.3911318870833338
1.3085571102715172
1.3075833775090375
1.2712761665145853
1.298957003569358
1.2698171971294108
1.210803124797706
1.2804206255701223
1.2338060969576203
1.1903180789815186
1.1435015520842844
1.1780275675295886
1.1945892458234268
1.2460359705656574
1.3269510181037463
1.3790224386282295
1.3456834260988737
1.350537964629599
1.330849336107098
1.3253186560971042
1.3285712055275598
1.2605733145364082
1.213465154309141
1.1901188890459542
1.1407632046040561
1.1436823188049308
1.159549977538775
1.1608360851840047
1.1488199538150812
1.2274273456939244
1.188233269278917
1.164157005969399
1.1301687458023268
1.1370820214930357
1.1612578432574034
1.1383214139469184
1.1306757973375596
1.1127564396856249
1.1103507242865402
1.2206770140702883
1.2400109429256465
1.244520825757108
1.2497837281815916
1.2488297267943622
1.2605354600365968
1.2671793441382337
1.2407779648732742
1.2526369174102614
1.257636030519756
1.2737857271589317
1.2165000340729604
1.2046356228488566
1.17079508995909
1.1735182505397557
1.1357748190168564
1.0991421167023692
1.1610951694424525
1.25506549522148
1.2581135037016968
1.2775741118852846
1.239139257678993
1.2224061069731587
1.2278101802268548
1.1943628829184099
1.1822648851199151
1.2117999293710746
1.243795797798364
1.239904039991019
1.233608579301981
1.1905148784061326
1.1645924784479262
1.164329884782286
1.1609666212680871
1.1638830539176752
1.1112934805914008
1.166685029116754
1.2348058872914103
1.3006525064849948
1.3814518789517376
1.4460870352591297
1.4157433848595153
1.3905597836078873
1.3491020643711875
1.3536555805278596
1.2838192222316247
1.2345595792945006
1.2181568762029291
1.1748599477334891
1.1897334017161247
1.1525576695499227
1.1471507954673592
1.143144678144592
1.1988025958964397
1.2578568405774981
1.2967574479804176
1.2823408450245526
1.2205040088016312
1.1550147718607622
1.118667779785666
1.063915376489851
1.0614564561911208
1.0261489252126232
0.9923355464810648
1.0135649239988218
1.0699792528060132
1.1443517193339305
1.1664110031013473
1.1946543337146567
1.1754804291525602
1.1806722983581903
1.233832834301718
1.2567021848241535
1.2497117377645066
1.2924257118852711
1.3807160389640187
1.401889946961515
1.46108739776231
1.490380220956447
1.440749962802546
1.4216127999008137
1.3800794957254157
1.3162635976727617
1.222865612657564
1.2402946383241737
1.2055243414401344
1.1863316148872216
1.1470284263813084
1.1148006392028131
1.0954454202974595
1.1149201456965505
1.0830894284034336
1.103514289095358
1.1263377279962983
1.1236854692566702
1.1703416306266612
1.1615755660870004
1.1900783510849666
1.167792306260585
1.170037107487941
1.1865095740712726
1.174647640849152
1.26168837359648
1.3053744954207105
1.3593761595371554
1.3495068726786321
1.2862665684340868
1.2139901931787773
1.176334250947609
1.1631640482506769
1.2394834341371612
1.2710745787036122
1.2810032573860237
1.2538235390840318
1.2048736803309312
1.216683210152958
1.2327664457032423
1.1765962238455723
1.2085422703539948
1.2186447966973757
1.313637293921654
1.2998568478342827
1.3221044243643703
1.330820832439332
1.3073038399134504
1.3041865734436597
1.3025554396855146
1.2965982475761384
1.254714815335374
1.2703158421329308
1.2277287800955292
1.1793836899301275
1.0877331308862184
1.0807623965026398
1.087190613258032
1.1165058763050684
1.151950646595354
1.1367236335477775
1.126773661728455
1.0909123213301093
1.0995686098087458
1.0580287815517004
1.0424323309112977
1.081398132557434
1.08624929608752
1.1053153317168982
1.1773044218790754
1.2288440275231738
1.2932685328617775
1.3319374783052655
1.2873618007546404
1.2793089380200708
1.1901619629586961
1.1471549424614245
1.0831433147823424
1.070446003972328
1.0419677709584068
1.0135629981275267
0.9720001098753024
0.9060187094578611
0.9728322862254457
0.9961271929879023
1.0115125489940346
1.0414172344400392
1.0948003730897968
1.1775447464271922
1.2633436049461406
1.3348164907172118
1.3812424356736417
1.4317488757875356
1.4445056241369287
1.4166486099436013
1.419266821097184
1.4327696256901425
1.4008525060663004
1.338099362109977
1.3603990284790897
1.3713941792726143
1.3414189997566826
1.322302192942192
1.365256040489961
1.373522488513228
1.3348131163169028
1.2469600735606716
1.1819846866858263
1.1891340157518864
1.202397240734809
1.2336272325783149
1.2793969961483957
1.2609297693278476
1.2807752123894824
1.2175967459077832
1.228106907209837
1.1874178249684653
1.1706159246899281
1.1715352220720059
1.2241560701247938
1.251725019288635
1.2692995122568842
1.276175290669625
1.3129053434674542
1.2475203446778282
1.2063261151275433
1.171712734063628
1.1435884848963538
1.109040007714421
1.1700833422252601
1.2040051295279084
1.191627714822811
1.1993561541574773
1.206929480693808
1.191916422893396
1.2509709832860048
1.2798515126712429
1.3316709513339204
1.2906935274022973
1.2742089428691583
1.1858987283714646
1.1572495670207723
1.1660020713953856
1.1948854724105602
1.2235310267762594
1.2076349579041985
1.2740554903470558
1.2949986048429127
1.3162508649482327
1.3836525936642456
1.393916398640747
1.3803436324696094
1.3938992528994234
1.367022404382994
1.360152354121514
1.3284328770116218
1.311153622185123
1.3137308069652351
1.211101333938272
1.2173501833935914
1.2536110442607948
1.2909251484892184
1.343796198192089
1.3155422033962454
1.3255643116527431
1.3072823564387
1.3140158962013784
1.3471538686418376
1.375935713514477
1.378929721591069
1.3889770464616322
1.339525531172602
1.2467496291673743
1.2031368505162938
1.2253179737299091
1.2218033066489276
1.191655374364026
1.1553099576515296
1.1498083269915158
1.2120655844453803
1.2093092062655229
1.2423186766518552
1.2057294556487184
1.156326913271436
1.1646646022149214
1.1342910420351167
1.0521911526869507
0.943523888327114
0.8309236573832689
0.7227624859584697
0.6803236772054143
0.7737547468590863
0.8339265489702512
0.9357578727030441
0.9448193719099516
0.9992385177214365
1.0849056429117465
1.1711101847130874
1.189861415807938
1.2135017540537978
1.1972334560912603
1.1996581014795087
1.1873094458691063
1.1589945369043593
1.1834316053211205
1.2319991190572046
1.2306681528155965
1.2556178111217546
1.3204589186647555
1.3738375207685383
1.381967970932734
1.3561056009760426
1.3653049452218724
1.325071361660953
1.2763352154540766
1.2939316691952487
1.3395779788554707
1.370724420079926
1.3859967743430126
1.3713177370025114
1.3299550907969937
1.2794528905820348
1.2439360018180465
1.2594616615295446
1.2531709255970866
1.262508757730571
1.260074837086602
1.3394656132200047
1.3598019277000466
1.3735378719880194
1.3861732678549012
1.3810661025486717
1.3710988632046315
1.2500857191306616
1.2113392748072151
1.1940454098570212
1.1566848515896395
1.0834467270827783
1.0180942570166067
0.9316822589953746
0.9037863314800196
0.9351231557073467
0.9410098928829873
0.9513727434118993
0.9719506893715325
1.0294926684320398
1.0103062174339579
1.005110696203254
0.9863788540511778
0.9307959432732424
0.9195000777885798
0.8668518306347113
0.8513415762301804
0.8882239239570313
0.8826385573636861
0.9415221403147669
1.0750578884181834
1.1349849275988315
1.2439839284115832
1.2944030439718972
1.335530672089692
1.315546354249576
1.2630490429460774
1.1903763141027301
1.1270447927434422
1.0932846815172181
1.0346435773744773
1.0037045912383724
0.9574161999416211
0.9742180843129147
0.9434718194211125
0.9524912930928882
0.8917088693791965
0.9172077368697874
0.9349876897612756
0.9769900794851939
0.9870843732836208
1.067632590848364
1.116726313811743
1.2218035356054477
1.2352430311650275
1.2725051872532673
1.2928381984958233
1.34352175184815
1.3885157200794092
1.4026847990673026
1.3833991234722633
1.360001347764942
1.2489100867748337
1.188068519423532
1.100908539172173
1.0455455807284029
1.0205324260486262
0.9643564489162086
0.9977577742203286
0.9867702794096467
1.0414067806738965
1.010065064496356
0.8878147461319479
0.8730393541581742
0.8889875011139218
0.9148904717471416
0.9341167976571452
0.9918770266730162
1.111897066802266
1.2125730813341362
1.2901788778341194
1.4011751644272123
1.4760405609628546
1.477193475852785
1.392203429532488
1.3504387230928057
1.2147910275275917
1.0828600128576507
1.075915742027681
1.1239745374193957
1.1976640278457742
1.2765612285627421
1.311018560643171
1.3498311728165284
1.4162230807541647
1.4463407485684814
1.4986512968004222
1.5079491831407796
1.4963189795542047
1.405758408320613
1.2495712257497542
1.1591905567044365
1.0240115171326722
0.8814591566478075
0.7926638920390077
0.774799600437142
0.8095998668277824
0.8522478793773778
0.9105702732434949
0.9999485291615354
1.050441724363131
1.142794328637774
1.1959163672427529
1.237064653223203
1.2110868947259326
1.132625973883242
1.1450416414174782
1.0879285331674966
1.0390970914709823
0.951920094627348
0.8228890225557685
0.7360983303376171
0.7570441547872437
0.8530836892000412
0.9866521546486292
1.1064924997403893
1.167744722516101
1.229097219094254
1.2890372537770909
1.2785796535540348
1.2695041056630956
1.255201596691434
1.1877701031649692
1.0930187722628124
0.9873916049977629
0.9110680571976266
0.8951722456010814
0.9158449326292026
0.9598444960409448
1.023664120151694
1.1181259652063298
1.244158226235998
1.3462154820693828
1.4681389173305808
1.5401299886591184
1.50613707563161
1.4662961466891142
1.4300787869973715
1.3311729413854296
1.1960193885844743
1.0615364216736085
0.9443391364413138
0.9565195765596115
0.9760504440094513
1.0241533692967648
1.0071511874915533
1.140396929926763
1.2394563191659271
1.2925969867468432
1.3522397857728754
1.3464820155113286
1.2679807869105089
1.1548452593972716
1.093477319990634
1.0534518154815493
1.021385698527663
0.9734454464240656
0.9617531959731703
1.0225351400089966
1.0390110398120713
1.1100595410503402
1.2064871687592358
1.3210280841307225
1.4091233218460235
1.3748228225628532
1.253271373849561
1.2096041927453571
1.1268347672968966
1.0461954273486245
1.0531273248323312
1.0460090467669296
1.0290200178409104
0.9934770755975137
1.061854767900258
1.0651291545147907
1.1043485660326573
1.1749006884774784
1.245421409212991
1.3330852831337177
1.4167244027863024
1.480271828121809
1.4722128147234463
1.4140113770359446
1.3670462020328173
1.259222959451633
1.1544369452390402
1.0457594115809992
0.9504753480760479
0.8869631029134836
0.8074579925473633
0.8292985928614256
0.8901976854600706
1.0486991597795963
1.1229392350794103
1.167858011783142
1.3051059769104392
1.3993946056236228
1.515540223248163
1.5731767029468446
1.6127537088628272
1.5611507455589568
1.450276893997335
1.3041939961127968
1.1854832573466592
1.1355247759491833
1.0839677599594923
1.0239705369177934
0.9799977685678576
1.074702811610559
1.2160643490242484
1.3523181088060332
1.419832330173633
1.4814447710136536
1.5603492132257097
1.6358903253652657
1.6550271297746053
1.601438092754907
1.57046697624474
1.4583850254029291
1.3468773934546363
1.2668514628707888
1.206936277474619
1.215138480730033
1.2212040228674257
1.2605023711629468
1.285954771749836
1.3186485659987648
1.382901866412525
1.3884776540925048
1.4208485684077707
1.427481710653725
1.3929210090859794
1.3160359202519585
1.220593726499989
1.0750227087061903
0.9843976939993848
0.8659577704638102
0.7459300719911525
0.6542481211018303
0.6682521392779247
0.7606615124753973
0.8756596989104228
0.9817033091741059
1.1228966127635571
1.3080590097098617
1.4467520413817185
1.6148238893547289
1.5952413038230964
1.5194324403964365
1.4116916338366865
1.3392801011243238
1.2419190180956443
1.2024561794913031
1.1628883181517498
1.09315837327247
1.0710326474150824
1.1290653539980369
1.2059425067153475
1.2886714801065398
1.4443311862345363
1.5759319293632594
1.5325459570882976
1.5159798078616837
1.4572818656360809
1.4031910740302367
1.3000641256504681
1.2490360890776413
1.2296940343162999
1.2175816140030367
1.204630034270042
1.2076963851751976
1.189566410542602
1.220023093072487
1.2322307609627443
1.224742173037775
1.2527765494212373
1.2038235010571585
1.2387205229565348
1.2954545881774993
1.2450049475417744
1.2023103166560625
1.1381473768813442
1.0423203497748494
0.970281319937441
0.836221675067918
0.7602908177351515
0.795123393611582
0.8220249571169141
0.9172938193314548
0.9733950276879462
1.0987705067609093
1.163020575633642
1.164126599572614
1.1715746521984232
1.1865690118506327
1.1579836305117694
1.1152016368108137
1.0490149620400673
0.9054404140145934
0.8109720404688985
0.7206059816837904
0.6694436231404807
0.6745937304722474
0.7480106426411924
0.8342893475806625
0.9530141981676873
1.0992974639115767
1.2313728089638787
1.2824470960985546
1.334095041625193
1.2807365696728494
1.2152189135006253
1.15110778308195
1.0500952399240118
0.9923198944676073
0.9501479769112628
0.9180165160448278
0.8823091741790644
0.8484375007262792
0.8132387301115855
0.8276903313573928
0.8660555164191865
0.9659081198083697
1.0877875755353585
1.1193986597881804
1.148765620519082
1.1447294991103507
1.1618628884028737
1.1738327545021128
1.1302510723957833
1.1159159515040924
1.0990083040264222
1.0983492134995996
1.1283658595470039
1.1414518765288897
1.136474024288971
1.0924557015439433
1.1122469665711352
1.1529624319971443
1.1921277787823215
1.207372661865256
1.2136080677582282
1.171857468765899
1.0567698270012373
0.9896159871216283
0.9986612206886454
1.020259380148145
0.9945017861760325
0.9515981444091296
0.9409567417256041
0.9484246058043624
1.0487567202607058
1.1426456302701766
1.2520463927834011
1.3519187183928905
1.3998516364361206
1.3470587234222446
1.2907546156974508
1.2039560834649494
1.1696276380236639
1.0485850225260973
1.0296305970182553
1.063956871108148
1.0604788650980534
1.108916262041073
1.1403758881352104
1.1759290404888743
1.2675632754681296
1.3170742490726155
1.3922582948093447
1.46686322705356
1.5042471568614655
1.4249191247052904
1.340724295517952
1.244048597846108
1.1439677049302919
1.0353374683236083
0.9764665640507197
0.9666050076731911
0.9641544242848736
0.9791084873440419
1.0103468133431006
1.0501338907046733
1.1531884122848468
1.2470920226739748
1.3053123436288425
1.3021507656238753
1.2799273444069592
1.255621784680499
1.2057725751580093
1.2586414524628537
1.2110382717295158
1.2008852838900232
1.1845606735024794
1.1520728978941517
1.1258285131700148
1.1037698210084124
1.132022834958715
1.1302809782079424
1.1818287898970459
1.25766316152602
1.3090767954042917
1.354688698430736
1.3459680627103614
1.3118821044862248
1.2445857688575057
1.2359451904484038
1.1681569362867021
1.1355212034548168
1.143663299252106
1.1526701479103263
1.160272325525482
1.173867006831425
1.2295597615180152
1.3064431241345782
1.3811144316102542
1.4294966894765657
1.4463689920531784
1.4426501880482698
1.4414381726661498
1.4095438440321373
1.364678163108808
1.3111718376461698
1.1333383214639903
1.0492266479782533
0.9136562930010945
0.8271066085924593
0.8188480311129951
0.8799264816351884
0.9579296705005647
0.976347470710292
1.09774433603192
1.2535346991443783
1.305892284116384
1.3385370435058457
1.3315182275898576
1.298080667006989
1.2349918391458907
1.2035326809432416
1.1323710179655782
1.1489799013881452
1.092985389248969
1.0366039535951221
1.044321476701139
1.1374363224107567
1.1910651839639
1.230738633159547
1.2218208389278062
1.2074526677544433
1.208265600924375
1.2248075968081733
1.208773894439089
1.1926246044615834
1.139050331787436
1.0279755524746859
0.9443897445655425
0.9347978875989337
0.8489366409855045
0.869473351739704
0.8904743811091381
0.9493003765816644
1.0262862514974034
1.0846096217138257
1.1650700907924674
1.1888292477043811
1.2151857119014446
1.161729000157314
1.1171627216875057
1.0498964881298745
1.0536960477785584
1.0325164714657344
1.0217322644938833
1.0089450903521422
0.9948374955270408
0.9944148741665089
0.9844420493138367
1.0145417438219793
1.0781721575029435
1.1966744725485379
1.3285159462744491
1.4425173192960699
1.4241674855871032
1.366569476908043
1.3487555124537902
1.29082179867256
1.2199141621160812
1.257251979421316
1.3193282283200096
1.3592598358247199
1.3000815320060328
1.2827631338109198
1.261843310592449
1.3203950273194223
1.4354609552958328
1.4932806991830736
1.5529217522754089
1.6742063217647485
1.7069326667463687
1.7157234722126318
1.6624657763684871
1.5540068023466456
1.3746762818836402
1.206427135880427
1.0853405606661308
1.031463576172678
0.9963209148455112
0.989606982386767
0.9915664876122976
1.0358401990023984
1.0783722316706248
1.1557973815758875
1.2068509413363993
1.251212737433309
1.2738726138798564
1.2234995213205158
1.177918728971476
1.070822298693952
0.9710006805298166
0.861363928413642
0.7772592399532127
0.7234251438529182
0.6605376287758392
0.7177644587809917
0.806361363018396
0.8858552290982078
1.012403995059012
1.108456462658786
1.2009689472515601
1.2878705000750075
1.3116766532656154
1.2163105710260458
1.1800309527761301
1.1905004237921653
1.0925416381094157
1.0508052347472359
1.0393318669280933
1.0838063561113156
1.1152198417916337
1.1340958288944296
1.2187431981479977
1.290720872110088
1.3579020900793948
1.3881926318022957
1.4601111166728267
1.4449125747673028
1.4036305868987484
1.3105449390952826
1.2059144282112688
1.1474220488976172
1.0012692464626065
0.8798179218711263
0.769686820692898
0.7159440675347739
0.7183982517057533
0.7769868708217322
0.8838905689896468
0.9446056133825024
1.045631223169434
1.201991172855015
1.3033714871588709
1.3759588184521663
1.3713734657851058
1.3563806920985515
1.2972318946607402
1.223286391962582
1.1729392908826022
1.1317678473707027
1.0376748674048
0.9851360583627516
0.9372696903699642
1.02058895214216
1.101711480860456
1.1194887322292337
1.1988333172228414
1.2080110554782109
1.3138336018129868
1.3329299210584553
1.3220120746813842
1.2662090822090983
1.1951125666218498
1.1032428138572363
1.0066941587173581
0.9462007310411988
0.9579157850604436
0.9865079676052892
1.0717463618072918
1.196814666350691
1.2717787656688697
1.3651090186986448
1.427066374442058
1.4768706662890603
1.4686806623999087
1.43451584385999
1.3582899228620156
1.2103220097198053
1.0523356770769186
0.9353507407982791
0.8670317366143853
0.8788555945139811
0.9252219977705138
1.0254835113355045
1.0946245621947754
1.1883999236451082
1.2792715456700794
1.3413045767050247
1.42044392066636
1.4537592299943771
1.4203995725932685
1.4250094804213205
1.4096625193407784
1.3496868441646277
1.224847126661894
1.174206503860202
1.1192331475725152
1.1257487096969718
1.1219044782300371
1.154792348771573
1.1392419795073254
1.1607922734936367
1.162939043565064
1.1338089931559079
1.134660423214353
1.1552407562201708
1.173545023330466
1.1821014836758317
1.128494394543303
1.1158974306888532
1.0946439530208807
1.027486090578548
0.933039603644588
0.8094207584747489
0.7950178471880562
0.8201617127660286
0.8970839787443281
0.9629711965100901
0.9514743083528004
1.0413203641754813
1.1522545371930053
1.2325896526030442
1.261630455289702
1.2041248308207897
1.137012305374271
1.0416881589364122
0.9590259037724767
0.8748011054635717
0.88333300979008
0.8475345428476382
0.8760598327052946
0.883845139626948
0.9224773741632497
0.9978149438357543
1.0913144911469095
1.0996687301418262
1.1280224279601334
1.1689426057976842
1.167044683462506
1.1532507624904773
1.1248129607409643
1.1295932633868673
1.068220659752933
1.0764025674022348
1.0527199906621718
1.036256995171451
1.0210065624448248
1.0666508102320706
1.1547834772578665
1.1930275160016341
1.308128310389732
1.346446918503263
1.3631252748685874
1.3555405664952889
1.2656740010516754
1.215525288581903
1.1193221916019522
1.0855879598709168
1.0086183588586357
1.030436669537698
1.0924778088483595
1.1692573026065227
1.2020724664402884
1.2794516739593735
1.3596763734701762
1.354118701240841
1.3372949674278782
1.278471141101944
1.2098109258931868
1.196252158019395
1.1197142245988774
1.044517117180058
1.0490792471651558
1.0026713397167462
0.9064162234601995
0.8572279164576403
0.8591352813366829
0.84899696174126
0.8623133745084829
0.9306515488304261
1.0174828011708001
1.074867098413663
1.1629774976664131
1.2197964616847192
1.2359791397639788
1.2455691017607766
1.2707415686762407
1.2598043989317957
1.221555965852002
1.1839600159874757
1.168446443231967
1.129456582424875
1.0965415880654419
1.0733463846435258
1.1480178619046373
1.2235683704586393
1.2258225075571718
1.2234128391041843
1.2029502204549716
1.181141174962672
1.1502631935576797
1.0677666283206273
0.9719708799893783
0.9008521004127321
0.8736393471864358
0.8240749401071165
0.7507721712546881
0.7087039428044919
0.7169888802851331
0.7803769257952653
0.8366912465353232
0.894605839851567
0.9156759044944518
1.0339204068304273
1.131197672972885
1.1292690830089285
1.163061288008916
1.1107480369707858
1.098757216649526
1.0447436271590658
0.9175709287193404
0.8844937578139386
0.8273243258579965
0.8513354278260735
0.9095615764528608
0.948636052725583
0.9661235136733406
1.0584241944972603
1.1063915117926453
1.1616706797120309
1.266816237383206
1.2986857855755156
1.3022098259876334
1.3089504792219417
1.231210397782097
1.1693211977792282
1.1089580461544526
1.0206389342588968
0.9424377777630515
0.8652573932677546
0.8819632077418034
0.9418331719116005
1.0902358787366984
1.1676579494071964
1.3412823591909513
1.415783377584143
1.45264673169492
1.4354168205310287
1.383612802467153
1.304721409769636
1.1964687725629102
1.1076058184245903
1.0780939357597217
1.0343468544453072
0.981512794979977
0.953047130127571
1.0057184968017745
1.1064289764028978
1.1401880467530305
1.1929596720800364
1.2437175294229612
1.2665998363949307
1.2862332413429678
1.3175693809914093
1.2554147971476883
1.1520867363707554
1.0237520829388926
0.9347796915435924
0.8796131615567135
0.8342095685129662
0.8515897928944796
0.9119532235456453
0.9253434611241085
1.0107254058509798
1.1337140597667457
1.2249839882333209
1.3252445883391755
1.3372770269657621
1.3470160047822457
1.3106661048036827
1.2340115639303395
1.0730823139285723
0.9979732690206237
0.9487859439273807
0.9294202634930406
0.8774955790651326
0.8497024568221286
0.889992757713592
0.8905095546059077
0.9314799964621145
0.9295870853171067
0.955978348194467
1.0387447640846108
1.10884563811502
1.1484909115692947
1.1309610765336828
1.133047903233331
1.063922293922339
1.0138009485653134
0.9911825898675284
0.9429804434241891
0.8717073789902109
0.8079688076069267
0.7961096335226914
0.832055616903651
0.9535080461368033
1.056825482680236
1.1162278293201953
1.190815833868884
1.2016634489864904
1.1468319896369352
1.1270385259207827
1.0134431083366062
0.8753824083926212
0.7331742793404018
0.6619564536280365
0.6862074874137716
0.7452981347156182
0.813823431791684
0.8676967460022095
0.9147149524143998
0.9702364170969575
1.0483473691493146
1.1309645261660295
1.1663350190276907
1.180889103581512
1.199890976194425
1.2483296548288114
1.224962288154574
1.1736099039249837
1.1073134482663998
1.0866318712372318
1.0761713222026879
1.0124671342139144
0.9943559144559528
1.007731053632453
0.9973925698092024
1.1285175125255897
1.2231763483535465
1.2798880547273757
1.324312499725929
1.3525954755654253
1.259395575613817
1.2144446847768409
1.0803575860558616
0.8998317492979316
0.8172445600686353
0.7199671741701239
0.6705355216967209
0.6617304301182457
0.6424093503066853
0.6694247875207366
0.7636893066681704
0.9803762053210135
1.1969213632523097
1.3438202588290284
1.3534340586948872
1.3555546318525284
1.3231357573700038
1.2111477382240075
1.0394838260204176
0.9351173478752922
0.8175576940371571
0.7010053899371065
0.6130349933174013
0.549311404194574
0.5229879403344289
0.46024952401606256
0.5046275389263444
0.5380027245924777
0.6755231010804265
0.8101329486210304
0.9241471008329223
0.933621502565708
0.8736078370943622
0.8366620144805524
0.7146864229753962
0.6304429542223013
0.5198319401203628
0.45994878735188466
0.40138857091642033
0.43764551752099096
0.5131711090864606
0.6221767804475435
0.7853838073567044
0.9605586421324349
1.1561273164509278
1.2613165989904025
1.2807662137594764
1.3321986801429773
1.239473704956053
1.1165614237758488
0.9000003517398047
0.7945835375229392
0.7588254770463263
0.7021592708449037
0.6453129427227637
0.6260133252467256
0.7371009103996877
0.8398630391290652
0.9907795425169946
1.0323766949804118
1.1314823155319558
1.2572540343496632
1.3594494028209727
1.3855493743809555
1.282267985330359
1.137623510842519
1.0602414809988874
0.9361242030821242
0.7675794710500082
0.669211367058364
0.5573370737449093
0.5673169837258057
0.6474290360595459
0.7856526198143612
0.875696868788944
0.9535761468980605
0.9646449571468043
1.0349059862737024
1.086726591405139
1.104332957769492
1.1079408706752985
1.1029579785071897
0.99351254480043
0.9589051532348869
0.9487357142353844
0.94944437212439
0.91754629200699
0.878841323921531
0.9078373280348726
0.9501422301111258
1.0595628656787628
1.2276025262746657
1.2947776732628966
1.322474247060751
1.2713900442692507
1.1912948266932717
1.0871205013758745
0.9859145412647446
0.9511816355219034
0.934419325631973
0.9272214980777848
0.8607447454485194
0.8199076812312804
