0.8168055926175645
0.7914600174018966
1.0032114502577456
0.9702963704481986
0.49359000624389204
0.29454052303116396
0.15807126393429793
0.0885152996650978
0.2454892711229673
0.42337903186779136
0.481151249982086
0.31681275132836695
0.35301778377881377
0.2554933959236058
0.05289097306948895
-0.010298679577561245
0.06264051894839781
0.23102909595689325
0.2912879468156247
0.32340551444380466
0.24572970527849425
-0.011571249796929592
-0.2819469219348548
-0.23027875615148513
-0.1877747963265088
-0.04649635765857397
-0.09164218675145676
0.18821112895855613
0.7437352102493483
1.3410179426304154
1.5440207813632725
1.548503792331424
1.5922636513046964
1.7513521042204663
1.8059833698279655
1.8072661504152754
1.891206381549173
1.9983959261500963
2.1790711798213405
2.3347524844758105
2.3081470185872455
2.3201535493062195
2.3519199918585922
2.3024662303026058
2.292462177826502
2.271831113627685
2.2895043636417376
2.350529617141399
2.375767200440043
2.342661691424707
2.587301898460166
2.991824878765685
3.329679071917694
3.7549682558627735
3.801588382106989
4.369048774706301
4.485431744206035
4.5616496455473285
4.443784857068429
4.219148745529171
4.170514803166531
4.202283980382275
4.018647270689862
3.9496626192079383
3.7335877578024617
3.857336862542682
4.131504112091119
4.139730909639179
4.206290000843543
4.132669041577492
4.101091858871286
3.9782075752468877
3.9131502469584247
4.040543665509408
4.249056534944171
4.4889374128004835
4.68122148888936
4.431357336362278
4.360324002716926
4.544753688070273
4.495901867923897
4.594447727952547
4.521746101346054
4.465879160858775
4.650287943657515
4.6033523377697385
4.388401747097169
4.506322060543551
4.671325529407357
4.957507976764795
4.826703974203991
4.728065388459052
4.5620186377400715
4.605263717803857
4.4937594835606065
4.312157686705846
4.368456133851187
4.221677840680606
4.310375491234987
4.484420851620634
4.510025214103041
4.617546213939074
4.2893447790511665
4.5415078024938
4.619634883835527
4.619912276180981
4.6168505909884505
4.480339278199264
4.422890321566179
4.4794182663811135
4.3311703723752455
4.375865566333332
4.140899156999113
3.870554764094696
3.742667012882984
3.5594884459228044
3.3530277213692457
3.1765936461276683
3.634132386864164
3.8332101678870467
3.725603472920824
3.538007761743754
3.5168815537436955
3.995068461313554
4.376975683244066
4.700324026145133
4.613000185529934
4.424477061932747
4.492763944001167
4.569756412758539
4.829766259969737
5.2123312353261495
5.09965314953941
4.7699868534426555
4.581622904603176
4.69104424480247
4.799161224091744
4.395519674377906
4.325269174810051
4.45676466784393
4.337247220978363
4.136055971822754
4.162439085521528
4.160402416839166
4.456928300715421
4.753413472417524
4.896566973903329
5.004579969922349
4.92148177800828
4.77759921059999
4.806755649172852
4.722737808187501
5.00966116284204
5.012428166988776
5.231318684741057
5.123852771030119
5.291693430012543
5.271977905394581
5.185861460732569
5.072844465616414
5.0166576295403935
5.1950664491510645
5.307963825983583
5.536929896455316
5.52381286022445
5.397472603449811
5.251075736413113
5.120326122995091
5.1716250059231355
5.529796290673261
5.517647923799543
5.242523208022201
5.549548249929525
5.786042724064593
5.8593866740099365
5.798155143550883
5.753418679577111
5.615118271542961
5.520312588648968
5.177520929538778
5.040581039089589
5.336979539807483
5.428172876115534
5.266853289349142
5.064337966451301
4.976599763808095
4.957608952354419
5.116034348940873
5.11520156205058
5.117653203376038
5.191244239345415
5.235645738628736
5.135310051046654
5.088893120769734
5.6393232828125806
5.710000286154411
5.615450513183137
5.353380588972536
5.528493396032355
5.5094394359283845
5.716517380526536
5.799007476739185
5.945731849231654
5.935782026229558
5.940514502782184
6.021888055232003
6.282640404980495
6.145419219791038
6.1030434624145276
6.11892809595719
6.040367078214765
5.966608495020568
6.233845556623211
6.03184893783245
5.697177570748562
5.891195291012079
5.953798219973277
5.794372092506382
5.579182237062275
5.385085869309708
5.187262488172621
5.4917627059665755
5.49094982262681
5.389939927368118
5.311549470229623
5.247370741399291
5.233799106503437
5.179148828996306
4.860545592009628
4.999480848814626
5.082427717495263
5.242018371213874
5.235485704793218
5.360468592409401
5.320081969256995
5.430718907075052
5.42781658765953
5.451570330122921
5.413120169560789
4.967310388619415
4.984780656301484
5.133727390627812
4.975686987625942
4.7623035051136124
4.824363873918332
4.904621057810727
4.864699190878839
4.666483518028498
5.039646859255705
5.172193392296779
5.030878087088956
5.251051398448194
5.3141295973644285
5.254188307519738
5.325814075280788
5.453748731929489
5.354577694451502
5.241565362340682
4.929062016531167
5.1689022173519765
5.397129489792592
5.708430085805016
5.916716886500578
5.758398292390594
5.612407402946298
5.555873669394291
5.67509389109291
5.67843427114339
5.362287085864198
5.2664133496852745
5.5352272773445055
5.626276928986682
5.579777727856192
5.50976418978128
5.395006335602359
5.380932545434316
5.490191713749686
5.653728218729986
5.615108331963641
5.394796499881217
5.191931515167082
5.172643187733672
5.251522744045226
5.494327396238397
5.794532934075121
6.001617318985038
6.078562845574525
5.932550584526316
5.6630368472741965
5.5383641818818345
5.707769060442408
5.79836183375314
5.830465274677319
5.77403278453806
5.884656529096738
6.108415591805517
6.128141974301715
6.142496466397038
6.120434932028229
6.010790135438358
6.100460624346958
6.288763805244587
6.394060537786652
6.500206206723515
6.62413422123962
6.5317963975061115
6.3618967645616245
6.264230425072977
6.459019520374508
6.372439064822145
6.3350621249923815
6.451713681404843
6.06129692567551
6.0111227297095455
6.040120030572166
5.790183542873019
5.987556040510104
5.869498225369825
6.076780878659808
6.1547310685340495
6.261504973421146
6.100578738719609
6.309372475144039
6.251156125249814
6.197618954131998
6.166537071015537
6.156146611191194
6.332820684308002
6.416918883580788
6.548388385410542
6.418473815417979
6.43962485636865
6.320168613439027
6.441836493000993
6.46960554001869
6.307423411855202
6.123678142996771
6.102185593328807
6.1704074612125694
6.232258512766196
6.205446778206549
5.99466489949194
5.873511942659138
5.809278600412451
5.521897767976165
5.2666419760900975
5.079990782691757
5.011214651650818
4.733275788891219
4.783229319922824
4.8320605859082715
4.655819137118311
4.1180005721421455
4.049205252919069
4.250560975933426
4.396519736031419
4.490402349054487
4.723012249448171
4.764457405266669
4.904553488532539
5.259561871322452
5.455522978497381
5.579644194814198
5.69744210640159
5.946152382513916
6.037667071164402
6.138852682053605
6.391353271123191
6.218384362885912
6.392364090267502
6.480566739436269
6.5060847090885865
6.368407906000844
6.227860369900519
6.216233068186296
6.170191456054795
6.344698308962877
6.454490205381978
6.4416913238722255
6.082706136470824
5.954880539964777
6.069802211709739
6.001995091472207
5.772576162457239
5.867006760711812
6.1304395479100435
6.346544344853312
6.233669786539045
6.249632326357703
6.340970719270267
6.44775020502748
6.200341843904351
6.212434771836091
6.425579618302276
6.371666369128815
6.131367236936235
6.041339765358664
6.271974314209372
6.515711563703876
6.438560683109842
6.483845696239662
6.663611249400029
6.47403604940018
6.364500409189012
6.381995253033847
6.494729482328386
6.59111535334514
6.445045538821753
6.443447850460416
6.526007818815746
6.380655661884971
6.311288710797343
6.257000879966788
6.0256849702622
6.149852897272911
6.134551100401016
6.1466957060337934
6.252002359339233
6.23689772788435
6.095080598367052
5.980573503906532
5.960636910317558
6.0909529011346715
5.90989857949097
5.978047662627936
5.7175933932476
5.524595656859084
5.691617354071993
5.785607022418365
5.708119133058793
5.7115365279575965
5.7491260321680375
5.6183855116322805
5.803018559605468
5.8140127874123815
5.72487648092618
5.501265410401638
5.550014364400604
5.326800292104719
5.721364890097657
5.782020902439101
5.864433505654944
5.792383919708642
5.854816265880655
5.78556099688155
5.718265174519043
5.852982148228679
5.83729410071129
5.828426206577571
5.932966345332361
5.873239049632405
5.9920139573839855
5.842906224816647
5.9098373382836735
5.8115558460956205
5.692829257355352
5.754737641530301
5.654691147607505
5.473593042289624
5.598635527681841
5.633048785350594
5.4046288173044
5.258998170222062
5.279316835991859
5.310434219783888
5.288112295897724
5.317437823713712
5.184508424796591
5.04495609273279
5.362364427773803
5.450597426809061
5.40922686961116
5.285439879604744
5.330295554742172
4.993393926168352
4.83943088093763
4.754063028597827
4.932342521038619
4.900537954425192
4.584973637624447
4.972522322886567
5.501824612150895
5.945106844203866
6.152561555320123
6.057938557765965
6.040534706751272
5.986710216614789
6.0341572419962795
6.1444164735900095
6.110132585535715
4.06186989517837
3.9691831837557743
3.9209149426036096
3.619699294270922
3.3829643203932616
2.800402833927839
2.6533893139776934
2.392340897302027
2.4405217188077355
2.3917499924044474
2.545514828228749
2.645186216494726
2.5314018404737335
2.753633964214209
3.1173415168909946
3.19106749108269
3.178249843839171
2.898337844366072
2.7710492928457966
2.553705577450872
2.411145703017744
2.422017629002422
2.435563063951273
2.394099862980103
2.200054807493905
1.9109034013395436
1.986856439824574
2.3770907338422855
2.661202054575509
2.748256900914669
2.653582087399345
2.575796078344336
2.554665030532946
2.417658572063309
2.2431713090830177
2.2477114991461162
2.1962518303496905
2.0988995704961457
2.195184985220948
2.2444385611615036
2.109328904534348
2.1993299571607827
2.2856941219480067
2.3567211027902033
2.117428572303719
1.86250308884547
1.5983738437302137
1.3925023832568735
1.4699775887106474
1.6590732058112412
1.7907005509527698
1.8450929661490334
1.8487588778451323
1.9469622352023648
1.9680846830859795
1.8781055221935987
1.926765526548487
1.6349720943618467
1.3447733058412061
1.1145339350864527
1.2219115020274938
1.4521575210585798
1.9883993535350732
2.497020271001186
2.662185889636949
2.768821638304372
2.9185602577369223
2.880080413236181
2.913909996001713
2.8002064335584236
2.8105032684538633
2.513667652482335
2.3478461642545163
2.5933224047667034
2.469038807541099
2.309097832390536
2.1825029725012604
2.102883090966647
1.9697199818603341
1.7659163428984348
1.5034686798884358
1.4175299007544395
1.6956098342522896
2.1367980179734527
2.606214194184894
2.6537129973938334
2.6840679759482144
2.800449105486352
2.9097939117729488
3.120267119285108
3.2869490474292
3.1898775946407163
3.4816047399193892
3.5229719381581264
3.7794658607731035
3.809566196674167
3.7444745015318985
3.691226642879404
3.5198021880321413
3.4523820912898175
3.398190652808755
3.2793335131309034
3.0819830853501187
3.114309169621862
3.577823563471653
3.9121648268977425
3.9601474388403233
3.801335948114321
3.45243071620174
3.517385001062006
3.558933448993595
3.771509717326913
3.960807459538609
3.9007763695789834
3.9641442296243996
3.983812920226297
4.0074893178122695
4.237896830571242
4.32834013909367
4.261396666981506
4.376456539784615
4.582857077882923
4.590293166442664
4.415133529295368
4.407189799994687
4.260970697797693
4.084941332486798
4.222643708638939
4.153658834840799
4.427468760957874
4.435959942605437
4.429635227238451
4.404544252271986
4.435224866921488
4.36916382469316
4.322220387664868
4.194534449967461
4.113943539717672
4.19131202667016
4.117262919908594
4.176343753431816
4.19963270401556
4.327550022382902
4.368680967851168
4.4778639392990005
4.3922543385357
4.30411444935966
4.28527266077918
4.355413909802516
4.427445133033984
4.337210260015592
4.301639016371307
4.130127427250455
4.23864057534509
4.324959261910705
4.327603247147047
4.433682026719555
4.402595744244119
4.2180661086202615
4.167227948360728
4.255019399102732
4.34837621133918
4.3949632681138535
4.577145372607785
4.491458264262114
4.362990512793357
4.317339164674689
4.447898586643917
4.378059705710635
4.363530814245736
4.375510425244183
4.398402525760863
4.396946015239036
4.60544020720856
4.626547166791697
4.526374678017243
4.592768394120063
4.564846628978897
4.500659839358534
4.39904611901525
4.476790746194281
4.607434658688587
4.64389466601087
4.67458037397261
4.660386865907251
4.746843651214571
4.646759908391484
4.599811233593648
4.490994698495839
4.588070921886147
4.445541474240511
4.5381981530020425
4.586199855274639
4.530591062546615
4.622833292407389
4.611928397654271
4.664465527803477
4.723174221382508
4.6691024532622745
4.732139948802375
4.728045911566979
4.62044440618985
4.770450401458459
4.6433025696783545
4.680412109296967
4.69434150058016
4.654047671192286
4.613766008129645
4.6363324784974775
4.653780483717813
4.550824098414796
4.725372875864465
4.672570597987362
4.706840759339844
4.635783856975577
4.531812541306115
4.511848997235953
4.62597286315161
4.498188732520593
4.421106332695902
4.611937821556835
4.689412102154497
4.39591897162957
4.401677732389511
4.480961356745493
4.5682255144166
4.619061764226642
4.493204285809571
4.719641640719967
4.63323970065391
4.6319917588300275
4.67852495787818
4.698591254721414
4.635586757257287
4.751366700132088
4.682060218741387
4.774090260256337
4.765099260595097
4.720040226756293
4.5846037351277475
4.793369068335968
4.692373093589964
4.653219530778454
4.688685926259924
4.715658243435066
4.788182914904081
4.653787093895903
4.7413197596772
4.687323049155899
4.599915427927762
4.6811707544420695
4.575422624751354
4.644909789816415
4.7765092140094625
4.596285316975235
4.747980544947064
4.73624592296847
4.629501220222195
4.686746363292062
4.662817063746135
4.708769365251782
4.626357126803652
4.6313532565536315
4.611808278049865
4.575011304813384
4.606388294944173
4.643879416427497
4.635329806142957
4.596090718233963
4.747896264401625
4.697495439046087
4.611877882482513
4.744398744422723
4.737669347054388
4.6644704487839705
4.7132099441015995
4.667999874515597
4.7618941143833835
4.741366611662164
4.652950513708086
4.646096802420076
4.682630529116233
4.732287022614257
4.659593943671839
4.745143979476344
4.720701703165512
4.63470792301232
4.7479860829285085
4.736277456899737
4.664096413815232
4.5694239952904026
4.637660110908044
4.597342173974621
4.532302897957154
4.613622851377062
4.708190761821335
4.743349770643019
4.667675688167784
4.540129314507967
4.7369277661446
4.617733822653584
4.671069959284944
4.621294163885611
4.538298800789586
4.514960304572616
4.440951764457336
4.524194993707714
4.503805534630194
4.394694503600955
4.501836771403739
4.5188896054110295
4.436025875460854
4.5197680356618
4.405050245986986
4.502127957001526
4.531270977377543
4.455196469044608
4.569039221010601
4.575249139424033
4.450820193856705
4.404130258082902
4.524816178951746
4.414995362665092
4.478134296217075
4.643183634080983
4.694062863727471
4.472682950227533
4.538720917130968
4.680482810607898
4.531171422928918
4.546701905348567
4.653998249440579
4.5486085539042485
4.6606184046074075
4.671757027462091
4.69283898883661
4.72500262924914
4.664865118297193
4.372521224674714
4.639994193289214
4.691856767982711
4.693171924850373
4.6506197149841135
4.733131912139558
4.71702745958796
4.722329001201778
4.624526497883441
4.593423796929652
4.652254047019131
4.604872909698876
4.616881013819923
4.639042138380045
4.543147950695316
4.421565014937818
4.433423618667245
4.471522613295766
4.5165002680303115
4.4771226219507465
4.3597363465166294
4.371808058468124
4.496014676488856
4.641631505206407
4.533598728796328
4.489892879514592
4.556410503791998
4.373373923299232
4.467552132479804
4.41495088045599
4.463191952768184
4.625758587232035
4.5404998070923694
4.565216789450598
4.549944052536891
4.588457961743011
4.706155416769706
4.621533167581771
4.63303335921285
4.569494705673797
4.747813141120676
4.645741860225104
4.427173758809468
4.459974866838272
4.3377452553550135
4.431961546202799
4.443162570911048
4.365732452139774
4.3221843934532505
4.389597180998064
4.438026144135464
4.527328467726883
4.477725925640122
4.586462182078898
4.5591253984892415
4.506835110498989
4.403650100635028
4.432878906115207
4.355982565547416
4.254030367773684
4.465180895714647
4.5393112941071605
4.44502000346008
4.471332019011221
4.393564850126194
4.462665658787006
4.54095863428045
4.508165631800676
4.436433599800406
4.444178942355471
4.3308668161255115
4.188645100194474
4.3827424422540755
4.43409882920559
4.435182489077021
4.515672425453769
4.478470476262401
4.467136931857422
4.46096030612531
4.411769548980251
4.432565882131343
4.387614986136582
4.430807920924426
4.413414111288823
4.345073403554754
4.174487645329974
4.08519917286676
4.248725250592183
4.2938095810418035
4.351079653012464
4.486910758309175
4.399927495118571
4.564580593548863
4.510357264853803
4.689693967174606
4.599845252714408
4.576182940575764
4.5690370338180015
4.64766355520088
4.501974519661487
4.6288156802549425
4.599412123609316
4.555301052402035
4.459672730296818
4.487743890911327
4.462538844235817
4.541124831924609
4.528433107790436
4.430694190146693
4.399792545782795
4.379452154095041
4.438429761240485
4.556758866341303
4.561657043385687
4.523928849434756
4.477114279387754
4.380509415866286
4.361731070994194
4.438710601533447
4.585914275594786
4.508776637893647
4.595251895160776
4.586936261350998
4.518863431320317
4.477192566934945
4.469750961802451
4.415021621138904
4.357196680180091
4.4133124264939605
4.419735708290756
4.516935624477578
4.459653878365156
4.4684793826300755
4.429228277668427
4.523261287452528
4.44926613673242
4.416125155270877
4.3883500185880004
4.3478249834913525
4.470585898246701
4.5943460066546855
4.532149461382418
4.5512305499431225
4.490015193019145
4.45141092653819
4.528101358634546
4.475690467556442
4.565451205618961
4.4735410370542885
4.372661964167545
4.405472246799774
4.416503128201089
4.301393676334342
4.2264730162886766
4.337169843995143
4.367305279417046
4.293808459262086
4.345494536802152
4.435331265830893
4.51539591224846
4.519857583552957
4.440199010973417
4.5536893652351385
4.574238949093913
4.622555160169152
4.609973185615486
4.5702279241187425
4.528998216479899
4.484368221780172
4.518814090042724
4.346671137071208
4.418699595347125
4.444725218587832
4.3670273023829145
4.192708505594274
4.411075720078455
4.595627756183479
4.587616340142276
4.739352139368775
4.607875846517384
4.425343563959554
4.694513513260261
4.612056824932697
4.548250443390572
4.513867282976898
4.534881127500597
4.452520782226311
4.643473591916517
4.497168890151158
4.519486375220432
4.599089877101126
4.583348394964572
4.52305649375962
4.549857744875831
4.578478249092659
4.442469373958078
4.508724922528566
4.7302895645777445
4.706642374400073
4.628437500681655
4.617269347078452
4.690039584327966
4.726225210478081
4.676471538316739
4.577762665816509
4.7027677574055
4.666991949494038
4.491192788570197
4.608086462431404
4.609811340556209
4.609736398269814
4.604493520769459
4.631612643311476
4.661237925570102
4.668398898074509
4.678993570940154
4.658505201682627
4.7034618095090694
4.661064890009482
4.577710918354769
4.6140190748925365
4.62906069963632
4.525777233849446
4.709368603652254
4.633105600518418
4.550538273380273
4.711617670805059
4.723223502011648
4.69488496284961
4.6227152352970515
4.690354923822209
4.586205417107421
4.578310174707731
4.653627346988751
4.546832912368679
4.584772384012576
4.625096401873801
4.711382972252714
4.545290906060819
4.566038228363769
4.488930553215337
4.552752906170425
4.487528975093946
4.397990067227197
4.657822614987341
4.582537532063075
4.555192172551366
4.494728229809592
4.4707215333261585
4.519560541868233
4.551564046958602
4.4428487594016675
4.4200528109323285
4.557335708371649
4.635091029524039
4.527515632361412
4.44477773227934
4.620773005360268
4.592675181954694
4.6066397717265986
4.543462764896444
4.572295105886039
4.613180305032141
4.617542018848033
4.6095471423617225
4.545982749359434
4.489733303270376
4.296478213249449
4.499041703295874
4.589422291654951
4.3286795795498145
4.2736052551484605
4.416134863736915
4.389476562105443
4.3391546259329505
4.47654649867079
4.367978602958555
4.254986281139498
4.4328174820510515
4.413526241788068
4.428149012029347
4.264987056552183
4.090484629379554
3.842489033746205
3.928191061845313
3.9942538328899753
4.074062117139686
3.9403976206418667
3.7985655729054306
3.639528779346229
3.7345289375364246
3.974156481847562
3.9328098087444463
3.762930017227444
3.931771327322446
3.833799720322745
3.7617570747840148
3.6701505962574577
3.8357576039435384
3.852879929963758
3.881297848942678
3.8764123730441735
3.879773564219954
3.8608695945617493
3.727225133694164
3.741438086092935
3.647823683948408
3.5250294111523433
3.381279561624746
3.520704752635023
3.5781264865349436
3.413752781478792
3.569415512166158
3.6700954477325407
3.572729033657907
3.5895165374018214
3.4665660364988535
3.3771362709225317
3.389561561912663
3.2371573761364942
3.36887281468273
3.2030879215645083
3.141587196983532
3.19782523671316
3.3184552435954076
3.605234711809066
3.8643776182021954
3.860371274529742
3.943137930622851
3.963628544057732
4.069284129112876
4.155765019449568
4.303317602461546
4.353544675897227
4.230161485276408
4.205180923836591
4.036882665649623
4.234416168112911
4.233714920106923
4.312447593874298
4.363326905177226
4.329096153887272
4.350590199620732
4.383647615901147
4.147153093173899
4.443207093421401
4.348229237617127
4.144904523605348
4.088853701486681
4.022882532189317
3.814468124801718
3.6975887749915786
3.907929331486774
4.029004878026558
4.021351275557648
3.8653248186151243
3.7652190804250827
3.9903201096079624
4.083590996037973
3.940014282133411
3.901314314602425
4.0609298953586555
4.14226188832306
4.127383151195032
4.385204555291198
4.296460297479017
4.176330787566355
4.409989818880183
4.507458606544319
4.401972619830489
4.496509720018107
4.5612887085532074
4.5344391164087305
4.532436401451624
4.387412376150097
4.323809021882496
4.435142915252875
4.3973361915738485
4.386142058454834
4.293758957989009
4.217703751432995
4.143254578923634
4.232044424842113
4.169452044872458
4.218052935694198
4.25909009665678
4.4412318889347
4.334653246445479
4.321487103954813
4.191498457773366
4.275607443813831
4.3982142877773445
4.395251951058254
4.302718794970435
4.284091194612426
4.449631075531442
4.515027843764992
4.539841996691835
4.490940792040687
4.4904478450128815
4.419388615433435
4.36312301696971
4.432494676437513
4.531443718323421
4.542035963643066
4.405824028567327
4.563364535106473
4.5986375123870245
4.374171152368657
4.185586253932609
4.055793892861805
4.231072792827812
4.258258890897387
4.199302972362545
4.163083074649151
4.297391665688366
4.2891909021513515
4.184739117044538
4.351971025252465
4.232829239748583
4.250128563499564
4.214559378938703
4.229493144110957
4.26086461828609
4.1757910101434765
4.344935920061873
4.38176733847162
4.4967658770745285
4.510597951876644
4.487441867552498
4.522533123802222
4.654582774624565
4.666588132389584
4.695059305258725
4.654432384001005
4.73920426726202
4.685407681344871
4.622568351446159
4.616128898731535
4.65208407577105
4.62555618648338
4.617841981619885
4.591319950005721
4.608450609518301
4.610540833536272
4.607854315120534
4.5205475392662695
4.567970437315477
4.3883575638118
4.552362671028546
4.597004393829949
4.588889692536317
4.511051318122242
4.449384259973193
4.329535888326533
4.469463748884447
4.515493759859404
4.57534176126277
4.45871127042268
4.4338406819344005
4.461741898820941
4.462649402512926
4.335611896646162
4.461838680844181
4.557399785296681
4.463631830073229
4.462963893425484
4.519977338118631
4.575665224789678
4.626818212721435
4.643516760272294
4.52682390276681
4.649155492180631
4.59320311711682
4.5246256713510284
4.420837687172298
4.59272462960945
4.534524904374263
4.3877679209385505
4.326239871660749
4.333051702199645
4.328101310080373
4.417251343679932
4.466999307853076
4.512943340741644
4.5542149243432855
4.520314839488953
4.5783691425695965
4.565708788992961
4.524120747187389
4.640119297840577
4.6401838120808465
4.531419124786954
4.395099263889732
4.361328691951419
4.436291289232556
4.321079467644377
4.352572934296124
4.516645612128051
4.551747056348191
4.51719703349425
4.378142598701731
4.532895638269459
4.436521964795626
4.433643731932669
4.462072885751894
4.574871629028216
4.588664149485188
4.484351572494367
4.43787605192049
4.38106775232005
4.549494685954695
4.634398672919932
4.726467189961736
4.601731353726028
4.5818354260168
4.661987721281317
4.659001633133176
4.588355436403049
4.684891447291526
4.644228911865
4.713139797037282
4.640777869288471
4.668184166228635
4.581641969664961
4.6450152259648885
4.574926116253925
4.5412722256722375
4.566554246226476
4.610779291330032
4.582754828074325
4.389457692599315
4.567874153960607
4.565165460169048
4.513643381882669
4.697857931106158
4.72630144778094
4.648834616486873
4.589685458487426
4.549517316248117
4.4639770174023
4.282435712096404
4.263518031329438
4.319022442952147
4.2658214929552765
4.185146246087961
4.195675607279354
4.30116545840205
4.203927907661323
4.20492111072154
4.382636367406236
4.429221201042541
4.608287069198014
4.554982417263735
4.366063211505857
4.3692259602066
4.382468795891246
4.43065390499515
4.377746812960789
4.3888567902650015
4.3049944461088465
4.297492524844671
4.169533573107302
4.20176213850963
4.021826056390868
3.9061620938648534
3.965318326460358
3.974637162864346
3.9862735826592406
4.06341653398024
4.054391722781324
3.8846360513263796
3.9629534140447156
4.123722553720907
4.170053580701249
4.248225762846533
4.1451837088391565
4.074564139001
4.096721358757831
3.849543693052235
4.008750948157862
4.0339091253742305
4.117007904006901
4.346581511676914
4.330018431896612
4.412882008982667
4.342310876364037
4.313364289636519
4.353956315332104
4.340443206231463
4.387617462055775
4.321728150570987
4.38862775357796
4.527406570622245
4.574539003414239
4.566642921397269
4.631401842826126
4.482474073062393
4.444808267508396
4.374852771706037
4.47172895127683
4.5598672503700515
4.441032900753381
4.490402081333562
4.450858285908072
4.354329751841538
4.412794311829345
4.552449921491981
4.367234102571578
4.386649963732364
4.350023675327665
4.316931628775309
4.475777275963666
4.526366208464733
4.5394352600554955
4.633938798577565
4.662334486070799
4.480786276621764
4.700276139020648
4.5906597746983495
4.605266548608866
4.501291260000287
4.40494112830215
4.3836215237987926
4.33174338642703
4.202889274570204
4.232232892773749
4.315778562867772
4.2673612758564134
4.339461643964907
4.075725338339234
4.092843951189593
4.213972406120949
4.396501219996041
4.464332313973487
4.19840188750395
4.453830975820615
4.298042375086259
4.230606999043738
4.272243312010209
4.162041312389951
4.0775182432610215
4.1040333749958355
4.119860143268863
4.165079320769478
4.163815486881427
4.164361381541242
4.21855962026361
4.2668012663879225
4.345303547620517
4.2606081498429
4.2529617610426556
4.070167373179633
3.9636884100179395
4.175855476688425
4.252068078783496
4.2150667062974865
4.134665877737698
4.237925284943449
4.035336400528467
4.095494190537629
4.0531946962326
4.070987243120061
4.149280505153362
3.9843413818723525
3.992974306424692
3.833113116450535
3.783106916163234
3.844804995836011
3.9726367413915886
4.000855380396308
4.172454980695637
4.095642192671538
4.123336501980334
4.230213139188176
4.209119514213682
4.211845099464768
4.079681456132117
4.113908854280895
3.8820873610368305
3.9451986999489215
3.8914729808642416
3.9748608396893546
3.922015352351076
4.0963673032276375
4.238376683380045
4.186750031946217
4.186808859867723
4.12345914601546
4.19604676683262
4.0486602368898845
4.124698315134086
4.365459823678207
4.2011767716732376
4.266851291637927
4.22446902212329
4.285207126229745
4.1828433791177755
4.4389410705548356
4.353953166962266
4.249425253378416
4.262198023491387
4.467658615502023
4.497371826805569
4.307058730338555
4.299618356498014
4.210219476218243
4.28173812532853
4.336739146920431
4.21609604402681
4.18816617079823
4.233771554999289
4.253186048477163
4.218984945960573
4.333415814050733
4.29726312535392
4.080133772310839
4.201115522581515
4.251608506225525
4.1370549828530345
4.133646178368769
4.233404483360881
4.383612523619386
4.415240157704985
4.447651775900658
4.352099102499616
4.209558456814862
4.3880140277599935
4.528178023044875
4.4753587507051975
4.4390300566310215
4.370218266872273
4.368648509426124
4.339195631842981
4.466119125488649
4.391294150670817
4.46500855472224
4.471980377591036
4.423360291874801
4.180462565541193
4.281420825400938
4.156745624226039
4.099175757345133
4.1183012173846665
4.132525872330708
4.0264760786527924
3.873400256270633
4.02743928288362
4.185702473437485
4.189868235660227
4.0542206646386285
4.03810774790063
3.908211283816747
3.712731353583969
3.879142333880818
4.044596291162634
3.8787605256191737
3.8717175101500003
3.6589679911081965
3.391809531628397
3.197532481232929
3.013583293437827
3.158581477847238
3.357786273987766
3.745558613381169
3.706323736760162
3.5017885273422755
3.583518963075983
3.618082359596059
3.748596131601642
3.915413896274551
4.01356825165256
3.924768140864521
4.055288474826958
4.257536462070592
4.265212716901982
4.243368076572634
4.23830949460578
4.299874496022188
4.201024196880075
4.2494367795675885
4.052695970464564
4.000747144413512
4.1815563910531806
4.271637663296627
4.365144220157924
4.257051829177041
4.217003212495132
4.1184417392550365
4.179638817277924
4.211696698304378
4.02647467670203
4.112008146629627
4.298250312258371
4.442009604532734
4.19618135264742
4.2285365870987395
4.252015698655048
4.357169477825826
4.188271196774436
4.262797603922856
4.348147560010029
4.36406780305967
4.204301234666867
4.371435304005948
4.509514606118221
4.509971330659969
4.664070987865997
4.60638329118324
4.511594794950927
4.51877578162302
4.56759955502985
4.666109226069478
4.537230297292016
4.574838682724429
4.557892530623857
4.579618539483805
4.514502672598249
4.657716604566226
4.606976078096881
4.430706750528048
4.302152616406355
4.383495536384873
4.3366186592380185
4.1714036917287345
4.095275572507091
4.158134365162831
4.332278435048085
4.309197091314253
4.17913309966176
4.179631074195623
4.4630768196861395
4.486959428599131
4.2628771773758345
4.346911569833199
4.304430131203678
4.4094792854880165
4.4278363098709175
4.413484188273634
4.110832706011173
4.268577976417015
4.424919034146088
4.432626100574424
4.476173770024872
4.643525692556771
4.593781674311906
4.493623345182224
4.421235651601785
4.424328370320151
4.370612996506752
4.350776774031236
4.243245825383517
4.14882173146555
4.228210751130969
4.112903615406973
3.9888737700182855
3.884527561283192
3.8066830318838836
3.917943745861525
4.027710325119536
4.009125299358809
3.6627167648877195
3.617209715589601
3.862256826794004
4.009289917157804
4.077312907098117
3.968923332064336
4.17814991856334
4.089463980088466
4.0038839222124025
4.0212025445654875
4.053949823930358
4.130306226633809
4.350864232069347
4.309110765387452
4.40785495767136
4.4030533480292995
4.58976924336377
4.560847556420128
4.698029759037195
4.606869468074333
4.483736261252757
4.571227951945576
4.460706458910292
4.350778623175362
4.290114928819119
4.402342106946573
4.453113613417483
4.467371469467382
4.357544963154439
4.546739829996019
4.593542468314179
4.480950897896754
4.416957427894448
4.523360176698353
4.6225412998049
4.472928359233291
4.445427151328423
4.677383460047512
4.680109162600292
4.629417708705569
4.62833216595932
4.542985498306609
4.518546851665791
4.519959459998616
4.512459142227165
4.520527442095331
4.3830893749490265
4.6210726070378305
4.67658781084095
4.5272697308702705
4.518879152553758
4.570655048214802
4.538467219138991
4.467181554928356
4.5710476926638535
4.632273562354591
4.569369037152888
4.550159007881348
4.558870834358944
4.597897528937478
4.498463940920383
4.298571429038537
4.288685751318238
4.324586183793777
4.364018970006181
4.418019735408834
4.31983125632341
4.370132375213301
4.285803081674398
4.46111178141793
4.5680908876064725
4.456690114875521
4.182351082174411
4.363616820125618
4.353635413342385
4.273361163245454
4.126743234399446
4.250370458595017
4.3534333000767695
4.422044405373882
4.430387471260632
4.497213457091809
4.541216084023605
4.478432649957045
4.556413837713543
4.412307085340883
4.326307409536831
4.534447868638999
4.463673154029098
4.358723853448848
4.34974531073718
4.357757132110845
4.292105451933395
4.111310008564907
4.07348608218287
4.060932969989193
4.157259548552007
4.175612620953886
4.34366671537128
4.207379079941236
4.3750724168316495
4.295418160175586
4.196026837234144
4.253952825758676
4.417011884784446
4.224741984320486
4.190495101004072
4.261534146841435
4.226631327632847
4.340758622468328
4.4307904467234165
4.487736556174349
4.43639161781709
4.509500031769048
4.45779763934218
4.4818270950293275
4.454110243142736
4.6305114160029355
4.471318394489478
4.383893100238654
4.6010893834763245
4.696863052983565
4.646746544079411
4.592830050633332
4.704549076874298
4.742903013375736
4.609351374654821
4.5619265087467875
4.601689582509168
4.511140197704962
4.561356635285436
4.466611121581115
4.520684683211108
4.378339113134468
4.453586790568501
4.51812738900475
4.579827305769526
4.47541731671187
4.472793483675634
4.574003045271148
4.571473164324023
4.6460665984793135
4.472863373323856
4.46752174280603
4.365206976705514
4.37386351548148
4.4181298152767505
4.388129190466255
4.376000016057109
4.360508009271826
4.466872807922282
4.42090276779527
4.4139428077762
4.530063717192463
4.498018268774943
4.547020897828301
4.548662500623598
4.508963945538927
4.48220490719452
4.423459677707423
4.412975764613372
4.44690976782546
4.421685183356166
4.490263122807858
4.459801773180018
4.622934817673604
4.508861684182843
4.441229668064587
4.542058030794005
4.49674871098222
4.525888762118158
4.478295012502538
4.663340535129579
4.55575087228273
4.309755364919587
4.477334031772782
4.387412405474469
4.413066903519612
4.197255238672352
4.295551054199697
4.263961585955273
4.384071310939091
4.33712217803918
4.330571404763052
4.353829060198564
4.521696114321389
4.506023692298911
4.429607314064279
4.324502575428481
4.493893538887784
4.538120786162081
4.477692855807637
4.351619931766587
4.415907987865495
4.497378465890173
4.515469515828383
4.50909474535536
4.336656705019107
4.269707144235847
4.421313927192458
4.4594728215893475
4.4442971914495
4.391665038664642
4.385253361382294
4.424135097603459
4.519202058407351
4.590106606738167
4.506121023008649
4.4939046403494665
4.460853443488609
4.435536795221558
4.295828469927178
4.239528847168067
4.2888426010121785
4.52073496701386
4.450093109900815
4.382232430641884
4.330813051476509
4.386258672497379
4.299663831370518
4.1127216626980365
3.9177638731070634
3.8982460242731385
3.824059266621262
3.9583654134145525
3.626106160315189
3.484514738827067
3.8318997462882947
3.9343254250112785
4.223126282211866
4.254679845997071
4.178034432203354
4.4378578138526805
4.474883132225373
4.321933770977819
4.368965646576376
4.3755785808960495
4.377027308441717
4.150424129261744
4.287614389034579
4.436116851570171
4.545601108414445
4.610357185133508
4.610188989371755
4.627532916146506
4.583233320127529
4.5573552072525025
4.626153427883298
4.508187208387633
4.469431812498467
4.508251399258308
4.387503255954873
4.464825652204173
4.4288022765035
4.358891132890356
4.379015115353035
4.3117051751662325
4.105005159127451
4.205072929197696
4.22149921282836
4.137983594342224
4.122444378948838
4.242928765008987
4.24332583557752
4.125264009623646
4.146048664016473
4.068677047793842
4.046693255741658
4.0436256510343
3.8348359903061695
3.8931944572434096
4.0536290584338435
4.322188269997999
4.421540434409552
4.474953440176493
4.447992227307173
4.3651505138904385
4.322009779448
4.177139541572003
4.113771001136529
3.987014718433524
4.004342215312154
4.1823240384806875
4.184207384393025
4.3562128709282115
4.428736159577637
4.51749377505293
4.6068088879412326
4.553032138451075
4.532740957566532
4.570943465185409
4.537742896095973
4.360097708862628
4.489789231628325
4.443841445663844
4.552686800209071
4.458218005175087
4.527286386246746
4.429923350903496
4.506909610099423
4.508984893044672
4.646003198636285
4.54716762247302
4.508827196132585
4.526145598062612
4.428043160722536
4.376986881536035
4.224144284947538
4.2628665088160265
4.421328724212965
4.7093198369948555
4.7149854565035545
4.607977523604805
4.63065397850981
4.702148099682673
4.619766324572817
4.520678835290788
4.665217069687385
4.756934709844536
4.628727921479464
4.653042096147523
4.691337955095224
4.644562493898687
4.668792534537283
4.652252736992329
4.557159548381715
4.591349928294896
4.545874470171522
4.60596584215792
4.56792644263619
4.411270338633098
4.263914300781247
4.430517958444721
4.288779330575597
4.263378097089114
4.063450198695666
3.9789737059542496
3.985395476059245
4.139821242942633
4.137784496214374
4.102931247363594
4.142263053201854
4.083510882465734
4.210704204955169
4.198372577367355
4.082863391246893
4.267426826475738
4.27788037265449
4.198941082312688
4.154591631243758
4.268338553126886
4.1460957393372295
3.9976970749254885
3.880911555665689
4.03059236019817
4.0373915441260735
4.156716742730676
4.235664888626308
4.225008527755331
4.247036343282694
4.334297279818198
4.365508410901648
4.462308585559907
4.364543139759588
4.405240328079252
4.512602329371166
4.364143352076794
4.4212042536458505
4.4876812622341
4.486514717259107
4.468775773168607
4.589475448872056
4.543241439715896
4.491035280017372
4.468306187905444
4.437981723746995
4.509915038078325
4.431604008365965
4.473115448405866
4.349085981342873
4.426617885806961
4.415781990540491
4.456069258719598
4.497170201540104
4.5097011456321345
4.4427717460012675
4.394692167847848
4.516532176492366
4.591704535403952
4.617606724602004
4.412697518303033
4.429765059759377
4.4338589063329445
4.512741403337809
4.384089463433104
4.4080891092043135
4.3607297836311565
4.4981407481062226
4.4393717306195875
4.410595765694261
4.50841009102081
4.4902740344266165
4.187005372330606
4.141769479941858
3.9738425271446673
3.8137989331226327
3.531843647525703
3.739308788050275
3.7746827628699453
3.7207902551603507
3.643328159234774
3.388226308500226
3.209696397815552
3.2400502934715236
3.4664804493242594
3.6753045785469194
3.780547415473757
3.879132090137655
4.025304104311045
4.230813133687048
4.280580517572743
4.079472544714931
4.086545045806855
4.082026920132332
4.0005059806101295
3.8601698809844853
3.776814365626562
3.7491817876928804
3.620538417385744
3.61044980792827
3.566344845031412
3.5607738683022
3.545836234082898
3.589213895973931
3.543734783048809
3.640123320081309
3.5555810207844427
3.4314329708297855
3.2851861400464526
3.0701714494719443
3.214244167499893
3.376195561452284
3.496980481679515
3.622146621762858
3.443905126317868
3.3636935237397267
3.5779933128785393
3.6379566423138385
3.4613654445967983
3.491653345275065
3.498783902821458
3.662734456791653
3.629805654444044
3.6125700483041037
3.782635278459845
3.824131055161913
3.8178981208224654
4.142630451772442
4.117871991651011
4.064534140476243
3.9940199406669645
4.085268237968174
4.022972963493855
4.0627646383467875
4.028927693847853
3.985540812391033
4.102624790477372
4.141977783670597
4.135794693372245
4.192880693725211
4.3169261845466345
4.386509537260472
4.245899666980007
4.156166566259595
4.2071746914227655
4.251108127739862
4.329046053450969
4.291633426364243
4.313993833060461
4.375995975247621
4.236837381706452
4.220766622739737
4.284915802951304
4.332611759977686
4.500204158720287
4.424106011155839
4.377428125840169
4.304897054614621
4.121757301465959
4.301588282548464
4.415860193594493
4.450052723951049
4.58768999235925
4.514209323331199
4.524240234099719
4.507841843607141
4.450528289328374
4.508014361196098
4.567157907363748
4.552091817335639
4.517110061305943
4.55813924843454
4.547202459214977
4.570979668564637
4.620109706077586
4.513425792807923
4.505222368129792
4.615205365959719
4.500645940067923
4.4544816307870745
4.591301035202612
4.574121180001067
4.557578821431045
4.5776714311916145
4.590284668067219
4.523491056402779
4.566457111927987
4.547725996826056
4.529437145727588
4.533685742112696
4.573259226588902
4.528794349296517
4.553242359769151
4.509103141384046
4.513911928092369
4.433606028950813
4.467834543994571
4.5761767506644775
4.360517942295413
4.46077935991736
4.449601436291547
4.491879859936013
4.534613474357115
4.434309763265486
4.469562425093519
4.513749130578658
4.43515769482477
4.415645362681674
4.548383918947933
4.519642601149417
4.6078418606691125
4.534744176561237
4.4370553845058
4.540611885721775
4.583647501671772
4.488137381870208
4.496371837311739
4.52628870635041
4.529636346207809
4.465950021214814
4.536826992291555
4.502673217585347
4.598173710252168
4.52171377572482
4.628294403554739
4.347429090272551
4.459790700973018
4.278401668550754
4.219668760773113
4.23962867632094
4.241014060865921
4.202748119356213
4.230841460268926
4.127289917097728
4.251630500296978
4.114065483199336
4.154227673978578
4.149197260319003
4.072065589775929
3.927690652086048
3.7117049854515347
3.655640570562986
3.736724607430273
3.6843684065876534
3.5538268158436477
3.6511388452003737
3.7889461730026808
3.7792377375436774
3.7869541303779597
3.7532807914552087
3.8199567463262825
3.751605638988182
3.8202582476915024
3.7406174066022184
3.605926232517387
3.5759549310511023
3.7455401598367883
3.8679177679276053
4.149971132487059
4.282041206327744
4.188091369200347
4.030735197511208
4.024876632662797
4.000553737918844
4.037199321695726
3.979026736057709
4.0692166496148
3.8841496972560026
3.8349940643981113
3.7053273308921866
3.670956058849963
3.479733335771714
3.3688488180784395
3.39214328033127
3.4500378448059137
3.4963672032128414
3.5372469107177764
3.4586121272247237
3.577152893144205
3.7509859277666955
3.6968381771423218
3.773216679307381
3.8252572215854896
3.8147173462554997
3.858594860046756
3.877092612006459
3.9579073670307263
3.9559728551953968
3.916146887772187
3.6689867686339315
3.7701814899888593
3.8289749904701833
3.8561945664034827
3.8982961597587416
3.7675933355812568
3.709070696371884
3.8188492327040455
3.8296305316595283
3.8466014697321578
3.7025655517088327
3.7605904614666135
3.762399224612354
3.816142216842351
3.7559412485416948
3.793457080143176
3.6907316998217827
3.6572051851638996
3.682064886545647
3.746616896745945
3.674514373969275
3.6560941497923527
3.6872159049023496
3.776259717364908
3.624648735860602
3.718794744432448
3.6770907970790403
3.6254150653584576
3.620462419268203
3.5671261448850724
3.6161383050782057
3.667568954150113
3.679076459979767
3.6816479203657333
3.857847288343331
3.873291298369068
3.8871026705949783
3.7662819547766366
3.8844401976581526
3.866023968859529
3.818677004619939
3.6489243718714444
3.6395337074210614
3.6512803114018517
3.811886644669645
3.855872185661753
4.0062683407660735
3.9612136211712676
3.883919473217956
3.8542703289749323
3.9496124211032
3.9993193131145426
3.9044982253155314
3.8351415003665057
3.755558631707006
3.647480942683398
3.5471067837595616
3.6427027887366723
3.829312062186773
3.875837078614658
3.8987160122097744
3.9176958627559486
4.012204764241778
4.065875511170297
4.118248447757009
4.211144042861929
4.30963528086188
4.2294849125057175
4.255565257371404
4.166472498915511
4.384489225246598
4.387867010757043
4.448257954571644
4.485601478749687
4.38678133210617
4.399447386600271
4.271966715493019
4.366168681235768
4.422081179500222
4.387569500909749
4.36922761959031
4.415324978512903
4.398391529811636
4.277435482087352
4.170122111628745
4.312534012220319
4.225486504525751
4.088457222979575
4.2310690906956925
4.332046036913336
4.427359850882095
4.337080377845617
4.379188873217224
4.414549288925432
4.364191506961651
4.380133016422849
4.470584125419813
4.413565212793177
4.44731901603736
4.465995409644995
4.4066338175777355
4.43841419245663
4.382156058142567
4.470139414752318
4.508340227277009
4.400970399742964
4.405428507518539
4.384245674994845
4.340759185122007
4.284994915800962
4.514416876800042
4.539142306450077
4.508654072495778
4.446039420278174
4.435482046156275
4.381188201031846
4.43476341176413
4.298356160793136
4.118041200516708
4.247065476148588
4.1176743029290215
3.9763366231622985
4.081329781118503
3.999567871275775
4.144811456141633
4.189072392672446
4.191946317782002
4.292354751126978
4.30102515636279
4.293606286644486
4.276488991396267
4.327740703874294
4.4315484684176765
4.297352900880286
4.42419646964081
4.388720705234987
4.427167717039778
4.367048985276855
4.322225854741225
4.150995216209076
4.265359543705447
4.265771217222981
4.341924248146792
4.43766319148295
4.327797995313285
4.08626625184842
4.273246323440929
4.271801767285569
4.432427146609919
4.431323294587487
4.316541657375279
4.41089989355139
4.281118094469299
4.383577635017997
4.28153334719404
4.2313789676406826
4.07877009758749
4.066299292426695
4.2591058182725074
4.349092403404453
4.398190429097315
4.307963764600576
4.155511775776758
4.092656851854513
4.171263976349538
4.154629940728992
4.280467882818005
4.370855345489863
4.253122426589341
4.133075145439914
4.253753574379286
4.229105156331316
4.235365514711876
4.191237335644844
4.329574494191242
4.228131863262323
4.19313634641838
4.15469169942453
4.128968999627164
4.165069295676549
4.085189172627012
4.029715019553607
4.0010182486282595
