0.3730128946066901
0.5305524585463334
0.6809769954451838
0.7344675690186719
0.710163698257305
0.569067732810712
0.5813250846904688
0.5019931027114091
0.18547703239241212
0.10926726342298224
0.1580271336647879
0.051688659927776326
0.17121783289238876
0.218341690441276
0.20232805451021715
0.29559372850039733
0.25370677893510307
0.42775899075369833
0.476704001019002
0.3511183235865181
0.4888024088431641
0.6771696133510318
0.8607778964656788
0.7366500500127264
0.7934373787941879
0.634152386199403
0.553274473455361
0.7487850910424447
1.095286428463904
1.1807418440584112
1.4120907619293217
1.5837224573977806
1.5745286804898222
1.6391606817734006
1.8796840504656491
1.913886258827311
2.051795936601362
2.177930472537387
2.2546067379213826
2.2448846412907013
2.3173003985609317
2.5928482251296976
2.850478511060794
3.271714763234404
3.335834803763338
3.3912018224102964
3.47308613203655
3.5528721643002816
3.365677822302035
3.330341944798046
3.2598834545779223
3.215665753877273
3.4346895202294285
3.655741460196852
3.5614978574816507
3.5196834462315385
3.511193265265626
3.5575294461049976
3.769227153884186
3.6487832855569837
3.298686835816925
3.256129352259053
3.324878767768482
3.318517684563646
3.428845146784961
3.501059462551633
3.6083086626986236
3.7172912805201372
3.8241267907371803
3.907789655521004
4.015244114145464
4.121293043024592
4.038346011923056
4.123636814090668
4.014280243338057
3.6713981067878914
3.409030720229938
3.537343432650961
3.607227765947618
3.7070202565650447
3.7263382660342392
3.6954448679905454
3.7793066951913206
4.072933595257305
4.322426142296098
4.415374178743137
4.36791794815024
4.190810603976508
4.250723280254968
4.203617525419798
4.14422983742549
4.08693997731558
3.9728557814491663
4.03970339774121
4.009814718272509
3.9675093758397195
4.001014174058765
3.9518856492731076
3.6375520760163647
3.7149998418544095
3.8022110780474208
3.7798364048810544
3.6059879165616904
3.6977237078379432
3.71826242393218
3.7915731543534843
3.9348160866564257
4.00213118230852
4.058301574188209
4.02109137995242
3.91653649707713
3.9281018332351065
4.078759097619971
4.102731682918942
4.124543766123482
4.097053607943213
4.001190418464183
3.7852489236039615
3.833720439078134
3.847192450642989
3.999310831578512
3.9877358778576975
3.9536306939515344
3.9188183906763148
4.17350980418813
4.089169948024529
4.222449771878672
4.048051281718703
3.7751872104300497
3.7892401598066834
3.8831516990581973
3.8468886429817837
3.827729016426641
3.8394593181126497
3.9045483611405634
3.8905035633130747
3.873161395675767
3.7788228777944983
3.2627603686090754
3.0668850681253885
2.999748078285427
2.9432049786524668
2.9454735359478605
2.9927113448761986
3.1041384040776268
3.381120565249441
3.3765776986403737
3.547460403623998
3.5366758257479995
3.6284166860123146
3.8393759618935928
4.021940603535297
4.160549519147824
4.118748824931581
3.9996434110864096
3.9873847955013253
4.191150647048302
4.432867917961115
4.677241029096512
4.594393941325232
4.642290114423502
4.756934274536986
4.674970690904042
4.587450194624405
4.455027815418724
4.278650328415551
4.140321101668987
4.116032464535052
4.279889565428191
4.363675526317522
4.647538838106194
4.780673787745439
4.718815392724668
4.745195874395199
4.841193964796473
4.65582085605489
4.585910774048187
4.272863000460214
3.98030601106512
3.8825829080164374
3.9870181688270048
3.92672017224725
4.120072657858002
4.236106842162672
4.233506607942921
4.084823355669181
3.9946177850111826
3.7157134912449736
3.58583589128769
3.519137197661921
3.4394922659940605
3.6744291778395057
3.6985115938315234
3.791914268538566
3.8959268808458223
4.077417833425929
4.078910472110882
4.1525004931929175
4.198978849668223
4.093966513029658
4.0580562950549215
3.884053437761219
3.9290256562204346
4.099218000607815
4.1330089149867595
4.158847274775439
4.2146452364900435
4.552178353372312
4.560158334288135
4.51015927516149
4.561721629829254
4.639251323038196
4.690515616683519
4.560203213429212
4.499410291834572
4.501616106955607
4.56359703033758
4.745970147013994
4.857452592941559
4.890696890948982
4.762581256250797
4.764920162125605
4.727730413524007
4.962930479941448
4.8863408541610305
5.02835781274369
5.198035843860103
5.182965856163004
5.194630474460391
5.219398837173672
5.342550988878006
5.520952427769824
5.5235941584871675
5.682093216365917
5.622468407594578
5.55791793308013
5.556119632939815
5.56530556505355
5.590088099632359
5.626010879103132
5.746156520123859
5.667629191789292
5.552258162333718
5.491804203210157
5.381337544521611
5.3860326084958565
5.20547343002302
5.009559793956072
5.180628672291373
5.113393534205466
5.116955605680065
5.099404860954329
5.192255757552312
5.331264259712196
5.448406266519183
5.411706033105179
5.290930274144831
5.271074039013092
5.201168974120549
5.190960009561463
5.109929810850704
5.087932945598089
5.203629569005074
5.400210854212906
5.362063421037437
5.341394908582543
5.269601236807607
5.177943128744553
5.258714793723518
5.232079448571697
5.29533099847147
5.347326401123553
5.350724361938733
5.352385157712795
5.532927275196041
5.656215088334751
5.739756716011045
5.697039897151751
5.52408857699294
5.625846756534245
5.814182024678093
5.828295461413359
5.6491516876704395
5.623648376341566
5.743883081982677
5.854889990485796
5.884001674292606
5.854521662265925
5.904618824216812
5.967205332198862
5.976331109064387
5.7394791395029845
5.845379670324532
5.924297751790882
5.938114846929453
5.82430924308685
5.887325199177939
5.884622590955412
5.905888588611514
5.880361621225572
5.912077330885695
6.042859087040545
6.082478507234368
5.97479598442128
5.836114530088358
5.798325276301142
5.724697429372672
5.652323691775446
5.715352831927046
5.714645613333895
5.420154955066082
5.457282069570077
5.530168113688758
5.358990847585606
5.318921347073258
5.295582406042147
5.2116502770568305
5.358273955984991
5.546847777408968
5.788766275281748
5.8295137508905706
5.916010060943681
5.658318539215479
5.642383116029012
5.526879370909565
5.513036697409209
5.516204035449557
5.626859913522737
5.688027699876947
5.596329192363796
5.4601642165461
5.471907736251459
5.588761790703187
5.720379055082716
5.662030303035504
5.7936818875563745
5.689698066441828
5.612342375706572
5.423499946445081
5.379828948760832
5.421652612725994
5.473585711293949
5.4688738553373835
5.2334938182999915
5.330159179935265
5.383247954425074
5.379805344603916
5.504617254840363
5.404552997885629
5.40888926858154
5.787750766642614
5.9520046189299025
5.906662097651151
5.879114158040643
5.849008201394722
6.020467341185102
6.092353570876355
6.042432077530118
5.754558504800257
5.763758616345922
5.9242760331388356
5.934203602246721
5.884053129837525
5.8392400238024935
5.795456329346195
5.657191066833421
5.63467624109355
5.607099341454694
5.444536683557767
5.466406178728326
5.486735171915342
5.539499133622991
5.458769259106616
5.511335439834644
5.253064833657166
5.279528252879568
5.398510797634421
5.562282806388094
5.514741490043061
5.577596319271176
5.658914962262044
5.6049491166010394
5.610808853034014
5.607693399409564
5.645808465910505
5.695461086560242
5.760491161426023
5.77814962255733
5.8636506094689445
5.81650525530621
5.881169202499236
5.996318463964082
5.9482019847404715
5.858715446483407
5.895196356588824
6.063695682146315
6.028868810799106
5.91292625091165
5.848664933790883
5.7217630128827865
5.760455402912154
5.982500252404355
6.058518422440805
6.145924122280814
6.22390629438079
6.134475259009807
5.936461429079957
5.991504890474471
6.020382427171205
6.049511425853027
6.021900788375756
6.079809352306897
6.100450706393274
6.0455609835240205
6.22025429834235
6.250022037505163
6.270936272310496
6.192545671364497
6.163065655205473
6.270556894794543
6.3202001089075495
6.415953439094888
6.2880405230185055
6.250783678903105
6.406915295278065
6.409993779681888
6.359209782339494
6.369428715081707
6.4333616027015434
6.321105105133781
6.466920137070597
6.566924891863908
6.3055678762061085
6.272704740571723
6.382460210197933
6.272635298811456
6.319288898833693
6.343987896488147
6.328290255242096
6.4455068749493885
6.454707642582084
6.338980126662732
6.3514737636885625
6.383581468839244
6.487219893146963
6.443592875092759
6.480757816873668
6.366316033324719
6.427296635368973
6.401316333284174
6.354136458553787
6.283763939876142
6.361664060062235
6.340279774786033
6.3054179618407735
6.35214317515406
6.336114451307749
6.370046911417229
6.447924782316427
6.3314683363949165
6.2128146507440976
6.174579057291357
6.394959277619917
6.386056936598369
6.262629255756805
6.330829691279264
6.3511085116255614
6.357449776979383
6.398519334678985
6.4020086971241
6.337425978808544
6.345571017746817
6.316301314543757
6.384198259599052
6.308685692747392
6.3369745062953715
6.374564020688456
6.447222397371014
6.475769433297575
6.517082283052227
6.482118303021333
6.5033437807074845
6.44544648942745
6.44096509241997
6.348624164470348
6.264310096810216
6.31028506392943
6.391726620868776
6.339171100408674
6.223479010539117
1.809043499844884
1.7461405754815364
1.573132710602042
1.2759876291607812
0.9063829620245938
0.5342075888801634
0.5122444777888401
0.5796126069301119
0.8405929102613595
0.9690690120217651
0.9554688874158166
0.9644136351080127
0.9718437782610887
0.9719221414129222
0.9892962660912569
0.949952928835935
0.8070317222854861
0.6719884838208122
0.6789544543249622
0.6943109336696908
0.6534302889769391
0.6552209560716099
0.7491487714175937
0.8634096241611031
0.9373201987872496
0.9954079416527144
0.980326224491973
0.9688781116190142
0.8700641794844995
0.8140017307686769
0.7891895378226215
0.846238836159452
0.8604529844779961
0.7687016453032439
0.7021362910411959
0.6661394132958577
0.6851569977138544
0.5315438148131867
0.41912443853806003
0.4956281719375765
0.5353801023154887
0.6203363664703662
0.8218047073365727
0.8516672242084056
0.9067204573695958
0.887920745454752
0.7017018856988244
0.5469393394058996
0.45695721814964185
0.49770002499850663
0.5591904302756413
0.6473193568113669
0.696829242974072
0.6354996421484463
0.7155188126478516
0.7048406653083765
0.6944560903101284
0.7014715191053483
0.7541234533709917
0.8605671217469651
0.9123127706674659
0.914551195628085
0.8779308497149212
0.8993582850686657
0.9143482533085752
0.9461250034028144
0.9069394021189606
0.8612098112580238
0.8167109350341514
0.8335253904171184
1.0101710911905268
1.15693766851102
1.1728651687225615
1.2173851947436332
1.245249870523046
1.2002658016721504
1.0903423785812094
1.0971650488908937
1.0868937507329761
1.2039381899080612
1.2525543994389432
1.2348211315811275
1.1866568168888794
1.0956121451552514
1.0065447339446023
0.9296545797004359
0.9233140082646126
0.8406680260679849
0.7613970360830694
0.7909413996997756
0.8449596533459512
1.0111951947610964
1.1434919462029276
1.2443776773291442
1.1280414906934415
0.9321497689218934
0.8103690316217308
0.6842505609150668
0.7572268693091337
0.7974142386900308
0.7389824506683861
0.6266004215719215
0.7188804788898588
0.7585752007788714
0.863409540148724
0.9478370410621102
0.912820530566484
0.6553202258498626
0.4789347318645052
0.1754897941129714
0.0506452511416575
-0.04223036477118938
-0.015150346650370742
0.02748787468176614
0.12840965541627428
0.16924495781057458
0.16158580758590113
0.2168371547925937
0.19565565962550227
0.23104479673581615
0.3094880047077244
0.28509112238443923
0.30171043669584513
0.3091928840532245
0.36033942119567264
0.40361145648681857
0.2343636979175489
0.23546319182954056
0.19825393002197525
0.18376104620362754
0.19933282031116792
0.2267178933398004
0.2315837938019169
0.2419564427367903
0.29921357534513715
0.3095578004388614
0.26947495377154584
0.22487768257578095
0.1779393960243666
0.16005081425952697
0.11442853246116896
0.12726380016396951
0.1646733424063305
0.17525721841878567
0.16254028156016834
0.2147980807340939
0.1598530881679602
0.23571652836232462
0.2907681947730963
0.24216283829112606
0.29107743238395406
0.2814137426380647
0.1203302858353978
0.07927596510880561
0.24027873345205158
0.3758075467095213
0.5465012436520054
0.6248024848695682
0.6013028153650838
0.6297572450982318
0.6182397957321814
0.5334951882567186
0.5156768990431935
0.4214470061194874
0.47190296990759517
0.5535625917106628
0.5771582988779668
0.5789536273501417
0.6420238586176642
0.5915858312905278
0.5098883912431521
0.443260970548195
0.4927504627312048
0.5190369360836172
0.6181951983909681
0.6890341945331234
0.7823674289637202
0.7650557699935469
0.7759614739630355
0.8059876181912559
0.8656227173883903
0.7448125547380658
0.5465605298686482
0.36894376473920365
0.2994840143123797
0.3611415658254519
0.40300588423305156
0.5994131289582146
0.7385700896470375
0.840947275027507
1.072913290087933
1.2216694408532442
1.305051895219362
1.2416876014367397
1.069893119642699
0.9150729029275281
0.7712438888670693
0.6960725686044307
0.6514431409435784
0.5877808559542312
0.6031312004615657
0.5963215440280255
0.6236684733683756
0.6023131686935888
0.7180198629229742
0.8618565509737601
0.9909806300363055
1.1553380233454889
1.2667337344556453
1.4243826897589886
1.4748197415699127
1.431139090698779
1.3459673791459505
1.3558158860771794
1.3190520208406937
1.3385574304778942
1.4155880558385459
1.3326376209939397
1.2896684714129032
1.355069961805766
1.4723597590734585
1.4848631604557605
1.4554683538258724
1.4844361688161576
1.5313281104100696
1.5246039358582641
1.4148560198932483
1.3824935637916773
1.336174509433981
1.2994634608495845
1.3036176519690086
1.2478220214825344
1.362536673697145
1.4337093106274534
1.5455279181274293
1.5490426282297824
1.5514329666178954
1.5168084562768305
1.511413092070064
1.6156692344560353
1.687048176131452
1.6432880732977608
1.6070818003095917
1.5280231934005755
1.4125510471467067
1.3884771367953053
1.345742359454614
1.305138356108691
1.3886029868072751
1.4653834021166312
1.5440524680616645
1.6490996411477044
1.610819966872703
1.5917017849870956
1.5820404067693639
1.531198494187928
1.5154382450688746
1.435070181357868
1.4416444242448094
1.385146763195525
1.3779243643122299
1.422581472372128
1.5148403141592355
1.578586335753604
1.5538396028558317
1.6062058092603448
1.5926720684569449
1.567546953240237
1.5593418570211393
1.5391495582156152
1.511220062894993
1.5266584364639204
1.5882649116043326
1.5959165844708307
1.6524519237536872
1.643841644635478
1.6007651255542563
1.5952045823975833
1.5568003467646299
1.5110653407972492
1.496797957985913
1.4529976377627656
1.4253014552165462
1.4598422943733402
1.4800800412983466
1.5496622880207034
1.5416604741268498
1.5672979440162884
1.5539701447233092
1.5937137301792643
1.573231801311322
1.5162158920611515
1.4451558646010876
1.4114803180911297
1.3426844915966207
1.340539423412128
1.3370864299999863
1.3338995072625375
1.3994663046052533
1.4760468851310664
1.5050187948647606
1.5728164025882916
1.5617864378441584
1.5464440373187023
1.5583045241452018
1.4694716998015511
1.3562370114892
1.35151851776372
1.324362049282997
1.3372427455993454
1.3008911408815749
1.2124098576533036
1.221563462107913
1.1949410980716209
1.2051593915319017
1.1691208538567925
1.1114038540119247
1.1355005516166456
1.1716945644708159
1.1860819266325862
1.1601935621688293
1.2055304659683934
1.2599419310087792
1.2931251335736602
1.237538860417615
1.3156092807235962
1.3956483751340383
1.4033563787594574
1.489190088458443
1.4938778250280393
1.452999810227822
1.345281737206322
1.3216718642176846
1.269722561052579
1.2617758582624357
1.2410341771594284
1.2867385524078003
1.2538073110011267
1.2609097497895108
1.2322382861791004
1.1802408009068173
1.202551800159934
1.2227236646250623
1.3512246010283033
1.4586932602866642
1.521818416833031
1.5054159794095994
1.5503909696086078
1.5966619154411825
1.5311605098854244
1.5062115791180901
1.4087415083797894
1.3889748604404475
1.383243277586509
1.3997268355055024
1.3876211887028014
1.3572224054896558
1.3824081908758707
1.4407725663599833
1.50442972015753
1.5919723111255288
1.6079411927625984
1.5661856464571253
1.489708607634509
1.43141413469814
1.4371013339392085
1.38554696273202
1.4158579163145832
1.3933293640601716
1.4740868439156858
1.4772385133010926
1.4858681977466757
1.5427193889124409
1.5742195136700528
1.571483712182108
1.6593612177131773
1.6662593341645162
1.6050106652192164
1.6436336447579263
1.6164154255875203
1.5887581864463411
1.5542420365271201
1.5352279486335687
1.5143518544834773
1.5422510437469168
1.5526905788512269
1.5983367505474855
1.587227437717109
1.641341195312952
1.5831046979788987
1.6193426076261885
1.6704576999497749
1.6461298309230055
1.6823459771708684
1.6086004665678684
1.4713118520650077
1.4580587078602207
1.4793225408318431
1.391440781357357
1.4345298370372899
1.4435220706615328
1.4761008579978068
1.5397004588210064
1.6388465977340956
1.6543878926544564
1.723572262547769
1.6929947102843261
1.6178260157448452
1.5974856290156754
1.530027185713215
1.5362201223848313
1.5317700843262356
1.5026115446292911
1.4941103582561885
1.510649259790145
1.576828959668034
1.5974348248653
1.5673050181810455
1.587109612734962
1.6624663429519257
1.6336469283470114
1.6852905529718643
1.7012140606384645
1.6500020705242406
1.5932431849963848
1.5964689298784602
1.479761745415725
1.4632383199737453
1.3994581520005989
1.3249760458609472
1.3500280783157805
1.378697664852322
1.3957902929053585
1.485532567728896
1.5185012410048941
1.536317252406791
1.5567453031344929
1.5541021049887707
1.5789324741832036
1.6265756093483568
1.6220402434658576
1.571953125970069
1.5592956688941666
1.467644672189392
1.5150721777573246
1.4596926920074116
1.4482977796290393
1.4504749266284986
1.4438284420246061
1.5016369159197474
1.5553162567620222
1.5652677096121475
1.6064182020338784
1.6429866621603275
1.6804131097328368
1.6409392544474002
1.599773529020306
1.544657816981533
1.4902758737759667
1.449782337643362
1.444766132253868
1.3936575105899527
1.4377754206226552
1.4561337412578228
1.4694308262449187
1.5199833936911376
1.5513485164084897
1.61510874731366
1.6208555933638462
1.669509043039422
1.6242003653450294
1.5886856647089578
1.5459435454364592
1.490949228165201
1.4003295159839757
1.4533368934682043
1.4137798207122307
1.4173801302973528
1.401819162888445
1.4342691718370453
1.463655146146853
1.5055478344334607
1.6164290270304935
1.613232862526369
1.618561719181987
1.6682388368094365
1.6979071517825255
1.7016513479321358
1.6055280763155644
1.6201666252275273
1.5207910265212166
1.5240285188644436
1.4689546434499758
1.4615806405691996
1.4834162353624298
1.4725030844292304
1.5354625128608257
1.5567442992666787
1.6568113940334417
1.6125190259404252
1.696083168954067
1.7514281157168141
1.734565106657489
1.7075112129144816
1.6979190609234078
1.6875057793815171
1.6129288147333787
1.5348630485939305
1.480839509686117
1.4709851676843784
1.4550183572727555
1.4585809775006817
1.457683823970815
1.4902502685762715
1.4867387449161726
1.5548411438062566
1.593289840357337
1.6119215330079464
1.6716553407291064
1.7025619750212186
1.6666192892999951
1.6689321387170128
1.6067812200098563
1.534374723212156
1.5148350770034156
1.4770403370163925
1.4289792713458724
1.4105781334144047
1.4887145380588078
1.4856234381311793
1.4837762317944467
1.5762793565931412
1.6465773653620612
1.6780263720437796
1.669093777132532
1.65895516800132
1.6931104237836467
1.641229720998387
1.6344407596394401
1.5923222519540696
1.5633363272066219
1.4857133957741326
1.4874672255895032
1.4555132203072367
1.444308091227774
1.4947939006393876
1.5241541916895402
1.534041234317627
1.5932257731828114
1.585291782948956
1.6448816632169283
1.6572875588144194
1.6613218809580061
1.649444293260205
1.586740299141162
1.578622106542497
1.546745623539597
1.4701841022362083
1.4602065265256714
1.4557933979953515
1.4033831446363931
1.4455871981677284
1.477761102598678
1.4708695109384875
1.5221932386038146
1.5573766640992688
1.5232610204073038
1.5796249700731486
1.5976834892269443
1.5593209634686158
1.548980635357863
1.5252725391561868
1.511476006617873
1.526161506869159
1.4967283816779107
1.4810166405459313
1.4793738263588028
1.4717653278355645
1.501046647568806
1.5174662171535669
1.5526747132768899
1.5625294866805464
1.5394914366357804
1.5442448763317427
1.5694527280379365
1.5793942501633829
1.5896704536309136
1.53797502798381
1.5383100210621259
1.4955881936346032
1.4796885593212599
1.5310586500450953
1.542734659815465
1.4938927308320638
1.5275951751682566
1.551299312819894
1.506140788534115
1.490628459479649
1.5246506079021922
1.471900597122591
1.4914532983206883
1.4347517819640314
1.4734048769730836
1.422074632215544
1.3852568930237579
1.4623250192105197
1.5092911977767745
1.5198531526175512
1.5156777337496594
1.5572972613979714
1.5241415904013547
1.5491067419318723
1.5643847277819622
1.514447005705306
1.5479456648306773
1.4874376651592018
1.514605323125452
1.5217264597100517
1.5096250814910668
1.4754474377692333
1.5292427966600246
1.5343663719781753
1.502849533136506
1.5201638442971015
1.5290841965051214
1.5115241822662364
1.5249598107559328
1.5302385275149717
1.5133112113333476
1.4784409429563932
1.4314431233023681
1.4249415726015755
1.392323530922606
1.3494699400448118
1.3363066105461052
1.3591902211132032
1.3530127025474914
1.3516686945678789
1.3286333418397862
1.4172963440593593
1.3597730554448924
1.3663277463052574
1.4070386336577112
1.3895320396605755
1.3968288722851707
1.3749847831527495
1.3120153502106375
1.2749713319791083
1.2819525618555752
1.2736956349584017
1.2030397936354709
1.2323072798543664
1.2522028215672865
1.309321120221618
1.2932791791739588
1.2595554551660486
1.2805916106637638
1.2788756769990843
1.3045833738030899
1.2958823282911618
1.2483957421466891
1.274920050048433
1.2039473426148957
1.1864758648041873
1.1497244061648209
1.1317165338518342
1.1049183520857588
1.0941253448446313
1.0477300249856791
1.1356601919569531
1.1966296898103972
1.229948112412028
1.2471157888307658
1.2886487514031433
1.3101880685164808
1.2780017980835607
1.3078661096310327
1.2303531576951456
1.1933360363204257
1.1552256431444063
1.1394399810418412
1.1244751846291408
1.1055965209330494
1.1151101180065532
1.1601959631013623
1.1774035300931
1.2187412248824194
1.2346915004348884
1.2978032036174372
1.3249737104522488
1.3289366346783271
1.3620768584630547
1.3900298770386184
1.3830379858987243
1.3251972632712787
1.2444514167621625
1.182068780515061
1.1248348295502384
1.098931058516988
1.0911795013705434
1.055800794215362
1.1197796458274862
1.1175464479748902
1.1262130361121185
1.2030770084851397
1.3127514550655013
1.3237735770976713
1.3455839649339183
1.3644440456414606
1.3247429054948958
1.2664102987433035
1.2328120510213072
1.1587253097773824
1.1610060061192087
1.0924580706300373
1.1018897706862305
1.1187801789845289
1.0843479213975622
1.1755445014005437
1.189620038450675
1.2859912342717568
1.3107340667873921
1.3387147996515407
1.3564524054279659
1.3523629944774411
1.31733123287666
1.3119164180779672
1.25899174051156
1.1775874393144432
1.1670770639505799
1.0957893026696448
1.039187259081308
1.0416686001372193
1.0637539422067115
1.0509937568146848
1.1027766114779567
1.191181069581653
1.2047794636486282
1.2529375204961883
1.2809326485260975
1.300793104550076
1.289438164518034
1.2547141743001504
1.245279741863049
1.1445041677663632
1.1734644354687063
1.1049079543148759
1.0999001079737512
1.0448296889137196
1.0858261123919255
1.100247985427983
1.1321659393528407
1.1194066240093958
1.201377957410817
1.2066933435366058
1.2296997137185275
1.2482705415616515
1.2482587430550511
1.1863567891328517
1.1945516382872696
1.1245412534712447
1.0815190554142406
1.0591400112078337
1.0239833569406926
1.02445961695868
1.0632420823230795
1.065143022872642
1.1667749949235657
1.1896984568711129
1.1687411765279665
1.25630507181434
1.2411876110935391
1.2483539993255948
1.235849394372636
1.2008339951211404
1.1877790751148978
1.1088359984256038
1.1354266309719028
1.1163353313781212
1.0969926386741569
1.0868162247610376
1.088633818430354
1.0850024023172242
1.1336040924624535
1.1713039554674756
1.2012701793376583
1.2152114259887075
1.2342791293921542
1.2425650413750737
1.2396105252511547
1.194306633848752
1.2097080360243189
1.160759158230228
1.1914398122402676
1.1366499466133397
1.1402898683579246
1.124712916928033
1.1534868456479201
1.1268841410531474
1.1462039086800708
1.2042627960463403
1.1754345233908214
1.2055462739510978
1.1838554179423364
1.2151438555185805
1.2087152409289161
1.2382909261276973
1.1368523647257007
1.1079321285818127
1.1339269492507458
1.1078318250414212
1.0643520185803679
1.078623723917171
1.1309760840219156
1.0956131523877706
1.1326637637651082
1.1348046012600213
1.1812092593435097
1.1790672192442184
1.1708652131099833
1.14763732069282
1.143790796121684
1.1884679881432152
1.12310953952039
1.125952515065159
1.1178341382375265
1.1801566837669242
1.1367969148162125
1.1658218104190652
1.1509640587364607
1.140068196659786
1.156407334694457
1.144807771223396
1.1368092031140573
1.1484392722789591
1.1297493781950685
1.1094183384762082
1.1071791059542344
1.0961176786477715
1.1145321893323463
1.095700444120509
1.1297902061771208
1.1887689289767112
1.1782738928982983
1.2367916409866848
1.2229522802206099
1.2912651482807207
1.2625858245886235
1.218623686786863
1.2241204255712201
1.1907070280937009
1.1450544935484723
1.1067376207417254
1.1329466319066148
1.1250596076377475
1.1049518948272345
1.1158087929156446
1.139986664939862
1.2058360697067194
1.213078535302229
1.293649091283969
1.2910804984432898
1.3861764827263132
1.3735584510968106
1.3507472649791752
1.3089953628404212
1.2447277182838352
1.1476065391005004
1.129988941459234
1.0671304599426343
1.0763592324785702
1.0294104690850716
1.0573622320182634
1.0494938499533024
1.1428915205681156
1.1613314692980594
1.1942299561246847
1.2341725358890385
1.2287682334505008
1.1942866948059778
1.2223910363518138
1.2128318598481331
1.195099534825582
1.1356766606132005
1.0930639115108831
1.0546863668129283
1.0182124993309194
1.0427214666974773
1.0692220881026682
1.1163442716590466
1.1275105092285913
1.1473602444310038
1.2213941813338827
1.2572778177970116
1.29830810139007
1.2878979543265536
1.3268551869658043
1.2643192842311957
1.2395441081039433
1.1787769549904492
1.1479160679384335
1.0696674846618326
1.0740838981010732
1.005054114612547
0.9751782418690593
0.9977989544326361
1.016711566117947
1.0658091217859447
1.1301009748686401
1.1812431948325126
1.2247532828703955
1.2149328644294863
1.2442590965165605
1.1838897521426548
1.1092139700851882
1.0894663547650085
1.001501549613436
1.0171759918536003
0.9323310787767098
0.9516225801423598
0.950597449930735
0.9945292190616317
1.0739266019271678
1.0679129789347765
1.1664866933751943
1.1961130575061925
1.1743574108543755
1.2031055361915755
1.2022593359102538
1.1776779032209137
1.114883529463623
1.0774697864300362
0.9867989492044821
0.9675541732900425
0.9375657491478253
0.8878069023928632
0.9780081804540132
0.9994371529617131
0.9721371115926566
1.0534889264985048
1.0871362126024138
1.1190227711190375
1.1865156709324542
1.172021056545659
1.1668696521633233
1.17438985514166
1.1650232095243875
1.1779005466101702
1.1068631437601448
1.049731280821796
1.0244478862367756
1.0069869887135758
0.9817779360238157
0.9555741014523085
0.9898195067751878
1.0313721557631559
1.045572898959696
1.103494481709688
1.1127861619749695
1.106525288578741
1.1710773132247072
1.128903139709046
1.1966049407490957
1.1721741642209988
1.1783256205953376
1.1253956332575834
1.1125152842308048
1.1032892309938718
1.094095507328454
1.0414407201279474
1.0952871562899256
1.1018361489589064
1.1161250014929933
1.1443907143717127
1.1697607184995966
1.143542607080148
1.2025731314597474
1.2025480787566185
1.1939984562782129
1.2043677779802868
1.1914984517195737
1.1656780981886157
1.0940043450927959
1.0712060263221082
1.0526573808249093
1.061264931692819
1.0812615544699529
1.109404128743275
1.1311627981564243
1.1670551314736621
1.175461231093717
1.2088107393064222
1.1930486442350294
1.223934431112877
1.232628542285455
1.1735394899488398
1.1041312870679025
1.1232359945189665
1.1077362934351553
1.099403107612903
1.078808703721826
1.0509349581947758
1.031604427993117
1.0675927355128259
1.019870413016007
1.0997561587920317
1.1256534030121912
1.1761141385192735
1.1669012492274617
1.1882686170693904
1.170125633694128
1.1694406005871913
1.1203213927551614
1.0773131544637453
1.051274337331357
1.0830508591594872
1.0744228013217336
1.0917480756878024
1.0796076583524812
1.1235782856382235
1.154926660973367
1.1218213474404097
1.168750457012657
1.1339672124658582
1.178256432919854
1.1505943584439646
1.1542087993765124
1.2082706904398102
1.1752002609524552
1.1071579845259298
1.1325409707366416
1.1057977415667988
1.0680725024689977
1.1010671547244704
1.082232182134306
1.0905624945063068
1.0965487985612803
1.1513901879283492
1.1240789818263872
1.1348717450848034
1.151629859768958
1.1211695358714688
1.1134689710408312
1.0971944972246888
1.0870068789398113
1.0267637298425945
1.0903116918159734
1.120873745143969
1.0545743767411921
1.1295854098273757
1.1346764311103055
1.1070399910047166
1.1478490122845695
1.1261730296639063
1.1468844468683477
1.1122429886261975
1.1063140030564032
1.1277512935815994
1.0798312929171818
1.0529117138542632
1.09305788439676
1.1175601420254473
1.105750399575997
1.1316388729527547
1.1141141215150387
1.128508490487263
1.1299993264679042
1.143899628505874
1.1521692528638001
1.0761989972609876
1.1230397428405376
1.1577193799449372
1.1729126579763516
1.1311409581147824
1.1318096504806816
1.080568236915259
1.1335578390537857
1.081932808310372
1.0688486219389126
1.1111539655796348
1.1227849672648842
1.1494288987772199
1.129047577714505
1.1456011901950942
1.1314385406586298
1.0866632089760102
1.1174164916704212
1.0898837683016185
1.0582941308113363
1.0564574083169127
1.1067065365812163
1.1083016262680403
1.097916232351646
1.1020842041709056
1.107258202031896
1.1155901195909022
1.137007660048461
1.0946131180125493
1.130916461010149
1.1409252403011363
1.1240204444968958
1.1368950401228721
1.1114861073447206
1.1044856662639997
1.0715919414271402
1.0749670090284253
1.0748377281314125
1.0613840824888918
1.1209299085475162
1.1098288446132036
1.1275001569984233
1.0990587391831972
1.1569135673950788
1.0847636653081327
1.1257671465749897
1.109999002317612
1.1187977204136141
1.101419901095015
1.0271721301164853
1.0170080554987198
1.0282602967971395
1.0204523959791068
1.053735144096939
1.0325945006566692
0.9651033668966131
1.0513359081449756
1.093286770202375
1.0926745980079873
1.0580824050513424
1.1159674513882194
1.1215152136057087
1.0672450884440634
1.1006602348285313
1.0846473521475188
1.039664984254681
0.9354496935612298
0.9720733554660939
1.0213219638261093
1.0443308807656495
1.056251203881712
1.0434333531765847
1.0517452945170493
1.0540231088972876
1.14499768679122
1.1696269380232927
1.0959228804079963
1.0696107985658236
1.1386235434493108
1.0838833835361767
1.0993360923559414
1.0652224186927937
1.040489356131617
1.0218927425769868
1.0145172001535547
1.0397552616651375
1.0744169292682368
1.0842625150055973
1.1283905383474513
1.1306181154808395
1.172542366874003
1.2057324178647728
1.150134589146011
1.1707680824320028
1.1595017591330024
1.1150551178553485
1.1089873326652562
1.0918353608167104
1.0135053892824808
1.0292999832550307
1.0545616686197263
1.0738649889689875
1.0771799033038638
1.090904748599393
1.1456508293811916
1.140621999530322
1.192639111208922
1.1977363415091238
1.2167984018661404
1.231788034471528
1.1754435640071224
1.1796870044935226
1.1373932932733235
1.1037835740554178
1.102429132562032
1.069503885122847
1.0236920614337461
1.0638508989512863
1.1185379052959983
1.157115150381601
1.1652206660218163
1.2015257727539856
1.2412097960280806
1.218766657972375
1.1933977515695187
1.150013246036303
1.0989077475718836
1.073908731282167
1.0370152574947524
0.9739758359697709
0.9739174215148261
0.9727607456625292
0.9436076634131558
0.9913565242854446
1.0210071565354886
1.0630298132627523
1.1177138036443344
1.118603881772135
1.1505043458982425
1.1534233603416966
1.112665601910349
1.1515992984861652
1.1360847925841187
1.0948474654153046
1.0736721573436883
1.0366838546215205
1.0158910366434026
1.0001022680859628
0.9945576393438234
1.0421924858735983
1.01678148335266
1.0409635198226765
1.034984193794243
1.070352687724958
1.085078881736445
1.1035811461725356
1.1316015283420098
1.1129783132820603
1.0998927446292792
1.0805216843034753
1.058981268956095
1.0218484057202217
1.015644398586841
1.025720156617465
1.0011808970441998
1.0714712193607665
1.0905134014301736
1.104982826110476
1.141180468733621
1.1970447428320319
1.1876922240485301
1.2222657443339202
1.1807242703098881
1.1808232465568653
1.149905457155915
1.113002649544913
1.0793246349288983
1.0372836967557881
0.9871032771873313
0.9822258031771862
0.9758156737621282
1.0365876423149345
0.9827546614454234
1.0227279163306866
1.1111787722836208
1.1894555340463455
1.2186559958211376
1.2315331879415825
1.2458331633154185
1.2198414361607945
1.2213163968307799
1.1361581737447426
1.0584810356754077
1.0830045402578459
1.0294581428350542
0.9743353555126844
0.9164849304972248
0.9350313965033868
0.9757404266618837
1.0316849229702183
1.0414785746838227
1.110472950520736
1.1634500965109498
1.2002396629758731
1.2237480858210932
1.225796401350408
1.2467785261129376
1.180609239379622
1.1610393358448865
1.092786237358376
1.0529854894786295
1.0047869825866358
0.9433886473162434
0.9457675713132804
0.9872776761069199
0.9958448620733966
1.0534461309312428
1.150495934921821
1.2079131360740554
1.2301465796774589
1.2673660287470592
1.2723244085279928
1.2889507468884513
1.2026692256164164
1.143931576177989
1.0611723404332605
1.035213562439957
1.0336489511471971
1.0031467782889434
0.969352291719404
0.9649523617191043
0.9634639284685618
1.0168126709439123
1.0061347153215248
1.1023874374051
1.1486028866151272
1.1188830563973449
1.1489457267514545
1.135194994950695
1.1631761252153243
1.134596630996249
1.0700323722986835
1.096255445165354
1.0910326883757016
1.0574090444388502
1.0428116027664476
1.018133280648851
1.0435427006945581
1.0410301560168345
1.1003922218028577
1.155151638393407
1.1573066957433955
1.1690697207040746
1.1664142061872251
1.1317832160669912
1.164504151871065
1.1441134039337293
1.0998672182889513
1.045562292859282
1.057647337169308
1.0556344881508815
1.0148430208658825
1.0193973449259959
1.0074835494669216
1.0193451873771733
1.0287273636291272
1.07682674347481
1.1160634088378816
1.1189410495856196
1.111135932974841
1.10345107869158
1.1079397201306795
1.1329835310692942
1.075383376503473
1.1026895876935328
1.026905371046538
1.0832821633323022
1.0802119447606247
1.0821874785459389
1.051888538768875
1.0986536236200515
1.0889180297119834
1.1217227830167156
1.1575947875406096
1.2257047335240383
1.2168584288179192
1.1834353933017494
1.22730634574103
1.2255476070804014
1.1976744700720925
1.1557498762107639
1.1610487595672092
1.170569681019941
1.1675458166585262
1.1604556263207662
1.234273322874059
1.212380185170252
1.1966389495600318
1.1600053396687915
1.1828203573808553
1.1710963691758405
1.239794883893393
1.1550165705583415
1.2125455421668636
1.2092602748646561
1.1472229683263606
1.1606389652032933
1.1922042801192942
1.177268333945384
1.154848327452156
1.1734211493790527
1.1596954430748287
1.1854332426882457
1.1094335369983341
1.1484682059809854
1.2600692356424097
1.2682735094779547
1.2153300736180603
1.165596740164778
1.1517976809441408
1.1501828525365847
1.11962891379329
1.0792203954112856
1.1114280984579314
1.1157541476884856
1.1721667485633178
1.1258201433572856
1.125121081210656
1.083467732991425
1.0819335673521469
1.1155603134762253
1.1741239955120557
1.1619200522984685
1.2321851383247693
1.1672943291736795
1.098727056827821
1.0911124132462866
1.082432842092804
1.1267746080876686
1.1308102000950062
1.0766650175268933
1.107145717959529
1.103466284943243
1.1152776974448475
1.1574895292954512
1.1947978862248925
1.1066873530082844
1.1504564991650705
1.1572442607309466
1.2035757195213796
1.1558510790985097
1.1930649086445162
1.2066876669443707
1.1799461112056366
1.189157281108283
1.1527895066302778
1.1766826461887572
1.1811385414455065
1.2193910322734114
1.2029129817032505
1.143988989704349
1.183088724227828
1.1491084207428854
1.1333938553118363
1.0750110394964656
1.0870605766856785
1.0752258114277424
1.0834725564172076
1.0812390356508894
1.0476600786661807
1.0394563516790947
1.0439266527816733
1.0481237137101251
1.1611288317995188
1.1661348100790168
1.1596132124509062
1.1035916510333867
1.1634290163543644
1.1381248984725627
1.1006346795546533
1.045322912612276
1.0193412062644687
1.0716280902885702
1.0968644610643268
1.0507516395730432
1.0829065850334862
1.0941848153360445
1.0957476221232167
1.0483895836585388
1.021517544634598
1.0143289335506886
0.9817498717425175
0.9863582635356092
0.9409776602001944
1.0191895244541953
0.9823029884457589
0.9182645195464058
0.8856118707504589
0.8986792233748849
0.9234030506882522
0.966713764770098
0.9693285194809634
1.0110952081340059
1.0213417065116897
1.037332445977355
1.0148509132453134
1.0226727746175919
1.079768240374262
0.995112947619536
1.0413155382557517
1.0619744549528338
1.0385065301231788
1.0213159557999156
0.9839921554373744
0.9551382766264406
1.0488287325272558
0.9915618439848184
1.0005596368026537
0.9905065148757695
1.0258596759311676
0.9984195795887962
1.0084722970424604
1.0049900934243166
0.9742023211186549
1.00742263689002
1.0504297377532434
1.059555995575678
0.9682740631837938
0.9627492103522188
0.9563215173558534
0.9840352154306472
1.0068681156681607
1.0118051850143521
1.038806674432393
1.1046608465008843
1.0880575303005475
1.1206573623879899
1.1458825732792766
1.1330842784376507
1.1746940337662826
1.1566067455847244
1.1237141687766112
1.097446339517113
1.0858454390397747
1.041583845598317
1.0651360240472496
1.0603445206361497
1.002766441266201
1.0705039158458802
1.0919376266860374
1.0824472911976926
1.1324491963547771
1.2348836720896408
1.208470465177062
1.246248011286517
1.201896604747225
1.1663204922614734
1.0605089137778025
0.9928943780754451
0.9324375634568456
0.8989782536945536
0.9514404719522682
0.9273728133249861
0.876319017987782
0.9208907248410325
0.9747886155879887
0.9887091167073487
1.070107467857432
1.0837123479388096
1.1253408153642501
1.1712774197038127
1.0589613913142373
1.0855832668887715
1.1199379958861055
1.0670252026163916
1.0593407911631045
1.0556543202393465
1.0293683019011548
1.0392230609678605
1.0732635958622216
0.9931922442770705
1.0512638698464831
1.1262662138366286
1.1226494507275557
1.1657759295012033
1.164880071780997
1.0873418036055305
1.090384693083774
1.0883418485014096
1.054327827640519
1.063659170564205
1.0889119202305961
1.019667672620076
0.9312208110313936
0.9396447737791112
1.0072565985888915
1.044007386128702
1.0584915593271165
1.1089025871346525
1.1549662771781564
1.1550454419035492
1.195496184902314
1.1976701406594095
1.1540329790593402
1.0872767696556103
1.024534796844958
0.9750312643724578
0.8928424484864401
0.8845041006891838
0.8896349172137681
0.913403945750933
0.9332509425398487
0.9705617147026429
1.0717041124388949
1.1164303978070242
1.1652766045137142
1.1921808183480116
1.229700853446339
1.2553978789969913
1.226543389802752
1.2073696586171347
1.1623097357785257
1.1142112456856876
1.038691819438254
1.0113946939809804
0.9608505034036205
0.9519300031482585
0.9236878482275839
0.9471845648634657
0.964476355113804
1.034912440152651
1.0334078647808642
1.1446310110044766
1.1557219284705373
1.1419103142468283
1.1512684213728703
1.1614411854245623
1.077853031560538
1.0230911272447127
0.9166730021762536
0.9114709912228917
0.9149156152234178
0.8795411498080122
0.8507228391684696
0.8662105775755427
0.899154173879894
0.9575311354809682
0.9665618230087343
0.9977022479129081
1.0061474222673572
1.0170299965023428
1.0697849262172825
1.1136158044721842
1.0721662426396568
1.0703956664275813
1.0624170191845153
1.044352127831096
1.0100896970156352
0.9395947791090795
0.9103366285766656
1.0061405764359812
0.9577467119071316
0.9542861488470442
0.9717621850733016
1.0399635531847842
1.0522123509863
1.0982990366954932
1.1119045061153046
1.0896231356228459
1.0566650456786228
1.0598078880345017
1.0576637461814065
1.0195945875834258
0.9827880566700011
0.9450002681328489
0.9531837246067381
0.962345044040138
0.9913036563034057
0.9842401838740316
1.0463348930095568
0.9980474955282156
1.0985964382396647
1.1079594008621645
1.118653142224407
1.1187971676418111
1.140410129995281
1.0986127555396228
1.0881527477808108
1.086794084073425
1.0563329765851968
0.9792368603619004
1.0147384159375314
1.001857969077696
1.0558563844325664
1.0687340571401989
1.083627076324627
1.130129843648944
1.1283021043720924
1.16310330498054
1.1643316907450376
1.1669566673520355
1.146329663952304
1.1501697549763292
1.130691086588457
1.1462779574649027
1.112441681406387
1.103855915190361
1.1037744579513131
1.0659547892941863
1.1067454693311285
1.141545211667606
1.1418273669283527
1.148950023390389
1.1552168815879822
1.1805837276944944
1.191051723633441
1.2040505242262505
1.2207919520821766
1.1795711154459472
1.144782399076614
1.1313450314971496
1.1349961888655158
1.0996182729256712
1.1105318540460678
1.0973255186546802
1.101170960689311
1.1408563774565623
1.1692446614941734
1.1085438874715667
1.1580745734874822
1.1370732027172175
1.100926607650003
1.1200871292582384
1.113342432510193
1.1208235446767787
1.1057578896863347
1.1207523418596914
1.1072903315223919
1.0773568687360464
1.0968751076476848
1.0747949341499143
1.126574824571349
1.1663262252051079
1.0934597694906
1.075506866320235
1.0864033644425033
1.098945813825002
1.1138682960672535
1.1700872837319523
1.1243954698789658
1.147521148722597
1.1331770402684307
1.1262332657610528
1.1217936807885096
1.1089405691220642
1.118481059707994
1.156065707509284
1.151090843877711
1.0827337023481718
1.1812482864417513
1.165155632160085
1.0908671722472176
1.159465581029437
1.1726502115477557
1.175663465821609
1.123929896958243
1.0836186340224914
1.0296177423577486
1.0143068883196733
1.0380373300665362
1.0391519945893521
1.0675016304733622
1.0871282895587735
1.0434197582437057
1.0979739816497
1.0722169726262514
0.9696708386429038
0.923617444901637
0.9326692180040397
0.8883187247733326
0.8308100138359665
0.7707794589541783
0.8031715890729016
0.8491630946002576
0.8825701348670967
0.9355731895080147
0.9067390134805091
0.9073795186448345
0.8895232442242116
0.9227803116580675
0.8895217160742368
0.8729782445184778
0.8617268498178885
0.8685299688201408
0.8513804226765642
0.8454142459654654
0.8352472811108578
0.8223606085976917
0.8310654745664893
0.818577261513251
0.8642479584977929
0.9239740314266544
0.9277957520997651
0.972653359231755
0.9460400265862334
0.995015937000951
0.9380633463251005
0.9522022442410877
0.8578853454780108
0.8977885813840254
0.8645591833542469
0.8753662107341413
0.8540908286259093
0.8479164955506587
0.8336827509896727
0.8732667212018254
0.8656831474071953
0.92815752021567
0.928783842422805
0.9333342456031944
0.941307333891412
0.9794865124012724
0.9582050917591265
0.9926233768455957
0.9464169608461395
0.95808597993836
0.9133516172730317
0.8863123358419663
0.8291165306944667
0.8319030526511649
0.8208192843647335
0.8366418019212609
0.9303862263345758
0.9631072770193324
0.9663440516818419
1.000750370248559
1.0183831560186396
0.9993384161196982
1.0029029274056196
0.9826107517834224
0.9692872709282505
0.9035212597082266
0.8887580052822317
0.8296792872172069
0.8876208261140442
0.8823027183611454
0.8893626309896486
0.9280720893464003
0.986278113239185
0.992247938296112
1.0263314818168496
1.039894259588901
1.0438814878303717
1.005598449292937
1.0479399495836323
1.0103665756997673
0.9677947557190859
0.9073061210162514
0.8744661654793552
0.870530380573004
0.8699653781353857
0.8624501534844592
0.8909731335942475
0.9075854973772965
0.9526244603352347
0.9637562380404405
0.9989189894902921
1.0139434037744754
1.0185352610252192
0.9828966193957062
0.9760848678897633
0.9373453979440072
0.9212567776085766
0.8826657717780472
0.8507998643668558
0.8261088286222497
0.8151128185084373
0.7815603164526053
0.8551605036198291
0.9016180629373369
0.9491337291806429
0.9100747693501106
0.8977532337000683
0.9131084056699625
0.9198895618588224
0.9100711236085345
0.8877509476908081
0.9135751456212476
0.862336246414072
0.8963815820651032
0.9005179497139117
0.8823897551644582
0.8753441739790192
0.8949362663919379
0.8894686347539851
0.946763583403748
0.9453984244306851
0.9765453495985328
1.0535250091940096
0.991750527923725
1.0061660628615718
0.9872746763537085
0.9092869809782487
0.8685678273251708
0.8201349887574768
0.8444505591582788
0.7951629069076744
0.7795308525938076
0.8371067308409298
0.8911082866235838
0.8681098628187928
0.897172322155934
0.9374047899043914
0.9999352984838819
1.0248427862873088
1.0281697456349341
1.0078309966038785
0.9659084300007129
0.9941023920480532
0.9415869683761519
0.9071704685279266
0.8828439121841835
0.904653132990713
0.8690108567559716
0.8243170586050642
0.8837553484422045
0.8925429697674039
0.9328361772917892
1.0128454536530338
1.0274481149947017
1.0472901855039323
1.0636318085321539
1.0614825350965296
1.03928619778726
0.9935668177282617
0.9515762768474301
0.918103218482092
0.8978047244684073
0.8320736740845753
0.8577856202581373
0.84537125770559
0.8641789983868629
0.9299851326515861
0.9766404675405661
1.0158002589553063
0.9911695663923744
1.003880771326886
1.0239619657868821
1.0176133715395415
1.031945902303891
1.0341075287223334
1.0128205149794518
0.97921625945791
0.941421713115485
0.8969561671179948
0.90728455513224
0.8819596953201027
0.9428991858557112
0.944262206767146
1.010859437153399
1.0231183293728667
1.0164066883530334
1.0533291386168029
1.0531080403161084
1.0822321737534977
1.1119331953084308
1.0703647399546434
1.0392290871914778
0.9224759649895199
0.8785809214281055
0.7949217660298896
0.7988654313890245
0.7878170402848264
0.7914309461776413
0.8146348379862229
0.8634410710990076
0.8542274881083689
1.001670391571231
1.02436004902121
1.0030597408632353
1.0469344665624185
1.1116055261973146
1.0853366391063874
1.0684813650542666
1.0283013742128542
0.9746225165215283
0.8939723724598015
0.8902862351401845
0.8581729978982291
0.8630193896246269
0.8714408300321932
0.8450788574817207
0.879447138480358
0.9215038583918117
1.0352201533000678
1.0785901964096194
1.1267547503671327
1.112920445212571
1.1518043652941943
1.077505029470073
1.01108080876215
0.9425571849573322
0.9061518384404659
0.8936010452801005
0.8677205528339149
0.8376410439904706
0.8771321444976314
0.9386645015084052
0.976142315339741
1.0002558453405366
1.0702485002822626
1.1531429769922894
1.1142312236147573
1.1634602837382715
1.178311092698129
1.1764300439535238
1.1247439787038902
1.0721197353957388
1.0673488550871764
1.0147981559812593
0.9958756406988007
0.9597173100877372
0.9414829221907636
0.9468239404229704
0.9706634279589886
1.0634648162218459
1.0926770583560057
1.0613231566329353
1.0378975492847464
1.0992642604881862
1.0937517030094301
1.0564166842690108
