0.1442581252560622
-0.03260996172578059
-0.003435635380827384
0.33110581571117415
0.6299960224607501
0.7901015566436115
0.9370262879678143
1.6188184182814491
1.8405446579091977
1.8290783483686175
1.6424945920975405
1.7698305957709415
1.89909766576849
2.8875748629694065
3.5666844857220026
4.245842779759238
4.747611116577883
4.8766534152180725
5.298485015802354
5.841423800242447
5.9401578991191375
5.735531141005358
5.815734472430543
5.678563886449629
5.509531940672308
5.31537500804283
5.388752013399308
5.388738631810373
5.606482691514417
5.550083694004387
5.193618434008715
4.791803926998509
4.447918017228789
3.552363530019776
4.45310509411138
5.145729605513586
5.396445318439902
5.8974130026741065
6.243655648437931
6.343245323388577
6.238735802114721
6.204948938796784
6.406092862132877
6.33301773172523
6.483601607113405
6.396785489205828
6.2845470860152055
6.495314432422715
6.327138651170045
6.519207193694281
6.188111527201542
6.233509981047302
6.195236297423294
6.348458125017927
6.354502856081451
6.017775741995462
6.1153295587368435
6.667690847764083
6.694882126294509
6.5096856268849965
6.360197640895992
6.315245314985374
6.026981621319652
5.711399826171089
5.564034166761465
5.370666845921325
5.365594643802834
5.063952753414004
4.8702865995233
5.114006844555954
5.245761996346905
5.325543150507386
5.1057837603684035
5.308805817897822
5.313052761521738
5.088268313434442
5.0722538327362825
5.4543503384766465
5.519544756839248
5.083488980751204
5.034112101027523
5.270166989337726
5.656588890484736
5.7945162961386165
5.887158531847589
5.988768500065794
5.860656955601709
6.139026180090077
6.471400606500046
6.4809910177535555
6.766439264348088
6.721364792295958
6.317327193835995
6.154625303115585
6.017314207164738
5.904235821146261
6.116366310229798
6.3653300478483485
6.3782169756607425
6.156032313972588
6.16595904912469
5.841924083514499
5.902438579394007
5.555323482114572
5.517198442261235
5.648932987195439
5.5595625076705115
5.151514946705673
5.157237894580989
5.091812967652052
5.204783475562415
5.260888683023344
5.360507761208066
5.410213936893278
5.160752603546885
5.049781784229099
5.405342318488499
5.426317022571311
5.769622275796267
5.821536931435919
6.067723959890895
6.067686586637452
6.014377405444205
6.04848821827448
5.989470633468712
5.737517127918965
5.553779783731994
5.673656966019536
5.547222239164676
5.883195196246316
6.086806537230695
6.081465659742571
6.209016222175234
6.2996822077418075
6.526473925964839
6.709500044015259
6.514868595667023
6.582656368156757
6.408921132921735
6.567976470960043
6.629236657814919
6.556592002738304
6.759217429503423
6.751349263818307
6.663220671312923
6.746617154079613
6.593909436804881
6.649692235698259
6.600817944713893
6.684544511558601
6.657317745438297
6.371203800106055
6.59379709301952
6.883570634537909
6.549276337199949
6.499542966613822
6.743691290204147
6.760325132503621
6.5900093836666445
6.703562625808817
6.64084067887782
6.775322657269119
6.467758374590825
6.742769276087661
6.52538427800396
6.45960991310155
6.590884684887956
6.720467110411515
6.625773483943251
6.483426152295142
6.524955035114113
6.479157722585311
6.733923033721934
6.684116671831978
6.549452768862163
6.550033494714202
6.543224685307406
6.341455280371055
6.503331303456465
6.5610053479157315
6.450113380153501
6.5855671896761665
6.62956118441646
6.430797305111556
6.681634926450714
6.526967012594653
6.453346187193792
6.520934377613644
6.739317865708403
6.619590232980732
6.631880152105813
6.363585990976886
6.6353178145768865
6.7243064636257746
6.337566171964808
6.300881097308077
6.362437981281909
6.520265295334012
6.610867523754621
6.650056232368508
6.768377291756825
6.690849767549807
6.446532389977034
6.387821370581937
6.558473357832609
6.355927667034649
6.324773497542614
6.204495229586304
6.353258589718136
6.3974179042265815
6.447984486296687
6.371432324657387
6.326625228524042
6.30991802278639
6.0767070020667555
5.970961759467668
6.196831853036665
6.138392616986384
5.890950876408053
5.966767568700966
6.333343115506532
6.230737312522609
6.349043806006294
6.318548782862007
6.646477212628115
6.648599106406849
6.509544684988325
6.607371173297525
6.727700553598889
6.77395823260999
6.604602858229849
6.601636158471516
6.58345409604691
6.709892629368322
6.648380751842697
6.584948465896785
6.502871855174393
6.666804687631037
6.472042278056199
6.281296885161936
6.139191047787821
6.413960661113397
6.572919967658104
6.7783471189695135
6.463738326322802
6.739275907966468
6.586725420198023
6.467615426349471
6.174715810529487
6.176614766783439
6.156032389230441
6.123164747327564
6.194554826130206
6.112982462820979
5.802685149754183
5.471201007695934
5.796961192019288
5.837815487230289
6.060309234416491
6.223809775296135
6.326243703584707
6.472376144340035
6.397096676875175
6.491615030669505
6.495870898006762
6.4559211210639855
6.515772651712362
6.011410361945773
6.346139270376634
6.320886222547213
6.387119334201235
6.583605393157884
6.656810440033216
6.735630994485287
6.580735098887075
6.754544760369194
6.781779109868275
6.705898037945739
6.618175153467297
6.502044905562785
6.363192434827695
6.433251193409225
6.344218132106083
6.359722975946189
6.110844639149185
6.293653224133351
6.44413049130568
6.448598236553977
6.202984863671508
6.230509871041148
5.964233144039882
6.493149344274562
6.363414999961934
6.241981273857143
6.622748229101281
6.568579300425879
6.182220326438194
6.596628818847682
6.663606096872843
6.2669676078253005
6.195537901432059
6.3121266512428615
6.222506310871116
5.797380649722465
5.829285774359833
6.371183945190038
6.483633245325022
5.975792829312807
5.775653106792001
5.8574204572559365
6.077815818945925
5.896691502849137
6.436582375505381
6.4670455787822565
6.244046847234005
6.265315298677493
6.417272463451437
6.2731800736743715
6.618003866331691
6.63069520556486
6.307800799102312
6.229680744639547
6.400098705617363
6.543678437528369
6.544398988548868
6.565283753470863
6.346282934834406
6.465647585510506
6.66642556587681
6.384223571482538
6.4397856275304095
5.927948584310416
5.708659394506211
6.08305592783226
6.431042445193159
6.363615987179304
6.353613406755946
6.4793522760202675
6.587729873889543
6.578896589379619
6.543912863190544
6.633627461930909
6.496616282441574
6.6244243451580305
6.7537051733653115
6.560392851476993
6.648064559699371
6.63440872832614
6.220918450192599
6.419488883347896
6.561734920348266
6.524861273469985
6.439640987908594
6.618500900161406
6.535846938559257
6.506641529375126
6.465329948206976
6.383548797564252
6.50429013865728
6.630491579449519
6.53591779842191
6.339816202218833
6.6151425305849925
6.659558808783075
6.535043453021986
6.534232384446989
6.7604697337018225
6.686149247063151
6.434569691137017
6.640525955521303
6.487385187237663
6.112915856793817
6.210368785871246
6.664807813721379
6.643514343065438
6.521957556001453
6.55233286321045
6.667674453289261
6.653025681577413
6.478375303759407
6.344103530353557
6.3528067230950285
6.482345689940641
6.502191897604865
6.242688186041183
6.516300552182868
6.4597135197928255
6.076335899732307
6.125887810635831
6.158676667949055
6.145039233491917
5.88870784434381
5.8836148644823645
5.851705882563274
5.764173144158777
5.673877796841823
5.802493400905828
5.432517837046861
5.277263217679517
5.175883034785019
4.963136232428733
4.521486694941531
4.711333876289159
4.776818706192287
5.06456346199416
4.800963682329782
4.778288484123643
4.846824092123869
4.451988278298475
5.072498684671998
5.581462354262913
5.819407822311357
6.140232026115781
6.020872453781665
6.005682534342734
6.005314230352107
5.767604920007869
5.904548538505692
6.066113993286558
5.841162044722603
6.015614225771678
5.587990435837611
5.479982389640729
5.8750414887365165
5.987928406039662
6.036005488872674
6.351465225542527
6.578537420230155
6.510438693893137
6.249699623255127
6.3902435747382516
6.411943127377507
6.370057470605461
6.415600198815865
6.258020387826539
6.165215066825342
6.31098650681038
6.179916284717768
5.861733228770745
5.723670033068494
5.966412405086791
6.012127618147245
6.016849769807364
5.932833688781946
5.375449070604617
5.303410957220047
5.48579198603647
5.448210038271959
5.231454421221374
5.182692722496458
5.015591253452697
5.336573467463711
5.415521432617777
5.799836614637345
6.05133940812569
6.043642901155173
6.053129577170327
6.142825071853791
6.092882368345414
6.31409442997616
6.425479447229982
6.527004880677728
6.286813726348182
6.277101388627775
6.16673640304821
6.099331372311445
5.979766287084688
5.84079845015672
5.981540550785083
5.732269671239003
5.812324241700925
5.807979512092073
5.608691376731125
5.66107774418276
5.817736025075293
5.409830783265435
5.440910992879292
5.464648279705826
5.631128988874596
6.234231734807965
6.498720748055996
6.303278007601615
6.1676096189242005
6.184926471129238
5.682126347564426
6.154679541622601
6.1118335248133855
5.71440575024903
5.918945707693356
5.736707866269991
1.875832957753008
1.8881129639195522
1.960415027279409
1.7886832199687832
1.4442702518790473
1.0020821693785824
0.6857526754108312
0.24835068667139432
-0.11660329608609703
-0.15190771833297678
0.03552471004645263
0.1459023102549557
0.14310599898908816
0.11771639709837521
-0.1265003173640578
0.15743566395889794
0.36757571586988064
0.7243409423232613
1.1887013161770494
1.513554828399324
1.7973289554210736
1.798503504149727
1.6546662815368283
1.2973148122924525
0.7905434022807899
0.47687271322857683
0.2292512258194816
0.13938225783355435
0.05180569311755567
0.04840321911600069
0.20309679957367469
0.5750078784875334
0.8160710209625947
1.0337107894873157
1.0700598375290764
1.1354131632310165
1.1346408434481536
1.2763446089235537
1.3317964790388201
1.3961246770515332
1.3648653879976034
1.2522457029280716
0.9815107102658367
0.7760270306444872
0.7858360168800088
0.9567875863042579
0.959181605945153
0.8626193314198984
0.6922014958975664
0.6263208126545754
0.5677108427468721
0.6052615388978011
0.6181081898870185
0.6645254458672519
0.46041948383635645
0.19393941111461704
-0.1282213658718442
-0.3336510106065395
-0.6729227092357268
-0.6349472953873576
-0.4928437165186235
-0.23017907612411426
0.08024011743605756
0.6320288217060243
1.0776902155539916
1.372315059657891
1.493479049507228
1.454716626457218
1.3993513462473248
1.4937066669395027
1.4733512829932167
1.322930881322667
1.2853602536689888
1.2554982860471031
1.1420550427355045
1.0144999006131514
1.0118755796543126
0.9400202545090326
1.1420872119546044
1.298963351108457
1.596023070495845
1.779914410137565
1.9265552249916826
1.995823083790126
1.8285510591001575
1.5413826073246881
1.3987745521159205
1.1822572966416294
1.0392704169991214
0.8289442062512011
0.6093907332794372
0.40436771870682875
0.4103490717830297
0.4133639619415601
0.49186061807019005
0.5693235781377777
0.6596911811455002
0.7929510914264324
0.9321463971642328
1.0645994042794638
1.1448556451837677
1.1349562871231336
1.050940304406356
0.8924520003277397
0.7229802742214678
0.8462581653126126
1.041191080957041
1.3350315675080755
1.5883388072268634
1.787162653685944
1.8879397614896178
1.9396625396801226
1.9798226802101038
1.9491122496843964
1.9934428052811213
1.973729113991354
1.9366050693009662
1.929017759169657
1.9094041080497384
1.859611028026293
1.8782768348931964
1.874638333039369
1.8651808323640595
1.8621559589314383
1.8239075344494757
1.8968555124095894
1.9231456434586276
1.934657009024874
1.9333868890472174
1.9109943931424196
1.9468139941444391
1.9300816264509209
1.963864771377088
1.9793004376785825
1.9624734137063804
2.004757187956372
2.025883626366295
2.0142803853991227
2.0160605161252496
2.0629921536607796
2.0710859494617835
2.0740444588461657
2.0765197567508387
2.0763858911439996
2.081646512660325
2.0524464295263094
2.0936281797518683
2.0957614786763883
2.090649161815808
2.0863057906278235
2.0634049603081457
2.0873819974136056
2.089345594249478
2.0871838571252743
2.089421635013994
2.089826602248813
2.0266089102674054
2.0740716713503073
2.0799480285001484
2.081518878014483
2.08165479573402
2.086473539640678
2.0687847702742546
2.091858314913403
2.095040017352132
2.0944385359513307
2.0921478538049536
2.0929403955026835
2.0718864792928415
2.0957434118412803
2.0983062199872675
2.0950981890052063
2.0945049946141814
2.092719986723476
2.076088442206447
2.0981963897793134
2.0988421229142205
2.0956771480885754
2.0927383606011607
2.0752589024857073
2.098288520455891
2.0987376827132427
2.09637514405646
2.092577308771486
2.0757126763971137
2.0980123263882775
2.098133726880134
2.095840489698076
2.0938820602783763
2.0915104902517805
2.0775345588207457
2.098413419660954
2.0993352296645815
2.0967334289351256
2.093798978320794
2.0715565220544834
2.097351982509899
2.0978527201478743
2.094263891858565
2.0914191703778493
2.0702961661185313
2.0962416972034497
2.0981176902346244
2.0959744614219082
2.093583430059659
2.091992064227265
2.075050899253813
2.0982184190081417
2.099053321535496
2.096573854644151
2.0942958050758635
2.0730209365650607
2.0985572566531485
2.0986912546078518
2.0954476215162616
2.095395628205159
2.0925743547158397
2.0765226467222573
2.0983661394115876
2.0992248841241636
2.0961516098295263
2.093969722142206
2.073718627276238
2.0981295993713713
2.0991655959611353
2.0963670689802654
2.0932960025344385
2.092226525120053
2.0762048866112934
2.098355685965575
2.0994530096438018
2.096573272023775
2.0943647148553746
2.0719398776190703
2.0983461608652476
2.098868406873224
2.0959814423497245
2.0934606184060116
2.0745198079757485
2.0980276576320316
2.0989959338181734
2.096176297487923
2.0945779195535534
2.093005210519884
2.073600455195357
2.097151172901966
2.098860327746513
2.0954996853625123
2.0940222768491568
2.0714332373725464
2.0974901157526262
2.098936038896512
2.096089690582243
2.0930515843695785
2.0911972586961602
2.0738703228054596
2.0974922807615526
2.099034172345367
2.09662651039436
2.094855148594231
2.070789341127454
2.0970046318495332
2.0993775775739154
2.096504264620795
2.0954705779327254
2.093228330694127
2.074472723965072
2.0984306952099567
2.0982828040078196
2.0962630345696978
2.0939686264237105
2.073608402525232
2.097721234575972
2.099492921377364
2.097681115760718
2.0948937798546003
2.0938248257337855
2.074009734559052
2.0983823460984645
2.0990477411672317
2.095773105700606
2.093033681070139
2.075188978319345
2.0985224859078286
2.0991609049004567
2.096556268571177
2.0937542394112407
2.0921013959021275
2.0769784066291854
2.0982977991537584
2.099492426949184
2.0967609144402224
2.0955335365347993
2.070406384858508
2.097568628380178
2.0995339805996407
2.0965741840357013
2.092489541213318
2.0918901338432105
2.077601620291462
2.0985617977545745
2.098942148106879
2.0961930828803483
2.0937131911452953
2.074153097021369
2.0982788393242586
2.099476001581989
2.0971916471751393
2.0952664349099557
2.0939107795578815
2.0745101206028154
2.097820227275832
2.0992081749543976
2.0966701592863757
2.093662871591104
2.074391332603051
2.0977204905410387
2.098226314799227
2.095181254168467
2.0927244073077538
2.0918877684007895
2.0770239034544447
2.0980389505078945
2.0981659982932364
2.0957057942667516
2.093509631371615
2.0747136565699624
2.098270852023724
2.0991371699497003
2.095862642416594
2.093595863167497
2.0748355984964286
2.0985347292342453
2.099033385748875
2.096214278033351
2.0933946018393246
2.091506796104343
2.07845435325876
2.099081061991268
2.098720711220726
2.0961710265928
2.0948614675709805
2.072397674698389
2.098004184500962
2.0994468708485376
2.0969151802269055
2.095491420041788
2.0931121455855495
2.074356394846766
2.0978802896904893
2.0994148468930205
2.0968923785296836
2.094520138126581
2.0728435258330906
2.0977431807625635
2.0992701352445073
2.0963287795118952
2.0950290718441638
2.094164299334802
2.0739677934591665
2.097729791458216
2.099138353185329
2.0961141594137835
2.093602250635525
2.075013432567043
2.0984873693484323
2.0990487167401217
2.0966704670541305
2.094030481775691
2.092182698535923
2.0770165368226627
2.0984287673662774
2.099331835136293
2.0970407231556623
2.094679437862194
2.072526425858873
2.0985939616629734
2.0991354039399717
2.0959948477009123
2.0927522646759433
2.076205915614679
2.0988994289356873
2.0988816139472513
2.0962713165141316
2.0947758792142253
2.0925672922663754
2.0765083780983185
2.0984439617869612
2.0990019842711307
2.0966408913553884
2.0945978841426784
2.0726360453531423
2.098011899033328
2.0994471122107243
2.0972903009514705
2.09372468652112
2.0923959752937855
2.0762105508834487
2.0979941322845663
2.0991483698872586
2.095713943580712
2.094026985702211
2.0730951888604388
2.0979514416522163
2.099368427438333
2.0961290519445486
2.0950173887625367
2.094384385510049
2.071337838388012
2.0967611350391637
2.0988163831143303
2.0959412028807107
2.0932240890397487
2.0741644836767295
2.0982452930274307
2.0991563138197487
2.0968511803812837
2.094094448841532
2.0933991995203174
2.07433151500389
2.098500710989037
2.0990859947465252
2.0960839860888294
2.093611802368271
2.0730188324451087
2.0980341025623854
2.098853128923507
2.096079254766372
2.0935513134844705
2.0904429597989598
2.0781981241621694
2.0989611257332417
2.099101113530195
2.0959498201147366
2.0684920478132676
2.097731159570743
2.0994119671209033
2.0962571179514975
2.0938194074822536
2.093563263661542
2.074358230560377
2.098278309348287
2.0990307658377843
2.095668831266585
2.094089166889663
2.0925144969300904
2.0746209913334086
2.0978314835710212
2.099097772271784
2.09615914583784
2.094546327695402
2.0717011115647956
2.0978331505581123
2.0996171413419575
2.0972768596015774
2.094561918877419
2.093600043733036
2.074408517219667
2.0981383232780955
2.0995377731829246
2.09566237297119
2.0923707015341897
2.075997925217274
2.098761090131495
2.0991480476409494
2.0957421932476867
2.093487285843304
2.0745733743701473
2.098405573460957
2.098994909973056
2.096209274528435
2.0949974450194047
2.0936591587845372
2.0725740068274474
2.0976551004825574
2.0989739413281328
2.096101015002993
2.093486588322677
2.073921416529521
2.0988124364544154
2.0984717591989663
2.095677062397035
2.093660452913793
2.073470025794689
2.0985305163356616
2.099071431146533
2.0959567790017233
2.093263538893929
2.091771367465431
2.0782209916538243
2.0989326888078574
2.0991041547450124
2.096417361960681
2.0943168510313406
2.073453459673923
2.0981307309962594
2.0992098484817143
2.095872686830727
2.093919265479562
2.0746253647189916
2.0983306288824295
2.0985519228907616
2.096603262708128
2.0943186650053875
2.0927832202084664
2.0763084313721585
2.0985969887997427
2.0993831020397593
2.0963426064228705
2.0945435035421616
2.0719855764230255
2.098125704531099
2.099299941759771
2.0955151892579877
2.09356322193903
2.0930755852357943
2.0751387421507
2.098640620188747
2.099157515926948
2.0960074271938147
2.093759449040789
2.0743737618761857
2.09866790151658
2.098959758247071
2.0961935136964143
2.093931840212245
2.072231560856917
2.0978633194867786
2.09882828231549
2.0958219039104957
2.0940279789781204
2.0938799088774482
2.0726811479834035
2.0974437923480993
2.0989352247515667
2.0962939917575025
2.0940674350331046
2.0729248014451747
2.097810559285546
2.0988963595306647
2.0966100142327804
2.0931720866674244
2.0912614315811533
2.0755955988955357
2.0988004785365995
2.0984935758803673
2.096633558565896
2.0944814335194337
2.073074132483219
2.0982429075473563
2.0993779325810324
2.096287477773454
2.094755214810282
2.072468174401366
2.098664217043587
2.0987448652272396
2.0947880901222513
2.093838972209191
2.092046182998941
2.077653843177049
2.0992141891932077
2.099041087621133
2.0963263879845053
2.093774744173072
2.0747906581014126
2.098315348411803
2.09906178631199
2.096050135746993
2.093466977873206
2.07483269988884
2.09859861851604
2.0989076056114775
2.0958197764758424
2.093603178900559
2.073990347036298
2.098406832753647
2.0991700857669358
2.095421644688883
2.0926230741958256
2.075436020112379
2.0987381807339847
2.0989609320255753
2.0953738386914056
2.092687649581974
2.092669498834371
2.0740463616012246
2.0981039537420676
2.0990961169820577
2.0965661463924667
2.0939051382011575
2.0743257708137612
2.098737548443373
2.0986376552066255
2.0956766020941453
2.0934416200708292
2.0747294605733577
2.0983051726201003
2.0989292664211723
2.095693902866093
2.0920329943146854
2.0763606301400257
2.0984142630861276
2.0981359527231307
2.0946328771504428
2.0929589582792043
2.0748127374758183
2.098439056053558
2.099512685818786
2.096379896111808
2.094375206045649
2.092436208068629
2.0765571445056463
2.0984493224061374
2.0991629846582476
2.0962069393584706
2.0947296452498363
2.07214361982318
2.0971597480464785
2.099242183943576
2.0964361464764196
2.0927741183438786
2.09308634989869
2.0747350093858943
2.097720166372315
2.0989864423429134
2.096570335224953
2.0949108503237053
2.071667663549486
2.09773128140153
2.098959781078441
2.0968540207154276
2.094451022037471
2.0928259320522735
2.0763154450302395
2.098625413006862
2.0985095116619217
2.0958727776085717
2.0947535346603816
2.0727905193044753
2.097835954894972
2.0994121054187085
2.0968118658986517
2.094601858638714
2.093495946085285
2.0743811541106476
2.097819244782349
2.0992238614743655
2.0961351055559
2.093705850004306
2.0727784939046394
2.0977932615240493
2.098860257663803
2.0967400983635565
2.0935237888594145
2.0928096565566583
2.0761897889448275
2.0989767570769877
2.0988147489350277
2.095991490236586
2.094754924865229
2.0723870264846993
2.0983759912124578
2.0991221250467538
2.0956521353945474
2.091812183859814
2.0771840712696994
2.09893624693585
2.0994261169993016
2.0966051985915133
2.0951512295722523
2.0923597193231687
2.0767000895984955
2.098146363981826
2.0989099420154766
2.097421757680022
2.093774727102131
2.0745824832415183
2.0985925822189024
2.0983717567735405
2.094769662853866
2.092612778592514
2.0763565182608597
2.098544255600254
2.098704503325828
2.095644023411856
2.093687842349508
2.0748213203398826
2.09793359413675
2.098933978289971
2.0961395365113056
2.0939984688198705
2.0927014714685823
2.076346655950094
2.098782112004866
2.099093907900299
2.095469444251982
2.0932962935476267
2.0748465051777516
2.098122598449362
2.099325023147314
2.0961169454204933
2.0932479286509396
2.0752331256130927
2.0986071099272388
2.098699879838418
2.09612072466793
2.094690574538999
2.093862111958219
2.0741215985121495
2.0979953279705836
2.0990975252272057
2.0959660961375297
2.0938880907963466
2.0740092408833717
2.098065756648299
2.0991262153447616
2.09667203588186
2.0944702567361717
2.092765391516705
2.0756071759995116
2.0987108862059483
2.099419439983312
2.096024111389741
2.093433070462827
2.0748705944744854
2.0987359041544513
2.0984994491950415
2.0954693585825517
2.093082378279492
2.0758689136812505
2.098836528817361
2.0989097503685046
2.095853855462772
2.093152869143511
2.0745244863724275
2.098813307363944
2.098845284063879
2.0952844914799154
2.0914639678218396
2.0740100201980347
2.0972472003135616
2.0985161312657943
2.0958059292067928
2.093270675135469
2.0732187146740393
2.0983479742170976
2.0979592426092433
2.0950666674839082
2.092948327550398
2.0748723764519803
2.09870185762517
2.0984425303108614
2.0951460389163143
2.0927507702526342
2.0753884816809025
2.0989250875022853
2.099138536293862
2.0954279623105228
2.0928752782350166
2.07526057404703
2.09833869917808
2.0992088873559602
2.095554108198305
2.09226968203322
2.090675995334503
2.079968075337278
2.0990655588139884
2.098439278823064
2.09497849916673
2.070363458661917
2.0975946220181214
2.09792937407311
2.095116482870887
2.0932033253603364
2.0938491497274265
2.0742402220490113
2.098794563559727
2.0990717346410324
2.0957177398972395
2.0926869746681653
2.076340195212718
2.098347608011232
2.0991332509123475
2.0964340319748005
2.094215343328912
2.073532124919518
2.098742273119414
2.099061126815113
2.0948831685605236
2.0911736287653704
2.0789573335971117
2.098568146093649
2.0992946837540885
2.097066132331227
2.0935956524387374
2.0914118662056422
2.0782761080565337
2.0984927184119897
2.0991417372173053
2.096167201153981
2.094531751561573
2.072666805226587
2.098387655835367
2.098845085464312
2.096003389106701
2.0930934415698834
2.07592230240146
2.098773521348827
2.098779196073669
2.096128249801972
2.0926280348607023
2.0767366054261545
2.098591371838127
2.0982352012730936
2.095469777236638
2.092194389392118
2.0774341912252474
2.098515330715906
2.0991562559365016
2.096201214186089
2.0938151178639246
2.0735530003418807
2.0988622092708593
2.0985971595966566
2.094840187052456
2.091915137003919
2.0766293754098095
2.098472326820286
2.0986608094326282
2.0949785102585508
2.091758786339248
2.076438177418341
2.099133495048747
2.09870275383687
2.095702458394121
2.0941980773048448
2.073166561937665
2.098425662476429
2.098799656082336
2.0955341187110132
2.0924758097988656
2.076218980197371
2.099130514033613
2.098505664452533
2.096481832518638
2.093528016691761
2.0733108764859454
2.098873592079381
2.0987788001325374
2.0946555137297276
2.092061438316608
2.076867276232878
2.098636578456172
2.0985334300304217
2.0955129411056523
2.0933194469288687
2.073128212797541
2.098370056133606
2.0983236174761943
2.09495604061055
2.0913895010322263
2.0771623090738025
2.0990188345036302
2.098778150067614
2.0949937797621354
2.064091074236373
2.060314475920651
2.0569074153495395
2.0731121736063596
2.0950570569647184
2.0952053447446475
2.0920015001235486
2.0906094781566704
2.0757762933538197
2.0974790850013805
2.0977985807939885
2.095229537362486
2.0486211077172127
2.087356089499969
2.0938086327840417
2.0912430295814297
2.0891923061907587
2.089204346654602
2.090200371325391
2.075371412768315
2.0963001979065226
2.097106934767484
2.094381305383023
2.0913666669231823
2.0496545010012306
2.07140632482675
2.0685896607481693
2.087033537880328
2.0893880605902106
2.0706314296462565
2.0927131144254147
2.0948334191855844
2.0940238535946323
2.0633054057877027
2.0869540460035134
2.0919249515702996
2.0917614150589925
2.0745978087695915
2.096719100538755
2.0724042471588318
2.0910819413957116
2.0929820425817005
2.0719564754372635
2.0950068225400367
2.0958942186290104
2.0931690716335476
2.0652977230254863
2.069976800155035
2.0964853377422252
2.097666983658801
2.0691669346734236
2.0879030060828447
2.044215167164451
2.08695717747172
2.0921158130948405
2.090187750363006
2.089861371137806
2.088054306140041
2.0734781299534797
2.06774899281368
2.0934990865378578
2.0932041651496136
2.0927995918485665
2.048696470463086
2.082601466904805
2.0842052786071945
2.083756820328545
2.0861099239089547
2.0574131762301286
2.0707606646718393
2.0952636842577985
2.0944712009687647
2.0925673820410102
2.091049815522014
2.0466506463119694
2.079575909726805
2.0846723024297398
2.0863354993467467
2.0555371356792254
2.085222424269322
2.0722609166753445
2.093509902894484
2.0948849785631305
2.093031457499073
2.0915651783229876
2.0352517863598054
2.0889243723557156
2.0942494798186204
2.0923103766456803
2.0894843516105697
2.08959297134953
2.0723660667923363
2.0643839058629885
2.093351583862986
2.095480943384562
2.0706500963807053
2.091630861565636
2.092154974047247
2.068571828668471
2.0709703085437754
2.094533443267378
2.0951148496968477
2.0928909257072763
2.0895313662790422
2.0715903098546185
2.0944441773309954
2.0705070372198406
2.0942765388964597
2.0943657204072745
2.0702267156782845
2.0955321954586674
2.0951851487754256
2.0597707272782175
2.088682547900579
2.0747525841576064
2.0928621710014683
2.0575964450736484
2.0948210354874663
2.070903251002358
2.09234253373832
2.092574009271612
2.0894281954700604
2.0745301645285448
2.0946077220008386
2.0947977679271985
2.064885366990403
2.090313137614385
2.0742682147757927
2.09655996956229
2.0961979495210827
2.060172032162691
2.089102010918026
2.060557105023647
2.0910473181919067
2.092194948389608
2.089059059177777
2.0881900108064393
2.0895608615599235
2.017286210642991
2.0767428189139494
2.0849726355281635
2.08404306823622
2.0833546877009455
2.083710906062185
2.0863499812916446
2.0132586543339004
2.070990249627811
2.08086194611303
2.0824101022832657
2.0812091796388708
2.0814405770385958
2.0708062593640415
2.089087186795808
2.059228844731874
2.0660461953569316
2.092961974567228
2.09426416912274
2.0901990831448307
2.0882210983705143
2.0674566654238347
2.090253697564822
2.0536287966158056
2.0847757309504176
2.089001010740842
2.088008144801038
2.0897746696571238
2.0501992074679825
2.079848223223015
2.0840328984743786
2.052543123419846
2.08349742076968
2.086957935620698
2.0765229870341053
2.0921049917209573
2.0918859387426902
2.0645516809754296
2.089468619338712
2.060134753068692
2.0896139167762544
2.0918385254460476
2.0735040467378747
2.0934652926051136
2.093831337059239
2.071907154237695
2.090693278767744
2.093860712166708
2.0724726769573962
2.0937557917737113
2.0939850654329164
2.0742210160885497
2.0629736634537617
2.094090021768178
2.0930905244618203
2.091055159150861
2.0712342778283164
2.0939116108462663
2.0698350140795916
2.092140624508061
2.0941100991781525
2.093434252092499
2.0679464925744115
2.092146491850718
2.0627778745709806
2.0723944827427907
2.096101122205969
2.0950816027138797
2.0931008037084973
2.0908651121344786
2.057030866009609
2.0897437583013696
2.09193893626501
2.056111877067294
2.0891687211644436
2.09325377358128
2.0684028338690856
2.0921260673221527
2.0937527418337343
2.092437899017098
2.068797256558637
2.0577609596180295
2.0936580648992686
2.09518585687177
2.061566054792341
2.092209494842014
2.093783763644852
2.074067561073625
2.092334733945604
2.0938266011242397
2.071738790488613
2.094028802889877
2.09454459057172
2.0541388935642635
2.086034386001766
2.0715697072920065
2.0908771102941435
2.055641536194076
2.0911127517095314
2.092129141654712
2.0874788170238006
2.0838102644137053
2.0634147471456323
2.066682840318868
2.094684864196813
2.0930305110498386
2.089054245827061
2.0695659240060422
2.090972377229128
2.0561314432905915
2.063265598431255
2.09146402858205
2.095279855193419
2.0914044869289947
2.0895466763724935
2.0550658442354983
2.088604966450327
2.0909149504836657
2.0601438658232594
2.087574949751917
2.0910027838360983
2.050495960556673
2.0916064304746476
2.0945868207772422
2.093686820704928
2.0547382870173885
2.0875322379165704
2.090173643554163
2.0618447399408906
2.091122001817797
2.0914084425820763
2.0722489118059557
2.093016964510113
2.093582459842138
2.090323607801762
2.0607789000835206
2.0725140062875176
2.0931420448943654
2.092821826868609
2.0554836385039685
2.0904858735525167
2.0905854266458404
2.0878641788810164
2.0868511924696813
2.0414957422131956
2.0922653415924124
2.0969666809502923
2.0935036835404395
2.089675811395093
2.053573644157494
2.0764740524714678
2.096938410445739
2.0949761642002604
2.092380410304691
2.065841564272344
2.086137328831328
2.063464150388346
2.0950592247606763
2.096582517469808
2.092600858221077
2.065900325209639
2.0933252403250866
2.0943145864865413
2.064367909079544
2.093407930998533
2.0931975080117056
2.07155507810833
2.0685498343189055
2.0953214173377983
2.095796432036788
2.0908519063621362
2.088847038424025
2.0764837172795207
2.060694268070152
2.0957547356030792
2.095942063355804
2.072141483912266
2.089029726139313
2.0908485562126
2.0596451592506164
2.090718201984044
2.0929361562328537
2.0916361844704268
2.0483151309958942
2.0780670536350088
2.098284607528096
2.0961558825332736
2.092818454809769
2.0909935559826693
2.0741004379642454
2.0955570545264477
2.0621794170422127
2.0943849767680445
2.0952669090390925
2.0935653062472235
2.0776621181362493
2.0951699031722013
2.0951414410446136
2.065507797732262
2.0941014413816657
2.0734290544268177
2.096609941153992
2.0962950649299685
2.0941116133507904
2.091177908028949
2.053149793796898
2.0880867313138674
2.0906408412195647
2.0881291477922814
2.087342073995532
2.060872495335151
2.0664599271003867
2.0959102422875593
2.0949596105066868
2.09159109324474
2.090705824732429
2.0889871381166785
2.0722501192837703
2.0639743297572806
2.095203918716064
2.095495792936222
2.092427902161681
2.0905267065052184
2.0707930236482364
2.065242859850527
2.0976234575830346
2.0967750322777383
2.091840037610793
2.0913277003750546
2.0742134717642946
2.0920404817126803
2.0716065841640634
2.0948968322934363
2.096095156436971
2.0934782911030063
2.0743122336531634
2.093407009946204
2.0649206287851265
2.0951611867835447
2.09504115173493
2.0922754469206946
2.071250056538737
2.0918890040147518
2.091026405492687
2.065073090738268
2.093622361769694
2.094653210627844
2.0921439081211437
2.067990017944015
2.088698544407504
2.0667221942219536
2.094797470730696
2.095163303324658
2.092207009559887
2.0913205387986453
2.0615384655608806
2.095149227212756
2.098028869036943
2.0950894534466067
2.0924609388030406
2.0623556757568595
2.0926272900978367
2.083792088682153
2.0966473573967153
2.096051256328775
2.094777324610731
2.0937210583368717
2.0490480299189615
2.086818250663931
2.088734839688154
2.0890045265488726
2.0874974540582754
2.088735701604297
2.0315736780395626
2.0862567789921447
2.090969902873968
2.088424482985862
2.0875968514485996
2.0886269673046463
2.087032339526897
2.066575135785429
2.073760048006348
2.093373014636954
2.0935430802667883
2.090103007399588
2.089500456087882
2.062081499383794
2.092017759001398
2.0743496095191856
2.0885063567685203
2.089162917715111
2.087123651900882
2.064622965180097
2.0927162952284357
2.0938897099514717
2.0936844615502195
2.068845665214316
2.0871888734378077
2.0903297432997276
2.0646172996175642
2.0929186674722695
2.0945708281584188
2.093522522121558
2.0926083348494275
2.0633548886194886
2.0939448390692177
2.097886372233906
2.0968019945572687
2.0603199330777615
2.093493726264767
2.0963813188248204
2.094468088106333
2.0929251143547476
2.093206626263656
2.0663620143082224
2.0946380172721573
2.097432653767113
2.0554764277686437
2.093836410794474
2.0964199951533837
2.094574778163046
2.0927142535476695
2.0916122339016416
2.092890525984344
2.0583817681959364
2.0960723271713158
2.098613351688269
2.09560800639039
2.09498704554097
2.094061711980713
2.0696910374284223
2.097617732281727
2.0983402937185174
2.095794692559455
2.095298380802224
2.068276176366295
2.0980752993404024
2.0985378693013295
2.0968437494203247
2.09511149429129
2.0954060449344767
2.095373937751152
2.0696604368565277
2.098534979335298
2.098764728175841
2.0959652017904107
2.09546946184991
2.095790622496323
2.0680639825808145
2.096880549477833
2.0992397255232955
2.097140094030112
2.0959613933187433
2.0943844244608876
2.0727407298206364
2.098000708672344
2.0994996337744416
2.0976467373062775
2.096641487955327
2.0964850126429235
2.097034348697586
2.0666096908273
2.09808197724882
2.099470126873259
2.097875246570629
2.0964093574252547
2.094540247295466
2.0718943412462236
2.098224136155205
2.0990079511415485
2.0959143788556176
2.09524758069003
2.0958792859907085
2.0672418872287515
2.097197781132011
2.099291079877294
2.09717904526494
2.09497821598685
2.095125695412316
2.0960685510741377
2.0672690206054845
2.0978307728531576
2.098581760922509
2.0965096120884574
2.0967013296820483
2.0958501470203275
2.0686546264689967
2.0976801810766763
2.099148358075883
2.0973916947825137
2.0954041327863235
2.0950781033251076
2.094567633471484
2.068574477413077
2.0972139704036024
2.0983540516918424
2.0956585749721643
2.0950686641092373
2.0944312062503463
2.0696214314287453
2.0972608422304813
2.0982908836099883
2.0960667606008023
2.0944990089487083
2.094423744092093
2.093962598981503
2.0682332972169233
2.0972383101603507
2.0987219201760055
2.0968351449107985
2.0945245574463778
2.0943800799935586
2.072902219190907
2.0985290176108706
2.098817103511763
2.096557160403117
2.0953091813261615
2.0950239188060165
2.068989053504038
2.09740125088534
2.09937513315917
2.097305562071824
2.0967707667460522
2.094979802139543
2.0702245912472357
2.0963599515572127
2.098677182778247
2.095788906480145
2.091724126140367
2.0886258092017953
2.0741822797346345
2.093079130550582
2.093015439676839
2.0869024353346566
2.0804588847563243
2.071850298057332
2.066285130057701
2.087035841286046
2.091724215492717
2.0869637572862816
2.0790899726792644
2.062913705030828
2.0790753109008535
2.0742233550901035
2.0778739172018903
2.0768869301964976
2.0758960430418574
2.0735041292933607
2.0747391341807706
2.073421113150413
2.0700754505639267
2.0688637398576253
2.0691993838577174
2.0707569181354932
2.070303818173027
2.0686512331885982
2.0665562676143585
2.066665814122848
2.064404769901646
2.0613949433160697
2.0800212378009917
2.0728243056305238
2.0662606127230165
2.0624116210172287
2.0582843542102403
2.0480065578449556
2.0444496519905138
2.034447053926727
2.016663346014057
2.0033564867753335
1.9832893597191514
2.018991463049128
2.0300121436828
2.030440293074622
2.0267013457620067
2.0561764866508825
2.0553866009416426
2.0439404071826006
2.0584998965430232
2.0633097754042438
2.064251378005918
2.0721613879312386
2.0700806546569597
2.0709347282845
2.070073381570873
2.0716743201969026
2.0712768687503527
2.0731242965503105
2.073330611540036
2.073045366998005
2.0747597748680278
2.0450033164094092
2.074510732134919
2.0796460158371235
2.0799614342058623
2.080821882483888
2.0802519892123508
2.08133537694253
2.077431332406223
2.083884207619513
2.0518483840019686
2.0816492118920147
2.0835483761444027
2.08343346789998
2.08195021297979
2.0826358575289556
2.080868359581803
2.0795955141738625
2.08010091527859
2.048637922410456
2.077593342898651
2.080188734090528
2.0769422110807163
2.08035820097173
2.0789604680691816
2.080552784737246
2.08016097339943
2.0572699103859735
2.0834347904361374
2.084403420190011
2.0832040865521515
2.0808286840667485
2.082614591165882
2.083849500806105
2.056836402999824
2.087542614178178
2.0903781634923613
2.0892707379359434
2.0881243787958286
2.089813932836683
2.090541834604464
2.0927027889376926
2.061341293097749
2.09315666986353
2.0965358810639385
2.095370095643541
2.0944606571998747
2.094331124224381
2.095115152571868
2.0950089198809514
2.0634313459096325
2.0952617136281866
2.0980945068940655
2.097228527840702
2.096347082102587
2.096098904927339
2.0956585294945778
2.0953727833549873
2.065204567241277
2.0959617735390297
2.098112353483858
2.096080061369249
2.0944916269537983
2.09402268894561
2.0927356853737082
2.065285230020749
2.0941938220107206
2.095482013380311
2.093365789859246
2.09213196581685
2.092128967797014
2.091429487335242
2.0924023513706578
2.060567022185432
2.092537393289959
2.096689499162492
2.0943756043346884
2.093826812580261
2.0935203377838283
2.095667343508853
2.095168689601424
2.0609113200262783
2.0958327979438574
2.098131500588854
2.097621870927287
2.09620870171054
2.095634390402367
2.0958079104601737
2.0960627603519466
2.0655373309548857
2.0969257435162527
2.0990391309289533
2.0981946047040716
2.0970147114234083
2.0969221962364353
2.096701722976497
2.096400357868453
2.061580335893744
2.0963530124694545
2.0977058446120997
2.0961047572086686
2.095163254959355
2.0956728288400077
2.0967104682420428
2.096509775466431
2.0645696888767886
2.0961409713702035
2.0992351924391066
2.097711671095559
2.096526298819288
2.0959994671379816
2.0958064960669214
2.0656038821920015
2.096469736794825
2.098294092075343
2.096163297724631
2.0934240429196906
2.0944494670984897
2.0947214026697694
2.095117726276289
2.0651301929937738
2.0965842453628385
2.098686059505794
2.0979502822541862
2.0966920376481206
2.0969551253657293
2.096397990124675
2.096501067611032
2.064842791442588
2.097079962992876
2.0990776921437933
2.0980990178936554
2.0970212227921765
2.0974970888378714
2.096834775543722
2.0977548028469686
2.0637622261273476
2.0963125509681197
2.099771800391074
2.0986058014530626
2.0971447593311034
2.097328665337861
2.0969317725611787
2.0973923147547624
2.0980806911424543
2.0626305278365473
2.09640823383887
2.099504670110199
2.0981950800116054
2.096591257197867
2.096170610958121
2.096492785642481
2.0659643990339713
2.0973675581220323
2.0990351271428533
2.0971830838085253
2.096633314767241
2.0960868187130437
2.0958472818981404
2.0955103656550387
2.0653212501577682
2.0961877759510914
2.098366100952839
2.0966100116401867
2.0961979967326902
2.096445660928633
2.0970806185867934
2.0640496584495573
2.0960957119730894
2.099227266697264
2.0976366443175545
2.0958501734564106
2.096377314003992
2.097241235588116
2.0961446330279294
2.0662021656290737
2.097558758995916
2.0994973427411043
2.0981445200868563
2.0967035471083695
2.0969689792664434
2.0966762586264616
2.0650062051207065
2.0975073716968504
2.0994110934813057
2.0979373022750365
2.096146343386473
2.096853141282834
2.0970652503816756
2.0963402510187548
2.0639491441809383
2.096582071980632
2.098789773779096
2.0967136354447318
2.0945378017051888
2.0954920577804237
2.0948808392428213
2.0660888161576034
2.096437076208023
2.0987976878979433
2.0980842534226833
2.097304082388257
2.096290174333111
2.095991785716536
2.0957489791647186
2.066025719130573
2.096731801664648
2.0993353505196
2.0983115394459246
2.0973940461362997
2.096825945360198
2.096609704213374
2.0961980315818947
2.065620424778419
2.0974630074781926
2.099323556598125
2.0979937397756303
2.0967793220266993
2.097781909719177
2.0976413946797043
2.0973017427368204
2.06432388065118
2.096447457336647
2.0997161521465038
2.0982259579838547
2.097839084037402
2.0978107372981945
2.0977392543665068
2.0979545037208696
2.097851408334018
2.0600063850200545
2.0955328425127684
2.0994352670568235
2.0982362679519992
2.096890640254542
2.0971194960271324
2.097105399143829
2.0964442068917513
2.095953769833865
2.065480780762955
2.0965556238113545
2.0991787567364755
2.098021596295914
2.097253565875688
2.0966789211565215
2.0957946171484947
2.095995147602387
2.062100983389489
2.09574088282082
2.0981061813332396
2.0964023714780824
2.09577999015144
2.0948891522490953
2.095690757751208
2.0949905305682455
2.0633422284438887
2.0953205922893403
2.0978737579916413
2.0957578236022245
2.095070366721761
2.095155307553016
2.0955752550268842
2.0967122978231196
2.0606636738744295
2.095797868272588
2.099411427636531
2.0980643225843947
2.0964298249112874
2.0968156493229477
2.096335298665097
2.096432397947435
2.0657288143054564
2.096728544997214
2.0997547430719203
2.09858057451828
2.0977736213996727
2.0976359582618187
2.0979746888153663
2.098108388176626
2.0981573741027617
2.061617103699937
2.0956995608643965
2.099720221991929
2.0991218044084263
2.0982196984335535
2.0969376649600218
2.0969421129086294
2.0974723400203326
2.0644632197690584
2.0955482473830402
2.0998405302581373
2.0986494080789426
2.097834033800203
2.0972374568167624
2.096999476129008
2.0967533670068885
2.097570552644978
2.063293852221111
2.096817441576115
2.0995047335416706
2.0978657087797985
2.0974605836891778
2.0969274965289757
2.0961286893076303
2.097059543463788
2.0643757404354406
2.096839076636497
2.099446110935805
2.0983357262577584
2.098071083122633
2.097575680073738
2.096970679487005
2.096977047712259
2.065192526877544
2.0967466412131524
2.0996239171004096
2.0985185097294488
2.096831410226948
2.0963041970609853
2.09659198355956
2.0962048014990193
2.0638194482066785
2.0956187167251055
2.0985600676504723
2.097084735864242
2.0964127436906232
2.096495761831256
2.096290598018157
2.096356266172774
2.0651538457191463
2.0968779735475698
2.099499119845208
2.0985694608119276
2.0978550372800777
2.097546573050562
2.09723993407028
2.0971714462660893
2.0641818330430604
2.0967407698802916
2.0995489611776375
2.0983527239998048
2.0975574490142384
2.0972481175619597
2.096754096027432
2.0972877984675726
2.0646398378775284
2.096596474411811
2.0996653181789067
2.0982060543553063
2.0976708279147864
2.097189349725809
2.0981064647022407
2.098196730541651
2.0978232691114944
2.0627525777202775
2.096066712029695
2.0998325767568153
2.0985772479438416
2.0968115263600375
2.096378013538392
2.096626148117548
2.0970585365234684
2.0637533990379824
2.09698966264895
2.099204056442443
2.097932914270198
2.096660972007581
2.0965580326208046
2.095485199587837
2.0958117576217155
2.065664896223549
2.096304564609261
2.0986681447970432
2.097939690760999
2.097088602811699
2.095383362609243
2.0945016974196875
2.095987089955897
2.0612360445171105
2.0956691312064812
2.0976014316815297
2.0962546495809766
2.095528348172903
2.094222898249954
2.093328976890875
2.0947509044349006
2.0649126797143738
2.096193643239461
2.0986304135807687
2.0970353886762574
2.095809189026844
2.095645459251403
2.0960755138970164
2.096313145050331
2.0637850796333654
2.0964207472747587
2.0990789471533113
2.097489460360123
2.095735641719807
2.0958011212317595
2.0968811292207183
2.0966355204953615
2.0655007400114043
2.096715416098609
2.09936162953287
2.0980900787415195
2.0965939120444177
2.096846739426957
2.097694619553927
2.0979109414395447
2.06188793770963
2.097237841441718
2.099558139609684
2.09858795036423
2.0977397360064005
2.0972519308776185
2.0976813122751676
2.0975519748917533
2.0642561552798733
2.0965852451217515
2.099726590827551
2.098148170554249
2.097095323617121
2.096774673062068
2.0968397445903753
2.0966635982856525
2.065820339389882
2.0974584575550237
2.0992218563585583
2.0981870741605295
2.0977620610925793
2.097177288754233
2.096814871685848
2.096407636501459
2.0648433490513325
2.0963908703738605
2.0993406959313177
2.0979093889767912
2.0969914997969874
2.097054943401374
2.0962854787715726
2.0968963999706958
2.062723379050847
2.0960376274495687
2.099571911847788
2.098840051316394
2.097956992978056
2.0974110431412294
2.0966016161026153
2.0978541100799784
2.098018180594497
2.062059620433689
2.0962363222409324
2.09989331290101
2.0987726863709986
2.0975185523570454
2.0970596683338987
2.0970912687461207
2.0976893284988813
2.0982702537359215
2.0618584413898904
2.096539588849285
2.099732713696818
2.0994560209113384
2.0985691380053106
2.097732876433651
2.097906789507726
2.097209296072232
2.0982616672269603
2.0618068131986877
2.095956867296324
2.0998801367863953
2.0990506148018304
2.0979990664879695
2.097469237260113
2.0976624859292636
2.0978588611025293
2.0976759429147664
2.0639826516953104
2.0967029808187885
2.0997631678104405
2.098752261301041
2.0976828691259413
2.096659846416537
2.0961249139146068
2.096376786360736
2.0648044850827185
2.0950837714069537
2.0982734971975594
2.0970799644796507
2.0968181633090426
2.0975097758427164
2.0965892089242706
2.0962874930545157
2.0645874736918484
2.0958945338464807
2.0976585883101952
2.095152073987729
2.0942407961977576
2.0938692939659993
2.0932813057578556
2.0913354194561764
2.062556192411331
2.0906802329231753
2.0899663594314415
2.085271715074447
2.087327536706963
2.0885271356134196
