0.18175292385472389
0.4566524147552134
0.4569876033070126
0.4085021503212661
0.1820616849708798
0.31588550156886075
0.47447582913292613
0.518594193522674
0.6582529331645606
0.5911666259644462
0.8736147596191682
0.5298177639135184
0.4465493916476715
0.2303482210415983
-0.2952439772066732
-0.2984772900813596
-0.2634751280226968
-0.2140612912066398
0.014532576818140512
0.2109844881037909
0.30270868163488907
0.34019957725851396
0.282735021477527
0.42095186423010966
0.4381475336343844
0.6452285136025102
0.679771927357463
0.5962816922077878
0.7039200386650591
1.088931169026111
1.6009111380853187
1.7790276920755472
1.9819569240382666
2.1257116108036724
2.3838477423427604
2.7332981034233033
2.81425348271505
2.8858131224558603
2.6798977768357797
2.358959227792736
2.4302322178736153
2.825302034569506
2.678477342333997
2.635319261825768
2.679279385219489
2.8767733606583863
3.1411455322592303
3.267206716691503
3.3310338553431227
3.4630394940839078
3.2324397008469714
3.4020546291487452
3.138291309339669
3.217817196168881
3.263380315197993
3.1397778660154474
2.9077237795027338
2.940024369005121
3.2389192296685634
3.181216514498295
3.07754398105031
2.875854957976695
3.123273037446785
3.351587934956838
3.5624779124071813
3.473095873591768
3.4502749602956966
3.1802200069964943
3.450922959765991
3.7010624195948774
3.6773980016286334
3.728518789845929
3.7985879777750045
3.631458566033851
3.3392038080769204
3.494740674438986
3.376483591449106
3.035323795661022
2.8423361666558757
2.6634727409777383
3.0485530295293883
3.5926322750907493
4.09481586929636
4.277867833769989
4.382851302396602
4.21719630894146
4.185855301399397
4.472655479551761
4.612845348810965
4.568281272117019
4.482109092614967
4.172571337935474
4.154395540213525
4.235285086578786
4.372562771253277
4.738286717901429
5.155165662111934
5.2705220200481016
5.267022703884953
5.260416909372186
5.5660478357836185
5.89280296280605
5.880847534547063
5.947961176001984
5.807488656111069
5.897795523298026
5.929603869481132
5.732727757919275
5.734230708207869
5.868832221485633
5.880430850680494
5.935130970037448
6.092657477558077
6.151591986640724
6.145716390698473
6.084625254236332
6.047148420370397
6.080546423537455
5.896464210656557
6.018018848275367
6.158497301721862
6.186841623674917
5.951315758677907
6.125552009912626
6.061220997988244
6.148116670677519
6.186156773885034
6.132078643406194
6.194105740201535
6.386402036623788
6.2835380748151
6.016472058800475
5.869570622874719
5.774577211987371
5.826637296330935
5.599951601821392
5.42124349954061
5.29293222054049
5.230006802222327
4.967775507751725
5.15640859545884
5.142661164126538
5.1242454679635605
5.218415380397448
5.104369895439244
5.127127212126896
5.471986868843515
5.408890140039867
5.124028489425614
5.320510526121147
5.143613267619336
5.062866046441209
5.091029068230065
5.325182330261611
5.23304882252093
5.211029683445599
5.502958253822981
5.641469608357003
5.530045889891173
5.54485380221143
5.532034549989771
5.728240051273276
5.906385695052941
5.884137620839142
5.732732444541208
5.7994263996471345
5.7452638217085
5.837758664271949
5.569503667208812
5.449636720976762
5.707219035137182
6.138112322768698
6.300661868853622
6.315354196557532
5.971772383963148
5.814744373196817
5.693039476410575
5.520931402360295
5.7084945871087
5.765615412331508
5.819870486124687
5.726156481887964
5.868161080514994
5.976168650455618
5.959198233374982
6.127003284731898
6.043262645185996
6.0177973320362685
5.986326013915588
6.0403315947646
6.07622335691681
5.986026765374138
6.150176570896248
6.23025411523231
6.221722815930401
6.060304474439851
6.02070835794745
6.218362855208227
5.987833725849211
5.6057992457434285
5.897181942882396
6.035215102754453
6.168766212034895
6.004903271966201
5.960007969446133
5.976271517153936
6.066257371453201
6.244190845193323
6.272138851421716
6.087219135352057
6.0653427284445085
6.247114806923
6.314565226009884
6.065775429667729
6.388186697709946
6.436021133533432
6.378531654461839
6.263926835023005
6.460223841800172
6.490900014231161
6.420252994090165
6.409078959936966
6.314613217842481
6.332554657445315
6.5166796166138985
6.517050968378289
6.307280959691018
6.244341127899055
6.231627755844288
6.265227072844993
6.0550840217406225
5.9965741480417645
6.036216136942869
6.035127810097249
6.01653121712494
5.848050806729689
5.950682399439376
5.7579988902851165
5.673310095734044
5.460436124125588
5.8137744297752985
6.148483550307864
6.230318689215523
6.213320865599705
6.106125200951233
5.916467156208588
5.852338621176791
5.957190898377676
6.146928324499783
5.900846900625702
5.610625491428874
5.618499614604591
5.78086623851945
5.6849081174924825
5.89321467864878
5.871201472594022
5.896351823424732
6.0564286029654
5.987497899701284
5.705643378977929
5.633632919484933
5.852940149143936
5.694843100635496
5.392920454569204
5.27902376141086
5.351964971787811
5.274920315324461
5.315412315495099
5.2747339920316065
5.614658839969061
5.698874482612991
5.6950868803251815
5.462754878281166
5.902039555464003
5.9617624387397905
6.15189881209739
6.053610176957776
5.807764566272723
5.8505556690492835
5.715126215461558
5.8610142465769615
5.959730788522365
5.920275613433866
5.845112764546149
5.827881985744582
5.652124127433795
5.849502464726417
5.875289169834798
5.815228360336476
5.457051219001212
5.545916666980376
5.622198113901889
5.641856333441035
5.7620640183046445
5.748549024534505
5.454658205281789
5.476114179921965
5.548461987426491
5.636440265265097
5.540739913939761
5.8002839059966105
5.84970090668287
5.8847834068276486
5.808143315686392
5.658078399248159
5.7714785411296425
5.4994588613663105
5.570854478419663
5.573697049006852
5.819095034346957
6.09287380614084
6.272819135965898
6.347548696788131
6.4487794415146205
6.429774377641156
6.219300506309237
6.315022261730187
6.34548782277505
6.224863632571628
6.255798083569564
6.3930631428163975
6.386274312638413
6.42921541795949
6.456826912869308
6.336590016829505
6.1557203912646115
6.133509053382466
5.94947896647055
5.880101477352197
5.785696869241665
6.01318666914492
6.151482211783279
6.127610049898674
6.140113548452132
6.176762903304893
6.292826551744613
6.21800507287649
6.025347528516013
6.0211732146353505
6.1336257979540445
6.1094815531499505
6.073716625652423
6.174862564427677
6.205235350639267
6.122466203699961
5.990196781526122
5.991870744308123
6.190184355978024
6.260013279313219
6.267884152247326
6.34917055865794
6.307163491766237
6.255760685618939
6.405837089662107
6.4234199633403
6.28575165349427
6.26502494506823
6.39174858167879
6.599305024954488
6.58121052582049
6.4284206360679335
6.290552613031562
6.393627920740364
6.533370600421035
6.231007916354279
6.237723778976069
6.5195176674230835
6.615647676160559
6.389381027449999
6.4165075481751295
6.3799142550154375
6.421541887961131
6.574913402622817
6.397847512241749
6.605846937138938
6.65541904651538
6.4752781283300465
6.547276200653353
6.523156898845795
6.269760033405228
6.258465163624201
6.408804698759284
6.3859103480142405
6.5562913037394175
6.378060961348947
6.153851884062054
6.146476468773829
6.286689893666084
6.333195796631548
6.356421644381504
6.490864028399265
6.490609408343405
6.350815074070485
6.272817487107492
6.29063872525584
6.2461986794423865
6.338361723536614
6.226322139532364
6.404499588225726
6.399231823788195
6.410538295567967
6.4565395997099735
6.49564440414694
6.591137335577953
6.66284449412367
6.583780972815598
6.336680426768139
6.496198925634119
6.683971075333847
6.472863554187549
6.382202843893965
6.371562053176332
6.171102776303311
6.391554881278837
6.545167046476259
6.509250743844566
6.462690946783125
6.5608287928452045
6.189279791939374
6.192258212727564
6.316863743694873
6.481485219968561
6.359053195097641
6.2745254162539235
6.496566102822136
6.346752086693748
6.4386065749369585
6.453568353968069
6.272867547073194
6.163812119048466
6.276057890081777
5.999912668247581
5.634110559652463
5.939997954964449
6.045893642320055
6.197368985865819
6.220266113048413
6.143444934794448
6.3423865575808644
6.307047346454621
6.124875513817947
6.208298009259471
6.4753846846498595
6.491948181516366
6.348899153789182
6.258888768686591
6.315051038483291
6.247069352360788
6.346113183512855
6.223439170352538
6.122811602694265
6.2658495932487925
6.429223907810722
6.396112007897955
6.233330686898845
6.096732193039215
6.070143473517757
6.001460504077447
5.9882325054041905
6.041919581923914
6.056640736084421
6.025032010031005
6.146352527195727
6.102953238427347
6.07566892374727
6.200581438746176
6.218135732273044
6.333788080379302
6.488645627195052
6.586563833174323
6.629660114412312
6.366420142887295
6.34094768837743
6.548370490895693
6.5627418324674105
6.522523405142698
6.505954510089387
6.387895678590764
6.367871690715297
6.387133869909138
6.45608893353098
6.225629138849683
6.456185239127856
6.470930824445864
6.389298084221906
6.423546057341441
6.459335525263521
6.451348680903956
6.252631689774071
6.315591411068708
3.0469133617092656
2.933947437984058
2.6393207539328687
2.0106226953421937
1.2404094608182366
0.7064711426057854
0.6217022740486023
0.6243588744631282
0.8909802308366401
1.176477039147628
1.4757378826456968
1.898828711540578
1.9804366334562897
1.8273202276841005
1.561284593704693
1.2356131723373078
1.0605274168750898
0.8505155150715226
0.7178283425459702
0.5715189022813633
0.35767475848916347
0.3834967359030746
0.3582971426675915
0.3568898375554045
0.494315367023339
0.6446075591483527
0.8852618737049353
1.203972335411512
1.4509174081879168
1.541166962443908
1.635323018926106
1.5020500558964647
1.4560409106140386
1.4647388503071748
1.4614676365497707
1.5458200014116341
1.5711964795369935
1.4779399088945342
1.27408741032163
1.1049176412299493
0.9582017831995775
1.0745564115329715
1.2586229388102916
1.5651648516535857
1.6809420419029992
1.628900616601374
1.3586119276135002
1.1455322497645202
1.0698111600940245
1.3267649364532275
1.6817892713591691
1.7650325278293875
1.8512821826181531
1.9118815186070266
1.8084415593030394
1.6868568227734893
1.5069870832516172
1.5302057842711003
1.5540469794443954
1.6340561528398565
1.616003550721469
1.6640283780975471
1.7690292091492867
1.8627091973157124
1.8349390676694055
1.7322599062026922
1.5279564983739886
1.6530674228621394
1.711142867035547
1.712267894895475
1.830439915776316
1.8750053518126228
1.73503994382584
1.5833475364997083
1.5945890590666492
1.800069973977023
1.8644362259471077
1.9500257621321717
2.012423075904528
2.039218048124003
1.94661320710777
1.7746703667054553
1.6103996503760947
1.7105428179705726
1.7260466646374248
1.743987152920889
1.770749750451062
1.7704385104716325
1.7497415303815234
1.7839680336862194
1.9839729911141506
2.1561400779262225
2.011176182493338
2.0393485855028244
2.1173308741116994
2.3069861247422296
2.432056946113878
2.425540846468864
2.47105186432197
2.6645512488182943
2.8508997172587542
2.9051241300355217
3.0019174389160197
3.004313556098276
2.861307127220779
2.700816381514884
2.4226420625518106
2.315971313386836
2.31653720552149
2.478904851649063
2.6313860266585927
2.745632708182726
2.6987111843227405
2.6019109320520446
2.5148564613866515
2.3405630741375067
2.2349127287313793
2.2515262083905556
2.2459681332238897
2.0096400200150515
1.8609533268693241
1.7937957344441167
1.6252726449644115
1.5909151405696145
1.7661438494544932
1.928657880464249
2.3574881010050874
2.6452792592399867
2.863205935324592
2.9803867330001714
2.8709889632407193
3.0018419701760064
2.986920752035289
2.9100409172466164
2.7112874809143186
2.446676083419371
2.2573175276666855
2.0248993374235145
1.902385626533411
1.8385258979087384
1.9386200129247233
2.10871634138395
2.371834733604382
2.5350153861485096
2.6234291305309085
2.7307785009699876
2.7765992688461245
2.8266497474110928
2.7278142834551664
2.6731840552803243
2.572859311273675
2.5196471045188638
2.4211106270556573
2.3653000041659564
2.355607821795474
2.2980351318687777
2.3559167975567727
2.467967492294592
2.449123161951773
2.5485827730146773
2.5250098065057416
2.586818848158689
2.6419750043722634
2.6899443408272727
2.65926428595137
2.645338204378518
2.5666997480989355
2.5471757286104006
2.5143985515663823
2.4493899333837903
2.38166957031412
2.430850411685974
2.485576677211879
2.5421091942288485
2.6401537723886905
2.733540963457285
2.8233157072633968
2.81379261648207
2.920845763352156
2.996597394036854
3.026079505178289
2.9892348189694284
2.890854647255952
2.7361851937246287
2.751792834979459
2.774967032046104
2.7258867294291123
2.7209487845464686
2.708730619546787
2.8698587913999414
3.0316207454828303
3.290829807051233
3.331933501083199
3.3009141801791224
3.344044515884126
3.1881338498364142
3.0129878066756883
2.929906001445413
2.751895617959063
2.616911584965483
2.651785751774571
2.7362061151420196
2.7521898645915623
2.796882353081969
2.8275028120651258
2.867929335797578
2.813237785377203
2.893846840144521
2.9153179869153885
2.972510635472032
3.0107502990704105
3.0449175693034833
3.026809804287314
3.0616225647874353
2.9603761779745925
2.870690216492104
2.918029697423638
2.9178178531966292
2.962359024602616
2.934903143732762
2.938063592063195
2.920810142145217
2.95551105920353
2.962210094921758
3.0715695380845602
3.1247379448545325
3.1285303524202117
3.153693962507254
3.1435844003306306
3.0498885443084616
3.0220726625388954
3.1238742836134645
3.107781523729123
3.0321452562051525
2.9787950508419407
3.0172102886191436
3.004705309131154
2.946861329002619
2.6903863471344085
2.525579486678217
2.502335065496212
2.5194747504031385
2.5127549331903722
2.668123187959278
2.834281287598943
2.986808330705561
3.1507973387135566
3.316398121609102
3.375497638953117
3.250238717415606
3.2159814967700675
3.045199518626174
2.80864619957817
2.579301316896707
2.514216398385864
2.494002594611201
2.4829945782156524
2.600577704862855
2.7634622396214144
2.8744554394455717
2.995413380192594
3.1490944105411973
3.1646096283054432
3.2064644489721013
3.201432459157486
3.0084955656946915
3.0113401261069987
2.937964515294699
2.829956586020609
2.7932092583738575
2.7991025014624746
2.7303097636382985
2.7077251696678974
2.812417991218124
2.842524801188834
2.839537056684759
2.9961048665313412
3.113579189387871
3.168053329680144
3.2235040060569555
3.1489856216677197
3.132734529481206
2.9244257991329725
2.8021117369010526
2.6882311793932194
2.705456806453279
2.7176635159309113
2.7417936094868374
2.861584388232688
2.9782178595343036
3.059224246552135
3.2565436348187666
3.2991364005424355
3.298449985939328
3.2868370650001584
3.1473184255918465
2.989442413776566
2.7463234091948086
2.6631330565319185
2.4651748621336913
2.5219981323888976
2.558600442348988
2.6004814155898726
2.62361910830959
2.867952502905996
3.028984912275563
2.9888996843956614
3.140964969530346
3.0542157362531395
3.076107367669444
2.96515846035679
2.9077174948161293
2.833146414781562
2.7892267136833095
2.620595478260772
2.4667841525613743
2.4869076478102805
2.520198587785059
2.3940854519971566
2.6033058125158313
2.767160667810288
2.9202430933732146
3.115334078230625
3.2725989145354024
3.2783046858784335
3.287514722706199
3.2793965998412835
3.082359263401601
3.05603996354867
3.0824264438605002
2.9572787015374025
2.803854109343145
2.866238785810822
2.837163867224565
2.674449145846986
2.7491374238846955
2.818480865531444
2.792111797609083
2.7971910605320045
3.0183007582841928
3.1203925781831354
3.182682123504519
3.096755502063849
3.016153537778284
2.9213800500066385
2.783036080478187
2.77676325585202
2.7985317135059757
2.773427915191046
2.7207619904621385
2.766019954182014
2.9438663742155358
3.0826566857223328
3.150174526724078
3.20818155254825
3.289816871014628
3.2534438078997168
3.185218568272953
3.0419134215310435
2.8559837452592522
2.720793328022455
2.5988827165798436
2.480491961746879
2.443906590070697
2.4792066304640734
2.3377329813961385
2.4196814785632905
2.5145648033735615
2.5570261798396503
2.6500917268622945
2.854217908579666
2.8955341050831818
2.8436831040248816
3.0176733695675013
3.032582756929145
3.024349880987361
2.935160357274427
2.7701572164094035
2.5451931097068567
2.4147079344035647
2.297118330123605
2.329909841896184
2.3302438790183304
2.454346892850208
2.5073014211643674
2.696113540925079
2.771846817333109
2.8568221383211454
2.901247465389823
2.950201948093417
2.932503683799426
2.8094264769205
2.6579436676283
2.5935226067322055
2.5538562849677966
2.5177659410840447
2.641609466167976
2.6597767135564614
2.7455191759185897
2.8868729327133167
3.018272552608401
3.007547522846615
3.1061337911411657
3.1900529014345524
3.158519977982355
3.1899847593114146
3.109533203576011
3.0106699097503946
2.919474451678448
2.8622048687476904
2.8255879265164903
2.787080763233646
2.737923166790773
2.6298214119455023
2.7078146527647844
2.7178858419554865
2.8957446131703546
2.9638656239617256
3.0866460784583194
3.1314825799408355
3.08803620616853
3.043120530718843
3.0261782684315603
2.9732041166279384
2.9166030529816624
2.8281048820577337
2.726781418840373
2.6788584805280027
2.69156208349548
2.794605114360006
2.9307856837261674
2.97806543547011
3.0445024614904974
3.076366688977787
3.1178376182081644
3.10851632306678
3.0306051592151912
2.9894072967796363
2.953917514533904
2.7785659853724076
2.760281509359911
2.6897425280589062
2.5319392631337156
2.5215418226704114
2.4391858480539925
2.495074135422632
2.6191306854676295
2.6838921008932446
2.8167627447724017
2.911794217816559
2.950513981380731
2.9534958023193223
2.955702555500996
2.9573739978776734
2.9162728634466974
2.787501614234852
2.8000200168315676
2.7752095951753573
2.7759889427521487
2.6646316558217937
2.600443804485317
2.5266195714371262
2.643353321000471
2.652397502925865
2.762072711975078
2.9160329585578415
3.064607948231496
3.0589922812781816
3.0749414637281984
3.0835702352724534
2.9784884097852795
2.8542891405377215
2.702805840570006
2.581164246931351
2.5152353434606542
2.4523149013075183
2.5125100157866784
2.601413496900934
2.7877013777101616
2.8487488989365715
2.944945522892616
3.092454941124581
3.227139441421575
3.230699998841605
3.2018105983446503
3.0733724145641075
3.0454488850695087
2.9702520414455797
2.896059418487871
2.759585840852757
2.7107509930279288
2.6995118168315546
2.6625399584004747
2.6565510075964043
2.7096513118053953
2.7825698366764273
2.9004739272293603
2.8800100086587226
3.0066733432381136
2.885428654513788
2.7936529836443005
2.8013856896075446
2.686320358716987
2.5300091744557274
2.481065657553523
2.413254668184442
2.3717455433803307
2.4905364109287715
2.548156592059332
2.7032565413444343
2.968399220064542
3.164230589024754
3.229107967458554
3.3376924441005236
3.3228237580664266
3.1763033514448775
3.145119800652743
2.9915763112151876
2.841746750543375
2.651127795454097
2.5435547701845995
2.495719736362885
2.4460315971406232
2.4778593307017527
2.5977237895976577
2.560516831916398
2.559108268178134
2.7875339933975884
2.888512601375121
2.9331640181082292
2.8809175129341353
2.834764989892735
2.8118037525719637
2.716124470385923
2.595973049952425
2.4343862656417405
2.4402215085225616
2.4465720873086223
2.4368009348286974
2.49905065039769
2.5918824737655717
2.757801648706752
2.913835607120518
3.018345683590925
3.16065583749734
3.0468864574221572
3.1311971772437186
3.081138916377278
3.0606398872682985
2.9108329008401883
2.693181372907734
2.6608582100880636
2.6689730569691243
2.6731426950168524
2.659459435940129
2.6688813509101124
2.5687173796965044
2.5720372424489493
2.679150163114089
2.710213002795216
2.7537159203960733
2.6740038151252246
2.710864008534871
2.643157357128562
2.5548305234970985
2.4829682655294993
2.397323188050939
2.3571862425090937
2.473785178524052
2.4380266977623277
2.4508824521481953
2.5250825549855973
2.6198536548889853
2.690662055979337
2.850722631174547
3.0122024522700075
3.145913332081591
3.0869091144349947
3.0428343038156567
2.9473901269206935
2.7644695792376575
2.642977634365569
2.565023105699147
2.533191407239037
2.6069302722361902
2.698763963296061
2.8921911241447287
3.025217252601532
3.1085083198133283
3.2221898506530686
3.292455140763991
3.289397437403215
3.23279970649583
3.1349545694976086
3.1152648764111985
2.9912989120977453
2.7709837695733506
2.5940305684804614
2.557183765954221
2.54894310550212
2.5224469120459294
2.5566050119226222
2.6781256387387122
2.818760977979825
2.872930016163491
3.0962358545055935
3.1069619717953323
3.12921952906935
3.0849830042579574
3.0939787075792253
3.0746916901952956
3.0076489319558015
2.838834048102291
2.874316504286563
2.7095779788530128
2.5898075254708743
2.5554860952357545
2.6743547520549633
2.7423345127161984
2.7967686132566967
2.9793741082577525
3.048911259821846
3.0405807280069177
3.1052562457734427
3.245394457937311
3.2413575824378564
3.2766282358767533
3.1920570927978527
3.0158378890415656
2.9033751135398904
2.7948318987263203
2.7391434616104617
2.6683617827129855
2.811642749743358
2.8821227149505684
3.0202627789116603
3.06496609611233
3.095885487695859
3.1992971832109536
3.2520761798607443
3.241942071968725
3.2625963101276962
3.1508721065047847
3.075447843519505
2.85687783314811
2.7415778075972628
2.572065926029847
2.43285273443191
2.435320248241739
2.556743417590496
2.5682678516647024
2.7373813965252083
2.7901657651501
2.978990322976318
3.15666309071787
3.0759242529317747
3.064896556726162
3.018964697597949
3.0861589206500115
3.0412270419600587
2.99432298196566
2.9082750851213808
2.710100082864555
2.6330158507207817
2.5999762986144357
2.568328346954026
2.6705461155136674
2.739358087376147
2.782724381671699
2.818769672455817
2.95534565012682
2.9359409335103392
2.869653001028794
2.931629631702214
2.938949456276739
2.948468684828508
2.948651973439993
2.9218745954633345
2.793541865298658
2.925433492417809
2.9952898106409136
3.031215117233247
3.0692492929588853
3.050339794182216
3.1287801465091496
3.1268067934684485
3.1488836787635996
3.11644118885319
3.1579165329098475
3.020406323344561
2.9656966287635704
2.984331443751391
2.9130728839305755
2.894083168314916
2.9484291035875203
3.0566066312838767
3.0941380627451758
3.1101049588276872
3.101359255205874
3.2624985940845317
3.3372692190529616
3.3393419997592857
3.305547344994013
3.1728063324884546
3.115896490800357
3.076231754341441
3.027465255682805
2.9864422213769837
2.7704191966064386
2.626689243844032
2.4842787224318683
2.4292687906416557
2.3476915015086575
2.4027039902672014
2.4977031915457677
2.5569802293019332
2.56450665432775
2.650874249630259
2.7213548883730896
2.607341505874418
2.619477301844948
2.550299038042395
2.511179065800484
2.446110009129127
2.418183074236992
2.374952968617315
2.347657636580914
2.313507689136646
2.3693223827155454
2.493583173139468
2.4075324250001575
2.5765806484617375
2.582211681110475
2.5906490519369543
2.556407500623896
2.6008584537049426
2.6312800936771965
2.6346277586780382
2.6096149596204894
2.513270385950071
2.4763962617466735
2.3923939822684135
2.463785706482416
2.5105932515024585
2.499787663516522
2.582031298899025
2.6924224458465966
2.7113035075192142
2.8609958284567005
2.9732130165471604
3.0416690979338727
2.936785692882801
2.9723007198249514
2.947245965236895
2.837194726029045
2.7279007768578465
2.505775133160442
2.416101824264062
2.376299410388846
2.410684724446339
2.3615700969595843
2.5463842600935065
2.654064953697209
2.8118358526095064
2.8851268337754488
2.9689669796222438
2.951783122481638
2.866835642808139
2.75221371696772
2.703301323567975
2.738899921250446
2.7098254316181727
2.549862944437839
2.542683451210459
2.387912098738771
2.411489719850493
2.4485555854799324
2.5619110522133526
2.7201575178809865
2.7093336933979075
2.67317778469196
2.6923785991298543
2.605188731508207
2.524766824150202
2.5761249529403347
2.5743830401588736
2.618622954167662
2.5930049070525714
2.553734406925527
2.5120381852569227
2.5838341906564612
2.641565423383116
2.7032510726551395
2.687214686415631
2.763674972476612
2.8657049560199437
2.823392292246485
2.9836890488288703
3.0254406794024384
3.106451093434154
3.1748530166472655
3.140281113626455
2.972710165512773
3.042228309692776
3.064806065110286
3.050781734866295
2.9151513448093915
2.9322407247141693
2.8087711087178775
2.7368241886226987
2.6569652293678034
2.6578305010790304
2.8434958112448863
2.8973659661090703
2.9530510617376398
3.046024050301403
2.978901196715486
2.9684827246959458
2.8851529851792304
2.8376542020468842
2.952859663119252
2.981274657016562
3.002628442038761
3.070826482349202
3.0504498707304015
3.070229264054284
3.103716894749342
3.0147515699381735
3.0422718482516986
3.0341512135083315
3.0061381742963227
3.085671227018367
3.1502465957679466
3.050743552861361
2.9443442080719957
2.8740964710515424
2.745317833022014
2.8384218107793604
2.845786496744511
2.814379799923848
2.9472368199710433
2.948058687066837
2.909407113640557
3.0213187684745004
3.0872894464769116
3.1272428818885443
3.2143406074657275
3.2137458139958746
3.1408776184285343
3.0818262544904917
2.98933754721247
2.9776283456766293
2.9130177015433945
3.0422348327395823
3.064328692388742
3.19646236561572
3.1834506961498477
3.145183704860757
3.059235629814552
3.099563428272215
3.0389639382801863
2.985667681406676
2.9751375914361655
2.921986612942229
2.8432991516476473
2.778844199575169
2.632281669147824
2.740070055789195
2.764866034693258
2.630576470055179
2.6568165554553964
2.6180196265185085
2.6081841937873604
2.7966603471122715
2.973076089755537
2.971024372751865
2.8963693244400144
2.8703441833371715
2.8530487411765364
2.836853814488377
2.765147910935095
2.7148758401696593
2.7279863689244634
2.6399056115987696
2.4957593715943176
2.5836416813402523
2.604127960016422
2.7347451986414772
2.7839672532193767
2.784118218505946
2.794086383941252
2.728402730815798
2.7237296225483307
2.749139084396211
2.748019778949624
2.601965572857681
2.6021051272514253
2.525031327936467
2.570073101693388
2.604617781174877
2.6953856787173707
2.7746368850264607
2.8920510183612578
2.974012990713409
3.105421738509344
3.2571569248559693
3.35491007693399
3.335848824714459
3.2531695465667165
3.1543610020584536
2.9974126194385544
2.9388293976180893
2.7531140842520796
2.5762284277506144
2.4214110110001
2.3687368498931023
2.418950958979611
2.5479606291115102
2.6302837133481223
2.5435297267740857
2.848291922405004
2.906688828335439
2.9202637234059954
2.9379805439268143
3.079243483779392
2.963908478621873
2.8347394354554867
2.753925234425803
2.7537769027935144
2.65067014272275
2.4785310322514125
2.5363125246100178
2.5404445934577904
2.586754042135141
2.7526802973945803
2.885213206023897
2.935264188484185
3.038972371555088
3.070530710814627
3.086479134255676
3.0992189875619194
2.900216603446779
2.722806836673274
2.5817510158090915
2.380306732863764
2.468438767389964
2.383507066833659
2.5186341426898187
2.5414714476080325
2.6557113228620612
2.760422739497904
2.8336700705671194
2.973770481509831
3.045886364517213
3.1456916387697276
3.177853847524074
3.1841144076511396
3.152870319018516
3.0007331910736523
2.804968836586946
2.650163413402322
2.486208614150602
2.386702335764679
2.3902350769258347
2.4818479485601945
2.6712008976659
2.869772727593228
3.029703337722893
3.0812743896723793
3.054624667704759
3.0226989344168436
3.0418320142528286
2.9881220741568337
2.851338510600252
2.8479962766173004
2.7336735560226866
2.714964301802454
2.6631672161468796
2.5463688254540053
2.54269118193391
2.5569730365103
2.4125591822442725
2.5956572386391663
2.84710568665339
3.0117837399115905
3.0343061659744417
3.1355347999580676
3.1179039724752595
3.01870380310456
2.844806025589534
2.6827589252191264
2.6152101978666575
2.6166749204520015
2.601989017148747
2.6133210360376014
2.644390262511251
2.7028616769224887
2.8151486781665556
2.824354962012353
2.8099034227202133
2.944775202423147
3.010337234291387
3.0360917028886947
3.0435470352754783
3.0054846888719497
3.0226855953860916
2.961640033991911
2.867422529275466
2.825299143857038
2.7794696667573056
2.8185018476743444
2.7072574666804665
2.7284645687508373
2.739197778534477
2.7360195643402254
2.820837504508619
2.8811467280739045
3.0084929544590255
3.0691521768384145
3.0973679891992614
3.136965492814295
2.934399472863802
2.978059930532423
2.9188775831465796
2.8056609223838938
2.844931634570384
2.8529974320469065
2.9072280327180895
2.9408385413922478
2.8678993317185166
2.939153294184536
2.9607738325153377
2.974512967682571
3.0024156839282763
3.0001759626457694
3.032960905298193
3.087250361573766
3.0996392432514734
3.0541207632666625
2.9159763632657887
2.8488022114800184
2.694358046540659
2.5665724662086005
2.64566740794603
2.7408308794436174
2.781613701227432
2.8746993531948473
2.917880118540341
2.9794209391906725
2.799320150216504
2.6999854150257203
2.7910591338717823
2.7415149233403975
2.7417082523835905
2.723358368136492
2.7767486827107324
2.7941652708772993
2.8800215069751687
2.8686660580956254
2.950680851747072
2.9213584657661205
2.946242549085946
2.83293236590449
2.8358143350204417
2.8290625278991786
2.8115017731189154
2.952276099132563
2.983855944429307
3.0011433717449223
2.8795539185316414
2.8234612718475045
2.8975077929778665
2.900146975830503
2.9518128124053686
2.9025756246935437
2.771635966972039
2.8351350096608225
2.789039140139282
2.901185141007371
2.9353873691028474
2.955741913599645
3.011346598914686
2.964308460247141
2.893109630577634
2.9621349157714008
2.788630162672174
2.6908530589844633
2.644745257527089
2.5792956996926932
2.4970209420075524
2.4045735914807693
2.430502842027025
2.521284203238508
2.654651205681893
2.6990855361797337
2.665268487395424
2.7032384294201908
2.672257589651677
2.59078064619677
2.634862636176085
2.666347753362154
2.446315768100448
2.465996808210724
2.4892729451793576
2.477839512190232
2.451718783594892
2.4138291361510245
2.425860710616644
2.507430842328838
2.4719239117744114
2.498846114899798
2.532689723757758
2.5843999004349083
2.6286269163176468
2.6001084293583547
2.5717993219359676
2.440917461415434
2.2266051758556884
2.419463140798841
2.4660047580572595
2.5131670068736485
2.57284066997688
2.6893964861392776
2.813393950364232
2.7787864104441904
2.751284453571561
2.7733609722240997
2.9953065570842683
3.0044922160217324
2.7958602839026825
2.6673073662357183
2.5383846360612887
2.4406889434716232
2.2634517331528015
2.2068562592874743
2.2388720346387574
2.268117611860595
2.2951369439372704
2.3377068036194713
2.454989483383281
2.5245116677669057
2.5177159531945277
2.51715855619446
2.4139344708072743
2.2826114548417085
2.232096309296604
2.1987201237984637
2.0343471647574423
2.1442066880818302
2.1759237481109808
2.274220873798721
2.1986126423550387
2.235321156822921
2.080033746444089
2.132810159650509
2.2936838103770927
2.4769444906188496
2.75267228742367
2.824717937816908
2.815704737363776
2.784361293192443
2.703129328465688
2.576837910710735
2.632197794330148
2.384775157367228
2.4350654758256627
2.2918767455572486
2.185067444077077
2.3172922380114995
2.224900489066506
2.2108399484214187
2.4482037796171934
2.521398277194554
2.535557808874508
2.5786807730267687
2.707854336957936
2.820903263179377
2.8140404032281174
2.812310454432208
2.782250222535443
2.7600438609884836
2.5918179505871204
2.454900751098358
2.496231608108346
2.596616703262001
2.50963562279258
2.5808682655820827
2.6016954099521015
2.6697193622417097
2.6450799286222377
2.5776242093286736
2.7356242432606286
2.8338799767507363
2.8618328664031254
2.851009712813246
2.6579423370943664
2.6040609195096738
2.578372508903462
2.441752740000388
2.4210693013561286
2.402498150757998
2.402305301117355
2.401606876706906
2.611165360587951
2.707918744128171
2.772256173045686
2.722597545554868
2.8518504170724857
2.943476477641891
2.9684440270386854
2.8899509278617175
2.843073092696959
2.726585483504901
2.64867586025935
2.438858861997259
2.4403410705661073
2.404840926034872
2.447221898629264
2.533010061186597
2.5609402857106756
2.5322425212870843
2.4716477773793155
2.2670994567745084
2.267199739383012
2.166165058775405
2.014745435315115
1.8310150564938021
1.8218425146326969
2.0295379977441543
2.23541682299611
2.2985402537124533
2.335498245455988
2.4040094477755884
2.5624697231907647
2.4697867540919534
2.365108445258377
2.2830382316697655
2.165477093866885
2.2645414857148034
2.407395391974899
2.407565970596634
2.4956830512609143
2.498390734193988
2.6133479043661096
2.539168139560269
2.6425855220712275
2.551410320478157
2.499807543980088
2.5547674237596016
2.5331598358283673
2.470415568786448
2.5043688128625328
2.3988359531975743
2.520057183624395
2.5349121256199125
2.7276133552188173
2.8348330116333305
2.7937176337992815
2.9064960749963493
2.8306680059639313
2.8662927474364523
2.7552438685678915
2.76833271558286
2.725139156133528
2.834837826480227
2.796125677980898
2.744250040919781
2.655571420293309
2.64442289684017
2.5742368443270016
2.48115864026648
2.5904656733876745
2.6788138322601482
2.646639055317542
2.7312545562480444
2.6894917646368866
2.742949398090488
2.8885860947430944
2.8722824573645527
2.893296410697618
2.94867187082086
2.9756280943440707
2.825249979705628
2.8424722357698227
2.7941328591526955
2.675876263808409
2.6220812974002716
2.6465949396847166
2.606073500249859
2.576092419828352
2.669072778992039
2.7653056582715596
2.6706561538682845
2.7012482057993323
2.7260886386751513
2.8128765476292212
2.8732664047710705
2.8435695615426813
2.7190455200704706
2.7581051836517387
2.7736882045252056
2.7420119664826803
2.5964742163967856
2.500864269520768
2.536899767683441
2.626213486619827
2.598531540272735
2.5856937174083727
2.716503607085236
2.720509858898097
2.829955243149354
2.82186329532068
2.8632544422265713
2.872601709280153
2.8782691832342233
2.9052744100978236
2.787169804529106
2.849785912353078
2.7593428953578303
2.7744579216472482
2.7068830706359224
2.6279202844780185
2.6174829283336885
2.590738071083239
2.650153221931425
2.6689594173645395
2.739409032034447
2.8617070815691443
2.882368281676131
2.9771667119864613
2.970663173161775
2.8500740177651926
2.816322857614638
2.8298440398035325
2.607479553172746
2.608580882018002
2.5531260343374145
2.495833518118431
2.3715618191391044
2.385467365895244
2.571650053641898
2.644194481442293
2.7121900727352943
2.870814692526616
2.8563259185837264
2.977091547858289
2.93772432707399
2.893965704315964
2.8074366255127616
2.864362997231169
2.711194651507957
2.7068459158784988
2.4310444832577027
2.307325150632982
2.240363908098399
2.3020008540076007
2.3106067375893873
2.4162105586485905
2.450665645981449
2.6664215716283852
2.7573746864310293
2.863958427342175
2.9518720078907474
2.8181292381267635
2.8317120635006745
2.730932758163409
2.7408967501847115
2.713653676314799
2.678900941499094
2.632549198548079
2.6234764425367114
2.6620291746056157
2.6691586359151627
2.6953997468852267
2.736950288015372
2.7519486471816004
2.7627170354803217
2.8376794550523674
2.9396279591796395
2.924548826696455
2.9440026782998046
2.876508427209611
2.8260745855907294
2.8133677108588193
2.765657990473589
2.7134379641054
2.7081603733541555
2.695729680422424
2.7064059154559517
2.7281970737425603
2.7373170463903347
2.9219658311732757
2.9072391298307014
2.968704015542575
2.927663000073059
2.9387202692589027
2.872537792757169
2.8650395976211236
2.7682961376613107
2.7509936119057725
2.7615188569055578
2.7168082616554265
2.705101184895237
2.6991465872000315
2.6545464652293043
2.73981289570361
2.7860322448064254
2.802659599799764
2.8624976599282745
2.942972972445442
2.9515201080215068
2.894209139498414
2.9320554294386354
2.903587094814948
2.771946272617115
2.655372699555905
2.441016758979815
2.3568621884473804
2.344620513958734
2.294042690219556
2.3117395083562657
2.4263471090735367
2.461394185381906
2.336130375461139
2.336149745058533
2.277400833695544
2.4127635234882443
2.4446365319662124
2.492600947267393
2.4713755209762294
2.578548174751335
2.5732053313464043
2.7143765565879043
2.7487547182713503
2.8680053234121714
2.838387094953481
2.807828074661794
2.6641104052755775
2.7916331798437115
2.7553829505536833
2.7541397056524666
2.8855342208891765
2.925767350560817
2.87849924573121
2.8519859017899893
2.843508774760778
2.633103972170443
2.6360857110614955
2.6289460676919973
2.66196650654111
2.6562481246428846
2.6284635857822627
2.737040233832464
2.691209937327415
2.7448242156026295
2.8044197141577127
2.6676912833497006
2.8756447534975957
2.880177458801341
2.9225882704976685
2.8918998281564345
2.81514751141185
2.8617895215400244
2.834377754220022
2.7893099636795124
2.631733372302632
2.529263042212136
2.490953834471116
2.6145084912717778
2.7257883342026603
2.7492549196859533
2.7895414505067975
2.77325180356381
2.8201626371616815
2.8713359786203556
2.8725647128917107
2.8900604220457042
2.9090305759177277
2.810693960071556
2.898419283896676
2.8113220351592663
2.7377114586828206
2.7127774179320365
2.7530485670551763
2.772962199167391
2.7218087786528065
2.713048054369234
2.58299562270226
2.6869828390019985
2.6315901720327886
2.6580743749393765
2.6262654577365794
2.7247892370330216
2.7164475986342858
2.8182897320969595
2.829491613920975
2.9550041171214643
2.9601401843353004
3.0290605129332726
2.9839091524745753
2.9554005840196953
2.943404871552919
2.9350737050217526
2.9268350552292213
2.8684228417909514
2.7966972843552185
2.7954043333287126
2.822700022464462
2.9313464191794636
2.7140245790329196
2.912691137215178
2.8535130115668905
2.8576287044600743
2.8391289992623796
2.8212056291541763
2.782955502238405
2.7248787220236634
2.7024448024122876
2.6343447311202
2.676530203705929
2.5963711591377967
2.5494941518339864
2.5837914368712482
2.607884038466898
2.500683886106186
2.4375080604441366
2.5505121824093595
2.65501151881394
2.7298614232232707
2.736944788536749
2.7827531604835394
2.7134527589356843
2.7955882650489148
2.847257973557329
2.6547330489301206
2.6619739645869367
2.66295039733733
2.6980194174194274
2.6048391773292896
2.548545594442587
2.485486357245214
2.4334089686404705
2.5806407154904334
2.6858516774481713
2.7714834522267404
2.7494025991710145
2.750852621690451
2.7809089036313526
2.794262646785658
2.7196854035401397
2.6578417121969755
2.5911964438011426
2.4558917557320186
2.4099463066308235
2.443184473963303
2.3314225863338964
2.40016352125373
2.6189720515012467
2.6703891122656347
2.544736800093482
2.621339018446175
2.5486942575545912
2.4038296991151253
2.3617986157277455
2.2901997081527217
2.213487888831842
2.3926186629879833
2.470135162111438
2.4671929952096576
2.444913785564394
2.473852826924857
2.5587792963373075
2.6054061655342435
2.690073707047052
2.6349530926665103
2.7155381311502502
2.6275217878608976
2.8009945089197514
2.8503191976925644
2.77232496939263
2.7888758621954124
2.6926911370908324
2.7928900041515106
2.834713515115376
2.7395549239847656
2.7207408241238173
2.6933218764447857
2.532632816979275
2.5146348300679597
2.431791726463268
2.4977047617909047
2.5912000041156307
2.663763503944415
2.5853620429897397
2.728625244378514
2.810204592806126
2.9254456876532235
2.992083661309021
2.9497450099619744
2.8992681832174974
2.7986495876760533
2.6672540576820545
2.7217904485446467
2.6405862225159855
2.643239154524249
2.6013674787162504
2.605740147377095
2.706803986185211
2.7477778010864014
2.74770002602739
2.8726687836465596
2.908439976193954
2.9646674200799685
2.986750298712613
2.842362436205974
2.961575672521026
2.885442510671619
2.829655395191642
2.8011853112280223
2.7243800101231295
2.689574780814594
2.5962289013876303
2.6207716465311064
2.7125310856364218
2.72895685773451
2.7595593505351537
2.9038810770652845
2.8751371733708426
2.9088069487406742
3.0027435769007536
2.894054691975364
2.88906121757395
2.9241439316895734
2.7934517092222326
2.7344711975658167
2.695731422492221
2.629168070946962
2.567671706239348
2.4657334628830934
2.493695350235694
2.657510129575225
2.725737340234106
2.821809726142534
2.8728135632584393
2.928808141961531
2.932874639696806
2.901796383990208
2.8427883959555476
2.680822516668895
2.676025550036945
2.5909509905488024
2.6475237503369407
2.4863411917171505
2.497117263980972
2.4689583239228914
2.3605408949295206
2.240875833923974
2.3713507585307507
2.5965151467727963
2.731465492822611
2.856006490337652
2.8576359526490047
2.784329433694357
2.640667253568682
2.677325384493583
2.639796519015413
2.587380398129962
2.6255495445516988
2.5520071745332933
2.5546960052799794
2.634468504448874
2.6117327598672277
2.7380268986785667
2.7579151319921373
2.8398231927730033
2.8538516835080916
2.874277391640711
2.994734724587733
2.984403023304876
2.8535933252337724
2.8421038938252603
2.8392446547538612
2.818817646567035
2.6969346678389057
2.657457077092311
2.6277101128234155
2.5668851961604666
2.6453384348271847
2.741975901329835
2.8387934442463423
2.8423305047145284
2.878110248614089
2.8945836776830394
2.8679253675571283
2.811951767441085
2.7970529064269174
2.80475419840418
2.6231361993546023
2.6384964777842073
2.6608733477414432
2.5312136822251983
2.5583661687424275
2.546951624720261
2.436036172548346
2.465723069791558
2.5559424001896356
2.6959587667970397
2.6814922029725046
2.8454257872345994
2.82099882753276
2.8008369450277577
2.7018138733879162
2.6367994707978744
2.612616990655062
2.6006037195103135
2.6823205075707945
2.6847612486990284
2.6026224301240983
2.5326670243318268
2.6956129684934917
2.679993985072147
2.7741254391412546
2.79855238352898
2.846901805206546
2.9076190626616234
2.9367847128558835
2.879318699319148
2.800665379063473
2.7818023974840655
2.7304889342241996
2.6532247177855486
2.4027967811848163
2.3767506408529666
2.3680074608080495
2.5447913893053076
2.5677758932024766
2.637416953941231
2.736239734894756
2.7239678297427248
2.6579622040372066
2.6633863799360054
2.682592923841514
2.636028567409412
2.698476342006088
2.644098680964008
2.781573173475913
2.7649323827690746
2.922267427152114
2.8599503371708193
2.9119100839981753
2.9053120104922443
2.8864466612066426
2.8466102865539757
2.7614387038413635
2.797840362459713
2.72384867025101
2.7684022277404376
2.7943357681448124
2.796012352190794
2.761049360036147
2.6729824513831892
2.6384316468768283
2.6816229199791906
2.6252143150644955
2.589329401996171
2.5901869814055676
2.495562917365569
2.4504094899136617
2.2414108651067512
2.481665794939603
2.6096769446566244
2.6445378751759234
2.5209475976214026
2.7375573103440134
2.742688817280132
2.815062938483738
2.924176363085264
2.899128746689738
2.8397017333583894
2.8184707383777305
2.7592735375649364
2.6901484868700076
2.6090878392009116
2.5707534182839593
2.5692250445741123
2.5139462672285515
2.615996929377713
2.670097045085244
2.579875400066839
2.636447263131958
2.650282523902788
2.6955253641707846
2.5975047144663894
2.4769923245744114
2.502927147522286
2.593754051438219
2.58465727166588
2.7107006834754253
2.8146714160640363
2.834847837326834
2.8549444860852917
2.8034156323921815
2.7526596810018247
2.6829211051104354
2.4998714509025555
2.581995296271829
2.659278956911345
2.700338963175964
2.6724250018705202
2.6050502639834208
2.5677747257846772
2.584943835662952
2.6516912811073463
2.769876418828643
2.8864452593702827
2.9368414363284647
2.8350095779552764
2.7718478638333717
2.69849308301273
2.61831704473091
2.516609717780655
2.428701802301741
2.378327196486388
2.4096858153462564
2.371897447277143
2.469831624715243
2.5737087795227116
2.5719076544807695
2.659095716823067
2.77684512634146
2.7292083969477274
2.850009236790986
2.841684190763169
2.8041466274177553
2.78563323205518
2.683309973790165
2.54847861590107
2.4726828468355095
2.2894169238613404
2.3822567524604428
2.394547826096626
2.4706158883622593
2.4410747117720724
2.5646137621260623
2.6781777574386663
2.6435728426065883
2.579115829358975
2.433851973100043
2.421976499874319
2.281387529572566
2.3232012577058634
2.2675547802044163
2.0818763484514293
2.031460137153121
2.120892573854153
2.248924739464356
2.322523313945011
2.336561099463438
2.3570582200352206
2.4555658305491734
2.612913716486915
2.7600818162069642
2.6112693495737904
2.5023272902632407
2.326405321477333
2.258234478094054
2.195766348318196
2.111203449042955
1.8596062091882453
1.7915989123955416
1.8312840745537082
2.106157601615361
2.199607443862579
2.181743758732724
2.150888238644422
2.3490912366566654
2.391320343794749
2.3992507251842343
2.542041690426886
2.446446961791505
2.2627993445347063
2.2035001326907144
2.0735990828861275
2.1793357927752095
2.2265624318756796
2.2082471620033846
2.3485350937867535
2.3212086841846777
2.3199858307579304
2.2387422636604994
2.1436314083102435
2.174856192258004
2.289499019945917
2.372528158518121
2.4750232127725393
2.3186726597279677
2.343230830060439
2.413783980449169
2.3410034547361276
2.292883654250109
2.4404167610285286
2.457783149248895
2.4515817624574274
2.335335280988221
2.2389384157188528
2.170811610782467
2.070662102878364
2.2503533873962307
2.1096832172176883
2.062977069540458
2.042561545296166
2.1316819111555882
2.1116230138585017
2.1890302514685835
2.2093288136596767
2.3340171729919716
2.336335793186072
2.174168921236329
1.996113563495605
1.8316772671255601
1.9422784120741332
1.893727210980623
2.0006988855472914
2.1986547806068515
2.409388442897647
2.680935664523087
2.79571420505682
2.7537849810746398
2.845897739560411
2.8694986474061994
2.8201361113865637
2.7542700832745037
2.8097449080731964
2.737569678932112
2.7033027744301723
2.542441675525343
2.5364063546626108
2.501697658187809
2.5459218449455214
2.528975371906406
2.6294280148008955
2.7673101452341755
2.8409621907860623
2.881648089619526
2.90803299808286
2.9457833799909228
3.0006807982697943
2.91980193758101
2.792537860503659
2.618158220869995
2.7143520787307462
2.651072239570242
2.5086111364198693
2.557971965914465
2.524491323391411
2.632631301025806
2.61394599938395
2.7779759410362783
2.923000091339393
2.9179137904558288
2.8972532883785926
2.8993828270904705
2.8755121649761413
2.836942265420406
2.9021168507149415
2.7309856378158206
2.693391497769342
2.747536850132844
2.642787022907126
2.730412813402319
2.698210559866362
2.7638210508848022
2.699538359034134
2.6848963870020355
2.8025414175409753
2.8559719766679965
2.792041851469246
2.917427624587739
2.8543643455410512
2.7878219345632274
2.736812378325029
2.704233462275713
2.677119683901813
2.611499836950039
2.759429541826606
2.8173245918595837
2.7330303438483416
2.8326361364448025
2.8656362429581566
2.8267333891021464
2.9272580699177455
2.9352346152286204
2.792818624838517
2.7834597131045857
2.595239005081828
2.524487444345003
2.6583478918484547
2.555306160862372
2.434491270212786
2.6252269905615524
2.724102717672136
