0.04753689863137524
0.10176889976249001
0.295593191590572
0.3614266209140187
0.4647220299363737
0.5398306572025399
0.7037250009187633
0.8515118742462279
0.9485879800506902
1.0904672284588015
1.0237142902745398
0.9973581264534459
1.2272470583193908
1.3254577454521306
1.195294910425207
0.9110166383371276
0.6500678292363424
0.4945312280375471
0.5384724055205479
0.6698239652011663
0.6406708738833238
0.6506321120379384
0.6364068072984455
0.6213856214412441
0.5922110041812325
0.5764837991863844
0.8958254195913493
0.73636190867815
0.7697567283690132
0.826249935812168
0.9041236735206424
0.8472945234358485
1.1325495344760523
1.390529967943452
1.4084106936334462
1.6504831475966397
1.800573532176899
1.9158840281280574
1.9899892688368452
2.0829582253301213
2.08051803837121
2.0510725454758822
2.1334377908854925
2.2191162537272415
2.3122535491448097
2.40752648390027
2.364439073693686
2.2890172716841617
1.9410784517334048
2.18823303038334
2.422252261869284
2.5081483809139264
2.4755415802947107
2.3099951012265856
2.371642768393126
2.4130094543739817
2.3194638663093827
2.321605205114368
2.322917958342681
2.6829466757405522
2.804866328114114
2.704539440461872
2.693602126801587
2.650138033813371
2.6637895119221686
2.569891884396583
2.4783763357804123
2.408656982009499
2.4090770891178725
2.4552675420907826
2.7332076807612715
3.0741723460870207
3.1860355489884062
3.4681732150200504
3.405943692979043
3.368591503650202
3.261790117517884
3.3223996690466793
3.3053116434976606
3.2866589466486356
3.0969742779298786
3.1677495963656472
3.202674962563931
3.2567878871520617
3.469501718092077
3.571269416137535
3.55275658266751
3.4085420777377453
3.206303049822852
3.3175470647239154
3.4511895804840957
3.3772479473755688
3.346179318075366
3.283468425332606
3.220905620603685
3.3748102796130555
3.548254186662847
3.7040440899489795
3.655566814427987
3.4878318816577893
3.5835066185820352
3.5507094030175295
3.2626869107287693
3.112021313042243
3.0401935945184304
3.1010504784436432
3.1545462818933254
3.0405186856657647
3.4151440656295846
3.5844507175123805
3.8010300115909654
3.966356733784156
3.9425781920126877
3.912799959843574
3.8848276563725626
3.6947485298787166
3.7489130609750276
3.833926035473203
3.8162472853174423
3.6717061866109306
3.403653182057992
3.0290722171359423
3.019881619596086
3.1388747961947647
3.3403042551516777
3.3517255552277097
3.2885873987807157
3.3239508521894776
3.593478335166694
3.79939587112378
3.7740591041963927
3.7435332581544243
3.8647919151416072
3.800294949254992
3.8687886062573353
4.071708255361574
4.202604626709837
4.192317683807296
4.428078585047424
4.559640526621504
4.501692127371315
4.546201364736304
4.694419843387354
4.926146384270793
4.848912297136695
5.030579984134667
4.923471627683853
4.907745748536244
4.863260293807513
4.919996599848252
4.886034995156239
4.907015653096173
5.025428973066562
5.101117391860952
5.167439991649292
5.302942405240993
5.696305547135131
5.853417707492103
5.852348867038305
5.890483574390711
6.000814371847435
5.804225514356512
5.708069202225842
5.48108386950232
5.307671193259705
5.332795661346341
5.390214515190344
5.436983880873698
5.221095852416872
5.076664740287483
5.167133747461296
5.297304000483711
5.484477751541815
5.30672091681791
5.258287670269625
5.268362194079682
5.341350078086012
5.374833364284022
5.4165104569500295
5.469123256694436
5.268936151168989
5.0308649707398265
5.031624887028154
5.023074069976653
5.217346519546143
5.417430326563892
5.288950708616881
5.266140742645835
5.326171483093222
5.335606470200855
5.346907035233748
5.3291595717502105
5.497709435424772
5.570857762304695
5.634127209179067
5.643842853452168
5.498778256756
5.3203566053941245
5.092703510513361
5.316546602728491
5.381863378126818
5.245009752679042
5.202720393323366
5.224853425301348
5.088925100224114
4.986479038066818
4.729118561157576
4.529464991966489
4.6681206902288
4.692158566412221
4.455432099752711
4.459731877719347
4.742331318318448
4.759572927751514
4.592201479281187
4.564661588329824
4.544965424795934
4.505027362124451
4.555768369441824
4.658490642269011
4.738107114749621
4.731530769023532
4.6652333111735445
4.660160257933189
4.636126429674792
4.532639684194785
4.462564007812688
4.335883282584274
4.260757449950612
4.316196321045872
4.281948497835942
4.307091465415341
4.365812429287141
4.513200402713828
4.356402632818166
4.1067508216286095
3.759929878577566
3.6414705613518983
3.6623330756035637
3.8397187970948914
3.826461400929141
4.103797684217953
4.022162271570462
3.8771821050737363
3.8711610497046625
4.039631336457308
4.148113137198806
4.43722893790497
4.5258916171913635
4.51140161188058
4.399165893618889
4.3453497779941825
4.349827404508337
4.38455480846948
4.165086588701158
4.112871986280799
4.066302466159333
4.085587070716863
4.037192609363351
4.106867901222777
4.268270312670303
4.194313201930527
4.413337013985017
4.723201229360473
4.770707949092128
4.552751740744909
4.400655641769897
4.212647481961173
4.21525548927031
4.408899390327134
4.418175304365203
4.363934918829211
4.356338901467237
4.440915091805396
4.392258235864037
4.4855316666604805
4.468894437209099
4.338751016585524
4.206106377151324
4.021239336362845
4.172329008633589
4.110072477867183
4.3054215280598465
4.529320463303915
4.741996912114404
4.8448620663579485
5.007770230573938
5.0503977096095
5.195661968415561
5.358116275775447
5.337666388846942
5.370729535066079
5.586095523336687
5.605732267140507
5.784339363314002
5.76274571526875
5.554727938281223
5.595385402804934
5.6024955265744065
5.661229459927058
5.5750403227428755
5.647197351005584
5.614799891113877
5.465211681525865
5.409196601201448
5.396288136549504
5.34280081822614
5.382540840517782
5.490676857748476
5.229276027472384
5.149806725936812
5.228614134091336
5.464643696995693
5.380025487113053
5.497351012069333
5.4692907513348565
5.320220269409792
5.344845773325717
5.631294986140665
5.705903280485961
5.537792702676959
5.587123471754949
5.694882703700682
5.735276250104368
5.696755406309518
5.8808922505543
5.842957324937612
5.731876581997535
5.673102679186814
5.672994085506056
5.808299968948911
5.8602431846551735
5.664720755475855
5.84558171681512
6.057014137481499
6.062727756257209
6.136323377134731
6.063074212839089
5.9175892037892766
5.827171696512591
5.78249720432251
5.799206826942463
5.925993624937571
5.839057814818204
5.785144905085058
5.761730127501726
5.7145275072329875
5.715749943232267
5.556485630599518
5.428600583814666
5.3305239031764415
5.287708223100278
5.429944041891414
5.583833141995187
5.651032801963621
5.852602997117025
5.8706415446485325
5.702343071826081
5.787030655034778
5.727571234818973
5.90868305116485
5.931720601951763
5.896651252678114
5.864661620786229
6.0722382691505485
6.043251767862183
6.10720910962848
6.186301387102741
6.180704983253097
6.215951517217738
6.200723599535934
6.222504064831851
6.2688081191661835
6.211661799059893
6.117450988635978
6.054669011986481
5.96038391419305
5.969314936211817
5.942109027733818
6.127961485458197
6.117193129349102
5.964100950264262
5.864269544603253
5.783219600629045
5.99472740699209
6.042164704064735
6.018771509033971
6.085055393407942
6.048505076095864
6.0615034164667465
6.015788188283065
6.0377102176852215
6.019545549603938
6.171708286346045
6.263085654563099
6.129557492626662
6.156794387099305
6.375695728795745
6.348455180015646
6.227153457512668
6.1664777390714915
6.107785968472151
6.145621643573811
6.141748590146883
6.138469844192391
6.225677102392174
6.266622920683143
6.103857824939824
6.206919614867413
6.152764586575406
6.327503814640994
6.075164533438507
6.00943036536891
5.844181943174712
5.873060943804911
5.969745816506177
5.988577251286683
6.084650488147142
6.116592641863983
6.050850611034026
6.2231925175113885
6.191584026951798
6.295262978361235
6.252982129348314
6.174471023582298
6.05539178013483
6.035550082836563
6.032262483340603
6.001954588844294
5.893388633643355
5.7753808108513
5.849335631750221
5.823300218289635
5.734609598475758
5.67003372226721
5.661954860664355
5.833495524592746
5.989416797576903
6.016463985556295
5.798915922319294
5.716778296374661
5.632196022124577
5.7080639253978775
5.843464594089362
6.025111544438042
6.109697641798414
6.118097304324959
6.036724270752161
6.037634378257008
6.140913145652158
6.130615409874804
6.071907158736661
6.049656060771356
6.046889071653801
6.06579906650886
6.0270878862338915
6.067395625521169
5.992235246721354
5.9540763222208986
5.8291498775542525
5.7466251266859425
5.83083929117683
5.932123832502976
5.952485746335116
6.01790076773459
6.160146166129564
6.197328737009786
6.213259114515617
6.187670096279478
6.379161682845881
6.3389970358002685
6.150002216804483
6.055534960490075
6.002356835563765
6.092553575502222
6.147721291327619
6.220719137879559
6.3450730337507615
6.3581890966491095
6.315534633521411
6.357559986623585
6.329212649253517
6.208123248029934
6.259154441164875
6.170777239413613
6.067964703787418
6.148758133556953
6.234441813468184
6.324074468190447
6.389623119300357
4.490630870442742
4.338083881773235
4.126983418988739
3.653484743107758
3.2890091874739973
2.980303094591722
2.765653597869529
2.710052385584186
2.5964434779956225
2.4015581535953743
2.342417918561231
2.357573563161484
2.343261419951718
2.221737400110949
2.1968768233972504
2.1044949032953433
2.1378153877023967
2.2292687064728205
2.300750623067606
2.2984807611427165
2.1224375975789513
2.052592100889626
2.116513567695729
2.2442778057630473
2.3924510857680343
2.3542387392903277
2.2081433958382504
2.075712869469727
2.0143604912093673
1.877465999893429
1.7582299967068564
1.7418034824088335
1.8740636375254678
1.985916114088278
2.1569696069916473
2.2323334922868487
2.3558822859670787
2.4536726799775392
2.5666949979231397
2.4571495622983637
2.3439486292179983
2.226280374960643
2.283037883550444
2.2323558216031296
2.0282781633199733
1.8793540063816252
1.9040490727569535
2.098995250390015
2.3081840121515116
2.536830329468651
2.638043657120449
2.885700611624844
3.0390290136641895
3.143498833661637
3.1875486316855204
3.173568037127534
3.144532024497583
3.0200179094245887
2.9348330641630436
2.8769320797128946
2.830063066730775
2.876743639489864
2.8668661705229077
2.980562951557393
3.0381573464774205
3.057190637172451
2.9306610553018326
2.7938714348011957
2.8822596408778622
2.8623028350762603
2.6191426932751756
2.6092743590282317
2.5218967586203473
2.4780513677267724
2.552291265246146
2.601979974289676
2.6566649307191583
2.870157874391524
2.8812917578446853
2.7253020025808827
2.763724130382122
2.6987293686548015
2.6083550910153717
2.578246531963222
2.645435793632713
2.6317273131514285
2.715811586037086
2.859209720639535
3.1226838985990044
3.18655887123993
3.1770005474702803
3.192654980155404
3.222017450491395
3.1354070886303
3.0905721807264297
2.9611296837249177
2.9327081042150915
2.9345342895007205
2.8558595920314387
2.8191225360453473
2.7570608451553387
2.742987292458597
2.6182873517819987
2.5307514009500314
2.368830575534725
2.257841053248103
2.134319030053403
2.2166799544799973
2.18580349326508
2.3564897386049193
2.4925916361339153
2.4817704725587957
2.546881056231588
2.8208202174124266
3.0351426528479704
3.196736814708483
3.2502616377225713
3.1570928741378235
3.060052457812274
2.8366387528581267
2.6490905310045054
2.46524004826259
2.4107435896026685
2.34865165712871
2.3733114765924843
2.4036852838961584
2.5759916899686255
2.7283314355611408
2.703664700465515
2.5493081101177304
2.6258678068986026
2.583754690797535
2.6932168226695676
2.909432607474672
2.89993847332605
2.9059859006524538
2.8963517081947483
2.8691576817978084
2.8937996573461406
2.9069608541972265
2.919935075310399
3.038922069634989
3.0057192281786103
2.9664860723976028
2.7885710578744045
2.6691600254596772
2.5412932406738444
2.6084597897459982
2.694047226023396
2.8169186864415643
2.8903981829967536
2.8204542206608254
2.772837519634658
2.77575015464714
2.9435442860630223
3.1026428311332466
3.214033991624629
3.4600103631169277
3.524319330935218
3.3690854969104236
3.125045784834011
3.0053043357520535
3.0483972278463347
3.0746888547006814
3.0701209499855953
3.130227309121594
3.221903888301786
3.3318567372741064
3.3774042493826006
3.2850210033937337
3.2964242463748668
3.3116124211500004
3.3789552355353876
3.4651182191244585
3.523174340266573
3.473222809533671
3.3768229332815487
3.3509789305900997
3.332886622072316
3.266986502225803
3.294853526582624
3.384063418919394
3.4237043708033816
3.4538394091548095
3.509996441872347
3.539376787566049
3.3838910455273163
3.4359224509078854
3.363611498974981
3.5669676184285
3.6783693059479527
3.7305110877995538
3.6310038660591233
3.5583572567295643
3.3260030626938164
3.2923380997487537
3.3401069468477447
3.388628294309191
3.513491322416694
3.581648679735901
3.603545187338045
3.666924284949693
3.798925101756317
3.720552722066371
3.606618669975262
3.429317913623513
3.3204936857001286
3.3717192418936976
3.458787037115613
3.627382201652596
3.7160885970940623
3.757960602272848
3.7981220224543417
3.7937863626637265
3.838037330756709
3.678360476680524
3.562239885861309
3.6463817094394164
3.78395277162167
3.767490742139547
3.812257409170826
3.832536300707049
3.786542928806074
3.735828959695054
3.5911474436112503
3.5342723440079604
3.4373361699856253
3.3331852726535742
3.4086104759045712
3.302202190413132
3.132758817426652
3.0445924511816567
2.91247584354891
2.88763396049603
2.8815342580947756
3.115113824833774
3.4324064313580074
3.6496466870618827
3.8408938648314987
3.8657545836660536
3.872292168142584
3.919627192094464
3.8541640958699244
3.882720399459737
3.990540523279606
3.952895879332628
3.9341724735183203
3.804539445981638
3.7889256835878338
3.830246913126615
3.7909092793291337
3.784117392271012
3.7671635095171867
3.7495987914074105
3.708402801177545
3.7820019336667134
3.6883482799562124
3.5680412233743346
3.454104979042815
3.4192326828924116
3.2932164469610052
3.3950888619389765
3.487633041291275
3.629923875326907
3.710678570646243
3.960927526787777
4.04240935946768
4.171762904429357
4.189139340133193
4.111353256045682
4.031169362040642
3.9232693003617976
3.7849201027690516
3.5306331810257423
3.5190933250088303
3.6192078087607804
3.608325944369289
3.7359672007452964
3.6775455186174906
3.787376112235928
3.8839710498322404
3.9451218136246045
4.045556670510118
4.128688744988637
4.110926785845794
4.104420306098789
4.009621090403289
3.891132829579595
3.839887688794782
3.853851214281965
3.9013993097566857
3.927678864179805
3.856124346576961
3.861452501415707
3.9882443478010834
4.0659935227756545
4.078383517107493
4.2076597196014935
4.331963897561316
4.3620766963266036
4.4097601842774
4.352922596687675
4.314469648082732
4.319194890703663
4.286379931049758
4.262116031146829
4.151070252516286
4.100939266303788
4.126043326794618
4.045657548125229
4.094246734394879
4.217495998956735
4.235827511315552
4.348302034015856
4.373037296477928
4.34066895702529
4.357395592408185
4.351693249089621
4.326539670220687
4.377412622678601
4.301501585235876
4.28505972418947
4.181066774312191
4.09423061841393
4.032288089276911
3.9744947929131755
3.9588098664835782
3.9153651360249295
3.906520614604273
3.9049670854229
3.8038380314334153
4.008180375750397
4.054241081368859
3.9705765050426347
3.993542734501121
3.9955972635092163
3.982081250073534
4.113097549280728
4.139555044861631
4.254220900425115
4.366479168454527
4.336395780346517
4.297854872701642
4.229400812003714
4.197356576776131
4.138598072565878
4.0552207813563586
4.166435888013904
4.257612282608643
4.366642560008167
4.416736720535063
4.3453518748906905
4.286246343030594
4.184634116789603
4.2052020155481395
4.197357307176343
4.2943168167531125
4.237239831788113
4.1989177730107885
4.126481431914038
4.170348725907605
4.081057921318132
4.222543564048529
4.34835664438324
4.432077663357989
4.416964658147158
4.529686254045673
4.556867192013094
4.488285179819593
4.479693375236657
4.508898964558102
4.484034992878017
4.456640663032479
4.430772882759815
4.431028142739546
4.392456399712476
4.414037201771374
4.456943181887373
4.461030116674652
4.4597064488901905
4.459075227758345
4.497461939312404
4.459358720322209
4.48913279519776
4.519850021338232
4.522892077157612
4.544454057354562
4.499739366320259
4.454766717062827
4.405785829263309
4.411555833437455
4.48372393950783
4.440584015046581
4.421337865032814
4.439864482427235
4.474471258077115
4.577802471405073
4.5287368953749185
4.6669333501298915
4.746500480249872
4.764437804758092
4.767083464201868
4.758086555477133
4.693072125615776
4.740120394901018
4.623447300012563
4.571197689543743
4.5413169852527915
4.470025379859875
4.444042070478112
4.371229684289246
4.379601395098473
4.397662979865772
4.437301160582007
4.384791024376395
4.401562862108923
4.400257704963626
4.437987570583462
4.432309590823275
4.49584032182873
4.585835877556441
4.556857570139064
4.535183975663968
4.578315537006606
4.475579441216883
4.512958490287705
4.552134663532748
4.617048614886777
4.681686408146167
4.70812506042369
4.688904298118801
4.711263513779322
4.685196913127016
4.63410722829738
4.647820330691011
4.622211783680794
4.576830170902875
4.597236481962433
4.592005833764561
4.6052902041266215
4.665702569013
4.604093111362329
4.665367858352973
4.68644505212327
4.730923081730447
4.7378700813402785
4.724439464363042
4.733188271010025
4.716697136221879
4.774208236579512
4.754315744999251
4.697642215465848
4.64654813046793
4.62995493749945
4.636674353838097
4.646858993724839
4.649572971212094
4.662911601529362
4.635182007251047
4.692780897758022
4.679126456048572
4.723593628118679
4.767178412398851
4.7502165340966
4.770424825937571
4.811362880557428
4.724701708787097
4.729896849175023
4.695764459168122
4.661688837971985
4.649276333697944
4.661264408660708
4.665049908668604
4.641107974658928
4.701957198754817
4.614330653381971
4.7169630724632725
4.7520499677258154
4.742534848929355
4.709948025730284
4.762595880696609
4.71767476839224
4.6139999083390055
4.618093099163006
4.543211078406497
4.475647076780162
4.48035145485772
4.477391785498653
4.484441557943787
4.5568118053997955
4.576274972195832
4.607791501877449
4.722738888525057
4.690216067844869
4.694336277369887
4.7586684927804095
4.684746855491499
4.7166696262365315
4.670573375488289
4.636080239954862
4.52915628448093
4.514840310407649
4.5481811664257465
4.579556391449603
4.578691223615274
4.672056725681195
4.767606252913506
4.76752699653839
4.750691132007627
4.718859751631706
4.798885126580725
4.767343287638371
4.746145739056918
4.7140822849859925
4.655272696530164
4.694323764362857
4.703916507913678
4.724783315748611
4.7047618108806954
4.683668906105645
4.669240611667475
4.6794207380786546
4.709956960565363
4.739199083256509
4.729812783201613
4.762188323316085
4.719059687673774
4.769536765409017
4.722293405382149
4.669871762530198
4.720806204581727
4.751137419784312
4.715334015830379
4.768092616380922
4.743864331796735
4.757000910089058
4.771018450160164
4.765804562404953
4.6877218401281695
4.683596070771335
4.639880175615873
4.646514368100474
4.657619585408945
4.670292320018724
4.718929614776945
4.720169133241444
4.770734149774791
4.754403639274815
4.761156540224539
4.7549623050445415
4.746302278104307
4.7625372513164415
4.7486084043988726
4.736406275851884
4.710243386963228
4.7129802919080745
4.7165271494886305
4.793923469025729
4.724484117953232
4.74912448442129
4.746803768287032
4.735549433406673
4.735717687468386
4.675409869576161
4.757469489904871
4.762502592625114
4.76148132354234
4.736383005337394
4.795672152019497
4.747535615144944
4.714154187680311
4.740649664012449
4.786102624085089
4.722047009914128
4.655093593143644
4.717648495752484
4.761665386384375
4.678809392005979
4.718793695275384
4.785374259676302
4.770451724585943
4.71998870316174
4.740796776388365
4.692802384420265
4.7275687113884155
4.697181474095795
4.756390530542352
4.7508457084754845
4.75637656109261
4.750076045914048
4.775464365410014
4.65315058847758
4.653643254743048
4.687554064863913
4.676356644182325
4.785820781964402
4.765278357290459
4.717246586811988
4.707188075367384
4.737420025922586
4.7555842371759205
4.752007526283386
4.738745019059227
4.759167419827436
4.762597361728191
4.787436949147786
4.778803339359424
4.801427233904274
4.77280951738266
4.751340897784364
4.773886844883459
4.66406996278166
4.744518310500691
4.740330761147974
4.7617749454138645
4.787138065380165
4.742416931678573
4.764339966633754
4.743455414032183
4.748671813644964
4.703700008565084
4.698370431215448
4.721225553724682
4.756404710614229
4.739223864059766
4.760530371193818
4.736710844205081
4.7731849963875925
4.720567122714806
4.699713951872575
4.782344672941723
4.776526906046683
4.722289564096002
4.782106469820526
4.730346025959119
4.774592160306645
4.793499550799294
4.796214418825612
4.708853705894402
4.702133713991863
4.665959375278304
4.673935792774986
4.6694893058645555
4.707674420348069
4.7544184192607375
4.771057724789229
4.7465669082551845
4.67941842864121
4.778452817102061
4.744949565569657
4.733891599389644
4.755653997848915
4.752185932418396
4.736611348016469
4.77141221150459
4.749588866064717
4.837633593292659
4.773081955859996
4.742738163226324
4.762943502514053
4.797093466498701
4.735523052683328
4.729687167098103
4.7610504472276975
4.743375566347619
4.708133748105885
4.745704633754091
4.704899565684003
4.692788016600587
4.715180618553625
4.70798501728272
4.671463478183762
4.7162396958796275
4.707946368326146
4.693803578771463
4.732154949168037
4.763575863656252
4.720667964254351
4.726417936058766
4.742103484362081
4.659540355542543
4.723409221879126
4.733833077955694
4.71787384871582
4.7193565273085305
4.765189428696448
4.739514935348374
4.781487713276252
4.788938496925081
4.766128479271082
4.743736009416291
4.709795974215077
4.739109038571767
4.739619162945998
4.740422385865215
4.729485317863098
4.691544383486681
4.778460954228406
4.737614903733454
4.762604371574082
4.741679751568255
4.752827487966109
4.723158067183006
4.776593742522688
4.748186029692946
4.711437152696044
4.678523392512023
4.690819726284753
4.719676267498854
4.716222077811076
4.774173183153425
4.786135973300276
4.750312273802589
4.7520214141116455
4.706611901948952
4.715084908869216
4.662849456840313
4.6882028684918025
4.717050807196327
4.708997356720415
4.722089633378983
4.710944875037808
4.690560573563385
4.64969734977641
4.637836339976061
4.649423222337432
4.687507785345159
4.705482172115364
4.684214526262058
4.684411984031268
4.742245498949468
4.754118745242531
4.588200942501815
4.686213890785345
4.736487534462944
4.656185691054275
4.6138175686821485
4.6774905500181925
4.6786762134768525
4.598388563570161
4.673695824176856
4.697040331162108
4.713619752613349
4.737498118822443
4.727074064985
4.731151462345416
4.753494940816193
4.763005514636244
4.748076150822171
4.764866011048648
4.761116397540336
4.757417496846771
4.7538553323923045
4.722057627197544
4.747386622052895
4.703506358605984
4.683113368118535
4.678205382813415
4.671172854584946
4.637853104740652
4.642626397696161
4.670595300166241
4.651126572450023
4.689342221403038
4.69096612204245
4.67616339082701
4.711163501776514
4.693972359425167
4.731968061796324
4.726415325712798
4.7601954577501076
4.751032489988836
4.740057003304678
4.775901894817818
4.768869954133788
4.76769025409072
4.713288989220896
4.767049301789439
4.733887416937316
4.760909300799315
4.745905045274054
4.786774594666243
4.733919415238308
4.740319938495459
4.760268026606555
4.748131338910133
4.704771420241985
4.702073242644887
4.699760830812304
4.765661863232455
4.727262408204643
4.746036674019264
4.718769695787818
4.706322214869663
4.726762948122079
4.77189547419174
4.690433946898393
4.742892674438255
4.746414563208394
4.748318270236013
4.719773712749266
4.725545069431814
4.793197760129017
4.7593503392815215
4.723964212843415
4.717994844325111
4.69706088758527
4.751056260233964
4.714496622891987
4.71547580225814
4.715637193119403
4.738711900151891
4.729940080204923
4.732281315657084
4.758538473569073
4.749807162997464
4.787843028782568
4.773976156435175
4.789767710630024
4.758266463551115
4.737722705389594
4.76431941350562
4.705885838542403
4.7395163721172695
4.719753875332871
4.703885957579462
4.714264215355976
4.670824194934294
4.683194052308238
4.721390238062155
4.709970157529501
4.751787036908041
4.773041279087952
4.735083588817193
4.724082349609031
4.724649316325466
4.701527514953793
4.6693605958699935
4.6219326228132305
4.6357535917243355
4.600652099640244
4.519533793835066
4.408661580568339
4.419863165158714
4.3724394402685824
4.447280099299961
4.429473701722978
4.407901619578227
4.500899956227616
4.556426974793505
4.6313596736233755
4.602888412938939
4.6113369887642515
4.551685676702658
4.574170482443074
4.589127802156185
4.57263401729945
4.569652838167261
4.656041433417414
4.616247165058116
4.62301576939873
4.678043341845802
4.752986711987629
4.690155238556105
4.715539393777622
4.684982706511222
4.716551831480328
4.712511240986417
4.671884203950715
4.672422075562546
4.679149794554008
4.711036631870519
4.742818923123711
4.676631407108217
4.599819420881188
4.6893587343755
4.624412541349821
4.620455332945002
4.706456081646033
4.756378824224443
4.718907544484832
4.760600577202054
4.735383160722867
4.704185953630877
4.682080584870266
4.6553694771556255
4.5811316548561045
4.572644431774059
4.499679309438371
4.513186260283305
4.510316332603682
4.551264540292963
4.542018823931127
4.561130187368645
4.616023331640419
4.707879619787597
4.691012328121491
4.723423362434481
4.722033841891277
4.7534998592720346
4.6975483284036725
4.732407992245595
4.73902180942488
4.745025504501929
4.650663587023246
4.641120365643885
4.732752380900647
4.660348441562737
4.680267158510618
4.636633300228901
4.630052442181535
4.612952049459186
4.59634492619546
4.635275516573659
4.704756755393936
4.69474040818039
4.7314667384474935
4.665308722685729
4.645124755600885
4.688054561569787
4.70414525106885
4.67058208821362
4.70663768868846
4.643092367566186
4.627809456086537
4.610625001425425
4.562956181107985
4.547653354237139
4.5733125083856985
4.6385552073351075
4.601279835454047
4.647379087844956
4.595336704538317
4.640941509738708
4.711872494829173
4.68483151757223
4.636111377824049
4.687042715057977
4.711576580023566
4.708021046149481
4.7537790547828775
4.690807983177173
4.728099555243496
4.727393741001656
4.7468516692375236
4.738929065019835
4.767151278223962
4.751959246944773
4.764989158413898
4.705672031096773
4.750452106781709
4.761978667704726
4.679461215685252
4.704766722798519
4.694501026193209
4.668718499750973
4.738638122446182
4.6934614329839555
4.70126656871656
4.73550045643659
4.696978871563466
4.717402571767144
4.7321461921237935
4.7187919552870605
4.707103087136297
4.708883918025927
4.645552021295283
4.6376616228430665
4.638897384057741
4.6846411991292705
4.718414849957664
4.730036308879337
4.753320599277081
4.7156520731332385
4.707052489195032
4.738430714280906
4.754244113669721
4.710307110733975
4.64895883902378
4.7070139426196995
4.650836369280797
4.641603836661372
4.670983644948638
4.691805551066477
4.6986937748211695
4.687709530951744
4.7165910177622035
4.766774107654496
4.750207469662182
4.702305525068838
4.724276295539142
4.773377813213575
4.667047506399789
4.730699845363245
4.726493741468309
4.756616012684385
4.640848779235359
4.679950650844507
4.671791444274676
4.626730468463743
4.650162802739827
4.631773309330631
4.629130509936423
4.728422325008843
4.720231258200939
4.757241528206452
4.747156972505395
4.6678638028409525
4.7821174682706795
4.707607378303004
4.6081099890739265
4.63271401867193
4.771226804699561
4.752480100368589
4.724943229618358
4.784011460644414
4.770651915309847
4.734364865452975
4.707602116286823
4.59801651747773
4.69169292888009
4.707504737497743
4.693750555649108
4.665723487966747
4.648926815989006
4.717123594119569
4.79395220098959
4.705172354963662
4.684949367513755
4.756692524085103
4.734403674286525
4.681792219525065
4.702412425518773
4.721885765376527
4.686072557903477
4.684903537360026
4.680402784396088
4.7637106344946325
4.768991861558576
4.700379913932611
4.7464892458858605
4.7302946935131045
4.71212900567505
4.737916461766043
4.72165585779873
4.760052574891505
4.683138502468624
4.68221910701204
4.7080747931703115
4.6406322428668165
4.733544174503947
4.716114552655267
4.680017309237764
4.711364849803881
4.770535269789819
4.695661131512716
4.759300783258053
4.715731409882905
4.680104033701598
4.682251708095702
4.68855983009356
4.59570648556435
4.68545129959729
4.689913176797156
4.7076991144903015
4.714392595408189
4.755008977868874
4.762437341358619
4.75487284761966
4.695020339485193
4.753641524535549
4.738998574966656
4.717870599812316
4.637939661425333
4.64537669446255
4.607286013213057
4.621270625099795
4.588325547683012
4.573772534959899
4.633851642530491
4.717021271043178
4.757732012426457
4.735711193693743
4.725869292242765
4.697217285792461
4.661543086619451
4.644992295131072
4.683304041753148
4.752344038418687
4.708985612652797
4.690023890344212
4.699837226602681
4.6979986244307765
4.745132615610721
4.684493302963869
4.6354371633457205
4.690215931461678
4.704686296286112
4.651028234167483
4.690555986769335
4.710145379997554
4.728636251908405
4.727003934090572
4.7506524917006425
4.688380485883117
4.67428859610969
4.743347517141445
4.684822205024579
4.784384953927911
4.709148370031675
4.682098053839461
4.753317654706348
4.753434261532256
4.721004214211058
4.7003026878799155
4.68270286131626
4.652141631523738
4.706230826675004
4.650135026581825
4.651394292477529
4.665421900472453
4.6707140963239535
4.66016715968104
4.673570736361519
4.651234514288381
4.674642819677529
4.669998110006874
4.758206784468621
4.713115534087958
4.742321810463321
4.677094454755302
4.710137049687319
4.674616552491107
4.674058698484727
4.678469166367522
4.684876144309459
4.735410268484437
4.739072990502028
4.704799722864436
4.7031522840679285
4.692929960830899
4.701068012430446
4.646916097826329
4.71707971471414
4.645059174695785
4.625047496191448
4.724447823020706
4.623810108882126
4.651123796821116
4.681632757704758
4.705125214687604
4.72337170769187
4.647278623386587
4.724484851354098
4.693448736706349
4.750156130782941
4.722189843683409
4.72858007460149
4.676752867694639
4.710037663662327
4.71417152341037
4.674120265454095
4.672537311512081
4.720954967558542
4.628460755549646
4.711084555840307
4.73663377576068
4.714027234713974
4.720546335043609
4.759232279517322
4.744786362987182
4.715298903414119
4.700058112061894
4.665614914682133
4.6803837710925595
4.684101852120716
4.727898333670583
4.68800399884729
4.711732426040148
4.668223304260519
4.692556928191456
4.683038295377831
4.622901460567507
4.74146912651309
4.700811579321354
4.739995183718946
4.648870228344453
4.653958594179541
4.71245838127366
4.59423495831753
4.637712903412641
4.590673983910336
4.545274708914138
4.564133566507744
4.543934516046981
4.467299471840616
4.469108085800439
4.459041845367779
4.530290637344478
4.547782846050955
4.545952265032218
4.647363812129824
4.6449461277281445
4.712865572913989
4.685266901564005
4.669101951597438
4.710317759439322
4.721743796538203
4.659167387799696
4.660518017010409
4.731836382973901
4.733356903825406
4.701395625466283
4.715712550040772
4.692291025953755
4.707576821117425
4.685223404125855
4.672697565356
4.61061902498176
4.615678025477685
4.594377767934812
4.658980054158689
4.667053786109789
4.659197838888718
4.636513630867379
4.6612738131434615
4.731075621597113
4.768829637370391
4.7303476949027425
4.761113024918319
4.726678081476372
4.77154536217341
4.729828861641362
4.726613019275195
4.782761732573661
4.74252419766245
4.685654082075132
4.720837625408219
4.768557808680603
4.691979053178957
4.67666769963744
4.673186286144074
4.694784888492454
4.634467891524119
4.688873376392908
4.706495943686129
4.695124137683763
4.7529525321838495
4.73091488132766
4.663653844139919
4.629387907431941
4.699822601407237
4.738611777230402
4.746036007102719
4.767040852289555
4.765737023023981
4.739374184943255
4.723251052629977
4.753225837017447
4.767487160534936
4.778020823957887
4.6909870809278695
4.803126585587129
4.728425941859932
4.716934762134938
4.782033295098518
4.715384457793143
4.755398937816544
4.660858433493222
4.728254450328958
4.70458419870351
4.605352570284359
4.628501004818785
4.6848520274907965
4.678726303661083
4.696353394330018
4.716009596495319
4.712311115959615
4.672196228665695
4.689386714732888
4.695574157035055
4.699292872042764
4.709229904051437
4.757530155294929
4.661457191763233
4.742150403614191
4.716394237459078
4.642036659175058
4.731350872867603
4.708716876777133
4.679257055728912
4.738447821311018
4.751937928175905
4.776344133838913
4.735134020649841
4.761775927565259
4.780937841413163
4.75238966781689
4.762212656142671
4.714267964335767
4.723966138197784
4.784600561154915
4.70778899993452
4.720573812183154
4.747094070805769
4.666862135344992
4.74199329228028
4.748299649016917
4.754477673590873
4.766488821341624
4.768626212166381
4.733413314380301
4.765310443467609
4.712014026693946
4.731919579620244
4.722783913103719
4.67472981309151
4.7381016110887515
4.674461834037374
4.723944024444213
4.699307644110473
4.682976595442214
4.717564660044767
4.7546694601665225
4.683332669512802
4.670508165846822
4.742352960316185
4.763260333951436
4.743750793108079
4.760652180383573
4.749694711382106
4.768504125519107
4.729955898764373
4.743703580764504
4.727777146186364
4.657294154571139
4.654983150627399
4.68750035125782
4.6505024322725435
4.695748721142721
4.661914467949595
4.718329611297479
4.707208935419248
4.600441900929232
4.646985448060094
4.694406920455156
4.567457124697029
4.63133118713169
4.601240756635718
4.535126693961377
4.541822647940361
4.499455540159634
4.599513048418718
4.51679407751517
4.565314299048723
4.608962314172015
4.660431208437053
4.63393020048165
4.590601548128877
4.582968305385035
4.605448491646114
4.597416735414004
4.6116330895483975
4.566319757651725
4.5709542088315676
4.609486824959677
4.649986718750274
4.648936909371322
4.671621816758749
4.658493309403303
4.641007591610395
4.672846771459903
4.659415674380176
4.670452673410361
4.658667016246308
4.637497952740976
4.651084837136896
4.668976005341489
4.7237155670765665
4.732307688546536
4.677746404137552
4.73869699956884
4.7453370947959295
4.676727534864171
4.644550312447754
4.623216040215652
4.645554048937494
4.625022244162546
4.674139411160309
4.641540751105469
4.635980218117954
4.629702535893286
4.672609702729057
4.720965236880199
4.7334524759277965
4.742741518171845
4.727325898790376
4.682249526063231
4.729653166439103
4.666761272780627
4.709112050430023
4.70395215153537
4.671713718229689
4.689996683831981
4.731601466300635
4.670135651116184
4.724501728684451
4.72059810273837
4.701713928957225
4.721818400662587
4.665700859221099
4.568125252489104
4.692981071227585
4.64540060030086
4.596490857303405
4.62195599421804
4.641583618020906
4.603205683998081
4.649902826343124
4.661694026479236
4.663570249964905
4.664457734525031
4.6945339863422415
4.645852786099777
4.627322826367263
4.648122743096334
4.551164800557887
4.427790692097439
4.529908718064778
4.568370898242664
4.5549440123798055
4.605964046617614
4.4742703054188215
4.390075915010652
4.290922719512292
4.320335652911719
4.341739925839381
4.321229549430011
4.341399714145392
4.303764745194413
4.34480352842237
4.4074520727424975
4.5450452716283145
4.621164841419159
4.690303628060885
4.6322406812062304
4.678868057467394
4.628301347899144
4.632232788117676
4.559623511474962
4.568831118457444
4.621628654364418
4.631622237967311
4.681757686768969
4.681667023170689
4.681314267683573
4.700075124564862
4.662103214836922
4.663473777390719
4.695687970095784
4.61889471944765
4.60000157762071
4.651749947746708
4.650195686804061
4.713239835382768
4.683533549508553
4.661061261129691
4.741340974717773
4.746316715461787
4.655230084460348
4.685107551333714
4.740599182732402
4.677642002009642
4.613625948047727
4.627146970218922
4.683593979481688
4.650465094804511
4.662543421964852
4.665816086877056
4.709947110677762
4.634645646727003
4.614059780798161
4.600792905191323
4.706899096382893
4.6969804212919435
4.65519475546263
4.718384367372334
4.725612273247965
4.650925476413237
4.693125681419449
4.701936183143733
4.612951768581443
4.619931575089213
4.702345337121366
4.646800180658641
4.6860198853988235
4.739432637653241
4.709812715323901
4.7067720166114295
4.704863430105886
4.738433091264918
4.656905334534026
4.65891741845648
4.571390071239174
4.557948058238856
4.528396902528086
4.497465064005572
4.547074689273964
4.580463227142996
4.594183859766949
4.504376039258029
4.5132215444181565
4.638715647995519
4.725927468771733
4.6432331778272
4.592709269860397
4.495605764880029
4.494059474930039
4.484940794388937
4.5134203913661235
4.555340018583825
4.547192173762553
4.579403872050222
4.552599659578595
4.51236549172609
4.531235388976249
4.462959971305993
4.556696589424846
4.471992216579265
4.509228694528709
4.501011545520249
4.565712067069641
4.559093920398721
4.563176143001441
4.440064402399255
4.380859746137322
4.3755327496567125
4.441745076710984
4.276818344023045
4.09031721353765
4.122163760527745
4.152545290817166
4.053253856751101
4.017278216427947
3.8615457304116543
3.7374337461369738
3.776201259845663
3.8824656484444926
3.8829425200546455
3.85140512683898
3.7489447354471004
3.839048112645589
3.9092649808541733
3.833699360603755
3.7998388399245533
3.7490890957593574
3.7880789599673452
3.8172419874241776
3.7246226431562297
3.648694058009905
3.643393231874302
3.774527129467175
3.817169498780408
3.8583679911768067
3.7712331911325334
3.730108098829648
3.7004130626314082
3.714288342867109
3.6459988723994132
3.644702982692107
3.6580323278979705
3.586704471080246
3.5857787220656174
3.5377627503350375
3.4878479972639265
3.475374578552195
3.294805970818644
3.251810483219509
3.1781685310366132
3.273901993500707
3.28539569828342
3.273229115790049
3.159579206242829
3.126480124916828
3.146562549012377
3.1799626100530123
3.2235991117331264
3.1813805207760777
3.1830512901507837
3.1910778040098227
3.2496616322464784
3.29662452678501
3.3616554423262777
3.395557504691218
3.4810954207423372
3.535055187817329
3.671731482149897
3.6696783749130386
3.626374078595945
3.6676559845222925
3.633505182162974
3.517942689888311
3.524982994411812
3.463065176824616
3.4039124862191255
3.3366601135534966
3.2219989399237186
3.345139306038878
3.395228457641335
3.2895540967524664
3.2349996806542647
3.177736530976124
3.139887459575722
2.9867584588737954
2.97062183804642
3.09143348738604
3.0850725412146187
3.067449443958686
3.1919876812513515
3.235462635348721
3.2579013081699406
3.320256949745415
3.2809798480934784
3.260544525966752
3.133316921316281
3.146221392040063
3.2009358686147618
3.2499043038935884
3.3056942724271723
3.3447736093186626
3.3494081761990357
3.2282633493121566
2.9781790670771398
2.9342792341702646
2.9342173626177184
2.93953609918165
3.026319690785016
2.926070111488189
2.9300652237088864
3.0147967589414835
3.0467717560188667
3.07972931194384
3.021707506460175
2.956662136398256
2.9491051331212215
2.8526614954801595
2.866987685434114
2.855102855010825
2.7621078054260426
2.681786145173496
2.635718313427768
2.5896786908047558
2.5183223059192312
2.4040560433889255
2.490566063870807
2.374329279290375
2.3828896810383613
2.3696149445694954
2.3822725573674792
2.3406413483313986
2.3047841701865273
2.201045718692809
2.214424601083317
2.1978748707883486
2.112074835847488
2.0727656095603795
1.928473549433231
1.8604821319010771
1.7922387589776079
1.772995242458303
1.7316923744821031
1.7711752660752973
1.8108933017683473
1.9484874104448167
1.9619181486614155
1.82588772662257
1.8844508623357257
1.8413851458657646
1.837180563519436
1.9746435616524916
1.9742816831708065
1.9649515666119768
1.924128065613077
1.9105737056303331
2.0165645841460904
1.9084539615390657
1.9316656923895783
1.9207559298167844
1.9266811883706572
1.8042889402840463
1.7482983744999072
1.7929926201947917
2.0273488967621733
2.12114013767705
2.1409627093615105
2.0482795591490848
2.003930478968608
1.861982032252008
1.855627156931392
1.8549598635301285
2.0155883482246724
2.1289078497661063
2.154170647287223
2.130639629882006
2.150067077055463
2.117854550027636
2.2209729189194167
2.233150412824699
2.3656121931454797
2.51265131368069
2.5858369405893007
2.600431216067077
2.4751475638210936
2.2663807065601795
2.2099286368608757
2.178781183502216
2.161379122836652
2.024660812356998
1.962735165528041
1.9493049379418932
1.9669263369403236
2.0073037935739726
2.1174908914071677
2.25215545998556
2.252947289505757
2.3114542174525297
2.198613851511039
2.163080083568619
2.152445611382385
2.172761766065848
2.061249821176886
1.9302045767949574
1.8339913479168612
1.7928780778058444
1.7808705813536037
1.9813627886025917
2.029591959733081
2.157889221385128
2.227377293115437
2.256288005533659
2.362312001106768
2.455757703696936
2.3794613922871504
2.3045215962445456
2.1902157613848097
2.0538310612002566
1.9168330167219556
1.9778314434186155
1.928270252530484
1.7763447465076432
1.7102296737411873
1.6430091963862496
1.6701822155544779
1.7153259715453526
1.6304067529453408
1.6257855358785447
1.7289243901863964
1.7674838119560914
1.7352692575384094
1.7882633875994183
1.7695525660098448
1.6687948228851142
1.6970020567488984
1.6070505538174402
1.5880212085919383
1.4528673272746
1.3793159233426746
1.3066039518147923
1.4029895820830047
1.3556572449492696
1.2480877972775557
1.2008921368414047
1.2219925528305382
1.2663421746072563
1.16943238972208
1.1237912829493755
1.141280409383091
1.0159399976773007
1.1884654827606373
1.2845530735657138
1.3572980326981934
1.3991586140855659
1.4985220470868286
1.4466777196125655
1.3843766407590175
1.426992889632623
1.5522249937835502
1.5698004222995516
1.6379703369990568
1.6163365332366433
1.6390271282247246
1.6163528805333158
1.615156831539486
1.5034362982806897
1.5201412269341745
1.4590742413098652
1.5047256815078156
1.5452773246176532
1.5546899256869025
1.698771988326661
1.7557206671718157
1.8054913669734782
1.5340673867182983
1.5300911042378322
1.5435208121885724
1.5647067741191898
1.5349444980433375
1.4926287809956928
1.3942995145549633
1.614234603192311
1.6035836155704906
1.6526792648367805
1.7673843645689544
1.76106534146765
1.7415938880214528
1.6836093796126206
1.6242083760539257
1.657608439093164
1.8747399345506808
2.0187235754786657
2.1177773187982796
2.0757531446386217
2.074646617938461
1.9135378888882768
1.953415694091781
2.0667521466674437
2.1029324882959988
2.0500412974545217
2.051563219847451
2.0571679200008925
2.133556723652837
2.077132555430167
2.005252654996272
2.012792721557044
2.0089025101208766
1.9263318472955624
1.9672431185403183
2.003347324023853
2.0360915270577187
2.0300628008272392
1.99237228205497
2.0452153383220497
1.895809662278781
1.951748079272461
1.9109976443841878
2.0110154119974517
2.0731465094850132
2.1338790068862434
2.154316719769821
2.251669414644331
2.233264025193486
2.2201705876907236
2.216639114993544
2.1615783081579343
2.1171500266293872
2.1227507967108905
2.105794238682251
2.058187500168232
1.9616845068013375
1.9321686672858227
2.043778482360266
1.9605047256745651
1.74127039797975
1.6802347883116224
1.6691700715414681
1.7316655431395755
1.7551318525511546
1.7222084832796936
1.6657754555744027
1.8277768427078018
1.8721754380298905
1.8000777365623033
1.7354432279642862
1.796289612551319
1.941609692554863
1.903658153299643
1.882290868724555
1.9219147482424606
1.9743693332064387
1.950892562524814
2.1001780800613066
2.1697109346860723
2.1819347618870233
2.1538420858435603
2.1610086082361657
2.242269775702482
2.403020874399102
2.1650416959298684
2.140839766196531
2.1455514819143877
2.0250688517261053
1.9958627904542061
2.1357438943175784
2.3521245106250803
2.349417818116909
2.352512097322417
2.3411951800868582
2.3530336553053717
2.37235570213488
2.3245702364274847
2.375884641446787
2.341749705954179
2.3078751177731944
2.3175903843182772
2.2165308339561087
2.231251326256916
2.153444962874705
2.10059702022444
2.118118379001749
2.048360033504666
2.0507522949386443
1.958785444605152
1.9644999746353489
2.004454307163915
2.0196384894189925
1.941937853670055
1.8459899496293293
1.6751194108208398
1.6447055216969977
1.5609268879988383
1.3391973846684204
1.2998744976792236
1.2685058821068307
1.2853301672733681
1.3239161725698056
1.3452529039586896
1.49192751561517
1.556670282274229
1.6766067280421968
1.9247075196911778
1.8107632758978587
1.727461228210282
1.61938342047681
1.42976054107231
1.4000339383539233
1.3812351556881624
1.1647341526606676
0.9847961793275597
0.8922232778915045
0.8658271339142822
0.8591540392928096
0.911733692730364
0.9169330417412782
0.9729460180560747
1.0777392941582433
1.0984360483432287
1.11618099399433
1.0540105314377655
0.8966947883909944
0.8354852772768302
0.6294577304100359
0.5673803892258298
0.7882888376075193
0.7318739418014932
0.7541645122665923
0.8123895719544632
0.8398814653797174
0.8484177838581078
0.8348208738315591
0.8286292405905489
0.7101015083050208
0.5616119844702288
0.45152880853916877
0.3561476707624719
0.27363469177488925
0.22852828250013835
0.25550709401633
0.21053448434227368
0.2305475595378741
0.18856362000782037
0.32205544084814336
0.4461421370411389
0.4044689050078933
0.268756988504112
0.1598911836495201
0.13080676636811212
0.17763472251218865
0.1823125988396331
0.25409500723717643
0.20475253193259652
0.1553539290997136
0.29111778155621537
0.35561437982873106
0.3890494072276438
0.3388516804519109
0.3447759589801854
0.360828136822958
0.3344414756063652
0.36817522755151105
0.3512594186946248
0.32281571075611054
0.37785108269544326
0.337376342699974
0.3060442479740761
0.31441939038829125
0.3419921597540134
0.21388814718024463
0.27322421923291346
0.44355821938864715
0.5719346473428146
0.6688370475147748
