1.94775162294265
1.7696392871424527
1.4271753385114594
1.1891620260513551
0.8508880204172492
0.6460863667081783
0.6405098364199692
0.49929699317644405
0.18843077309118278
-0.29290746014005853
-0.44936356523799753
-0.7697967168133373
-0.5367195771517446
-0.35980025708642105
-0.18589531473033313
0.21597727746914147
0.461274966606877
0.6762133643348911
0.5700021107984259
0.5276863130142155
1.05323755645021
1.305074308861529
1.2217044956496532
1.3212992406725126
1.5923966846153679
1.4926554508098369
1.3018499588291956
1.2122042978160128
1.176556680181577
1.1524345843189097
1.3701358380978208
1.9738762075573062
2.3921774186973805
2.5612245495690646
2.8340290690440497
3.155169676993828
3.1515153711265005
3.27241801794992
3.15268668743119
3.336854257675671
3.3465511315603904
3.363990032705695
3.904299525077258
4.12788987286634
4.187803017073537
4.462406860716881
4.712522193650249
4.602941728903436
4.371963572520225
4.283476738167067
3.9238398442954816
4.11445293945654
4.169710188122537
4.435831473957774
4.567597679304899
4.5390577761912665
4.648323233891656
4.870388754954085
5.072718571457914
5.644156634389807
5.905479867453925
5.7244925333631995
5.460332880246051
5.865653591363255
6.146343003753225
5.959365754401093
6.015657342920675
6.1588930611668005
6.1181128551724715
6.426195189567201
6.529515497623697
6.387027733200658
6.604077193112002
6.515645529466329
6.1375661233248735
6.445291475031662
6.664266353942637
6.489451214180908
6.477038513362723
6.387578964634434
6.439789344273987
6.266726190446455
6.226248278289674
6.654442223155901
6.763476061444692
6.609175794307573
6.455850278308491
6.586561350359183
6.647367210850336
6.680961632740427
6.686217524671724
6.525528749111122
6.3767917478303024
6.2330088953011975
6.347755090713487
6.416926816127381
6.643546699216981
6.402805413789766
6.297048281820835
6.068084755689213
5.865477501546758
6.049165005856084
6.2487349679091215
6.289884067502845
6.4646160601638964
6.572508896793918
6.0967321556595335
6.434485466513964
6.1882785279444334
6.2821385170310675
6.475608584705793
6.645719392376989
6.415059239350162
6.569380525687494
6.624832830150086
6.557328899652257
6.750317522358545
6.540937174638621
6.615369013708315
6.386970989023645
6.560767341929551
6.4094371498635185
6.564075834542055
6.473197424182155
6.417398320941584
6.550812426045686
6.64373337297737
6.426986752359672
6.370462717901381
6.523583539899664
6.619808553008598
6.35932497021423
6.443006741978591
6.472820666475667
6.645006958607254
6.6436481146963855
6.36735242004273
6.082688290877359
6.277355610852474
6.266127719923207
6.382513372608045
6.327094910043949
6.254690195265198
6.364571797079691
6.192474260369087
6.177671924037118
6.074140123882205
6.140316302288872
6.251559656689975
6.159109242353467
5.895415870331038
6.156676569861699
6.1477309077270235
6.504654761207111
6.597570032757778
6.328071288209625
6.603475580849344
6.618310778574075
6.46558662665638
6.472658626876805
6.7241196003382075
6.459423546941311
6.6856112863475685
6.612984616127433
6.690441863333783
6.593851822769542
6.261407349840392
6.494336620590997
6.392198675237443
6.535444349155258
6.272985846659267
6.500704177896613
6.697661282260334
6.346402127907398
6.401276603126267
6.342497468480459
6.351228186035291
6.257374932364463
6.156477676149069
6.117059043007581
5.793229839370378
6.033093012746218
6.040844824761424
5.771619648258758
6.005326854580054
6.395461730094183
6.272621627834651
5.910407129498174
6.134766960786611
6.193612945216224
6.079968278771096
6.262497200084134
6.073573298313652
5.9381834485700455
6.143912124495654
6.399045859223914
6.259911745595269
6.163160913966976
6.197101933753497
6.362555231952044
6.115879506982032
5.760601590834949
5.6725375240942
6.0006753537438815
5.9256121035397165
5.652996309208068
5.641024197773139
5.62623225524449
5.434803852055568
5.877641286126723
6.012977134412432
6.259132095281882
6.071049533737478
6.039133762298159
6.146645954050362
6.277873922250274
6.433262295308905
6.236150077935546
6.0468837178195285
6.0219536399715015
6.055969510166258
6.235037729116079
6.10385821645328
6.498089258442258
6.645895364482934
6.583313566301619
6.376898038270985
6.355226695830618
6.416868042818959
6.315581243505858
6.409262266677781
6.266016991815631
6.427765259193192
6.536816966240086
6.394395916846888
6.037508652220367
6.274456199164373
6.466290723039553
6.518950681576774
6.5996483180871195
6.657855231390511
6.663262856682425
6.389450042310161
6.498271055179707
6.458845715489441
5.882699025030296
5.956276090075843
5.693841374416435
5.557217233631861
5.064322993466572
5.55857851740186
5.623309765356216
5.554436551660271
5.718072004217269
6.004281027042759
5.849195591777539
6.231219130991285
6.02564632130973
6.0252228867344355
6.356049837755952
6.586506564221807
6.625393792236831
6.752805008172311
6.6904067053381535
6.456699855262052
6.452202279823706
6.42643381559553
6.62092419375328
6.4899923207847525
6.29135823962144
6.37500019727741
6.419934508116187
6.568116130910513
6.5863713116810345
6.423757727988263
6.162429839307387
6.519909133282566
6.304177739762827
6.5330706929088915
6.386946753232392
6.544758400567841
6.56789873246017
6.085374398762608
6.49574393975224
6.218995198452847
6.34481638415495
6.220695262271103
6.122104520392886
6.499315927491338
6.568766956073065
6.588780650833394
6.566010743867478
6.751522636128604
6.574093696986239
6.468581867664989
6.32279205619319
6.13389932830073
6.008499162129389
5.958442602991562
6.184666943577517
6.00143430515109
6.154321694411038
5.866606804186001
5.872140276700418
6.089575168700802
6.165822256031599
6.256278785209311
6.188398045379943
6.092286667135889
6.383571490702862
6.0645682476334475
5.848443521161373
5.6420161753496
5.382972467670626
5.649375307451625
5.943960375715783
5.873739240247966
6.376580590451671
6.482104472250768
6.370729913426052
6.375272050116228
6.363181087004935
6.014107312270047
5.645685591370037
5.863313573853018
6.354829623317317
6.153390893905043
5.560805697277783
5.541590413583426
6.143144229064707
6.494235612755247
6.356321573383103
6.540414253819613
6.671807775833412
6.441070226289577
6.542382668286092
6.485783011111044
6.236380844222628
6.396003756572552
6.586598726460858
6.487031387373676
6.450965403725486
6.512979116815711
6.605729048672086
6.602540521711271
6.485563423090814
6.55887434442011
6.7153744229896635
6.430352270427252
6.509870745488212
6.3934381673237395
6.323686552918149
6.1385196136073095
6.369106722600458
6.370732283251073
6.510716480921611
6.44634869073727
6.744005117080414
6.5723295634971475
6.255318543485024
6.4616475722303495
6.327811185656403
6.281770984398659
6.574339989352529
6.55672103155524
6.426304617216033
6.365262257241467
6.556339641060639
6.398735757476054
6.141699460209179
6.246491095678536
6.247176337684553
5.611419939649032
5.356800785589807
5.517916060120864
5.212416448776142
5.095492503734494
5.184297720137598
5.921224684409587
6.174120092744748
6.113069288111429
6.1710787869650545
5.754385085769795
5.538917055206044
5.626161877980776
5.494590789212467
6.040851796665642
6.17398279042914
6.261174500175227
6.115544784787586
6.39042915341461
6.41936199384985
6.227086140784389
6.169347101961655
6.082537288910493
6.025065848086335
6.391026312513821
6.511344378889693
6.602743280364956
6.477871816975288
6.520789193092545
6.558920663477963
6.337927155782671
6.417211061668579
6.705823337312725
6.681621348865124
6.756607840617258
6.3514401889501855
6.763049680502351
6.691410830471844
6.468671241208108
6.335862295722903
6.327686503225555
6.45719185353861
6.344516765153262
5.9598564775353555
6.530742880107155
6.474156659583125
6.359355931852224
6.7039597284928
6.602296098175225
6.574697792808348
6.619814875337546
6.495289725081084
6.570609511016814
6.756705958966515
6.681765754747519
6.675339845778714
6.706859350851157
6.577813592536641
6.3081356273469655
6.536206829579351
6.42176985143369
6.259229485261247
6.392864072314026
6.711104913313099
6.539396651161371
6.3912326603810055
6.324108051701112
6.295343818196204
6.630311308886711
6.540134356787178
6.736691295349766
6.649106751269025
6.578166361344211
6.677366743743383
6.635326394085483
6.518391010820281
6.436731610908884
6.657546351595213
6.342806262566448
6.356713480222031
6.267707901590313
6.371972290879665
6.521156418906119
6.301407835516286
6.6031223594238755
6.548704734028239
6.465256147815026
6.496066703573585
6.536880847347431
6.710053697790384
6.578667529175871
6.609534941336811
6.67875057045151
6.816324140067022
6.439179186620885
6.030262648170987
6.093713577247927
6.24435067159071
6.380037718819605
6.171945712662918
6.101947059921075
6.188830587945949
6.50560393828181
6.557015653262423
6.4613915877727255
6.390962483448729
6.315731199957833
6.113728952660191
6.422245814532192
6.074613347257941
6.11330043597056
6.322554196081055
6.467027040294221
6.429725810433446
6.409033139858018
6.402380871420526
6.271992505162904
6.022103101365287
3.2758171629920874
3.2287454664844133
2.891363831624127
2.657034532173333
2.611142525744281
2.3380491589957315
2.0791838380591185
2.1059514946381928
1.9344515230511758
1.6187034492363044
1.6137973213210948
1.4063190741191742
1.4348402924793722
1.6495660002273493
1.6545773589978734
1.5756424991156541
1.9670699158511886
2.0454799093531895
1.9144967395027883
2.0244243290350825
1.9960773358026203
2.0028972746530362
1.966576176646673
1.7211187356121609
1.6264016456861872
1.7026497292498406
1.584296312115804
1.3827690542697078
1.7538876666435086
1.903623112569257
2.230162465100828
2.4942864784790624
2.5535603264131184
2.4862614881621585
2.5388531740053972
2.68681075158964
2.7562477488730224
2.462877426715287
1.9985222724289535
1.5638829436733326
1.5360925313520108
1.364089692449306
1.1128009555873628
1.1240093622072167
1.4283512127051659
1.6653063871460758
1.924127660006813
2.132361624638514
2.32359132832113
2.254962887368875
2.4961660462133883
2.4861260677914925
2.3497363706821814
2.0696952173408927
1.9212764320199416
1.503952765203899
1.0963917823904936
0.92887043830303
0.6457437337446347
0.5357932371117307
0.6002881924420521
0.8314941525960704
1.1047739715939116
1.4652825332363386
1.9111168065320014
1.8870724589432424
1.791427320554363
1.5842344850908672
1.3738873544334504
1.2480992454998776
1.3946411049971246
1.467539079444058
1.5545014208790346
1.7282850648618044
1.7703627299126568
1.807752053726163
1.9673371305949556
2.07107389040617
2.122510021923539
2.3048930349414825
2.2813381276778832
2.1165779673196146
2.0399995687592383
1.8983371402622538
1.7126797370791234
1.7093046720238085
1.7947616022603556
1.9778882085772516
2.3627208215224598
2.6755489917247877
2.7347832854511536
2.8380227406395755
2.8193050414311074
2.721372114973581
2.8866534195545803
3.02801237092668
3.0905356356466056
3.1961826335907064
3.1458660200590614
3.0607318982288994
2.920614760619906
2.700365081765379
2.4007652854350576
2.1118983925619856
1.885065722580944
1.953522375928824
2.1107512404918074
2.321004578924751
2.4414581730734093
2.5347522470134662
2.7076941336679003
2.847718101826235
2.6684405311796793
2.638712342563811
2.4117587733098906
2.2592076739604154
2.060290146467016
1.9640466095629017
1.8693303416048628
1.9268128970224576
1.8441763309938108
1.9644415984596926
2.2147387144394988
2.274578193478721
2.6231292950690968
2.7710350402401027
2.9693188346947523
3.044232201797585
3.195172531922652
3.155561387282382
3.2742048563972985
3.2622399402890165
3.064643810750373
2.850484432222051
2.465093789417778
2.207726387287881
1.8878007925402953
1.9021824810133885
1.9304305861765836
2.0763985355078822
2.164254355394881
2.2028851054556333
2.5164310820323714
2.867731011768737
3.24967636910903
3.2579975079551082
3.3972371239777432
3.272474371048671
3.2352582898448503
2.976830330143013
3.0254555011595974
2.939788840529964
2.934918048376835
2.667027557665945
2.6558204320111947
2.6162320907359047
2.625965661603022
2.657966789721071
2.8036577053618346
2.9421635346666934
3.017616300161488
2.8972782601711664
2.7446524847310463
2.5051559413898823
2.3392900457165573
2.2439131798402365
2.1283554761156047
1.996223461614067
2.0672420631165047
2.307148784868821
2.5437793676903033
2.700882285674388
2.782456873744237
2.8336793780901193
2.9086966709861746
3.0275986304672093
3.1483303067937216
3.0942489504475863
3.052352266717126
2.720972088947428
2.6545741267493326
2.4097432416502373
2.3115916825937393
2.103609733404702
1.984745774771016
1.8255052154245832
1.8816741572508744
1.8971740436494242
2.0297582137679817
2.113847145756054
2.132078380286514
2.4770241884431132
2.6667569819239247
2.8939683182713316
3.0602656300769127
3.0067313116956083
2.9256176953403994
2.760630297439163
2.5111396714605956
2.3440097422118313
2.0087104829490197
1.8287872535211456
1.6434645098762801
1.616056557529704
1.6659001094459007
1.8819677867266127
1.9755556822313964
2.2886067872768354
2.4500669390706924
2.7447707980444527
2.826928866410038
2.9570321876545895
2.970349943026361
2.8383716804621484
2.7163639203352368
2.4701288355726403
2.3930298712050506
2.1803029753417738
2.0841878798018856
2.018047613485786
1.9141580766394746
2.02212681659944
2.0921399935412146
2.2697809344365782
2.388606463627224
2.555828961954905
2.6986826406250115
2.8027776100148456
2.738786503657869
2.615744652681795
2.373301188859324
2.04071347527223
1.7901132478876658
1.5298612753942442
1.437055418985747
1.4789867195605926
1.6635946958895018
1.8080251691923548
2.159180847874211
2.5099896114265974
2.7948243870410945
3.141022897628247
3.2594439363995837
3.2627427456146973
3.2096020598829105
2.9841193974406575
2.7747607588987964
2.521902995609091
2.2209447542154632
2.0920257677433263
1.8895393144733015
1.8256295873013706
1.8777094345902534
2.0385838320633956
2.047294561182963
2.3056548099547443
2.49723321250125
2.644431622455227
2.803189167203704
2.767869678150318
2.7903126511136493
2.626419000610621
2.4842496856764877
2.1600907269532246
2.0379815390279212
1.8016761662046745
1.6876445984967692
1.5687685226469772
1.7101324560544402
1.8424508310960217
2.1613448416067973
2.3793293949225855
2.738492093777308
2.9277571643898854
3.1225342725044363
3.193427831276626
3.0245820515628368
2.9195667982825824
2.6072972710909843
2.2520509541901212
2.1050950574254244
1.8594045750650738
1.822389216479668
1.8384838911705113
1.9207026697451905
2.179204139568741
2.451594147440908
2.68039225057875
2.9127931454255247
3.0548529295689755
3.1098024078460575
3.027132695833207
2.858829967429311
2.799033220172997
2.577875796320542
2.3326790139699263
2.2307446728623974
2.0079792744606273
2.02241938297365
2.0345417467937716
2.140369332926309
2.2977305780319615
2.4608876018041768
2.577349371130847
2.7546428626952735
2.8301946330823204
2.8131671323185032
2.720423163811845
2.485428210836326
2.2958207973608644
1.9611818300040027
1.6951350756756576
1.5169240390578713
1.4631231438357093
1.5779038962154304
1.6892799415145383
1.9351986342688288
2.2993479832125083
2.4839961301216724
2.904157111523084
3.151567021912416
3.2649330616194776
3.2890789566244196
3.126206292535996
2.9690206815117284
2.862040596571059
2.592572674342951
2.4776246638327977
2.3657442919461333
2.3207569370566112
2.204436453855857
2.2953692147687184
2.276496911265034
2.37284673063375
2.4496568637333453
2.5134806122463305
2.712949426831492
2.9749037306222172
3.0026237683223904
2.9385674703643385
2.7518123075338536
2.5949598213716927
2.322367889268913
2.0606627472126746
1.8642061815752686
1.6274414584134533
1.7406017296769878
1.70548757458422
2.000974570899268
2.259454743443375
2.4465996471746716
2.603661050674755
2.625281687016316
2.6406246191352367
2.5316466733283827
2.3085899559776353
2.095119822952045
1.8533121821804746
1.658256906197702
1.4174974862198146
1.4750950648037464
1.2554768555054487
1.7226517396207839
2.0312103033565228
2.4329532560438656
2.770408889751228
3.0860518146359155
3.309831911660024
3.280949778174869
3.2778310868371854
2.9858364329818006
2.772434051062678
2.5871372837795605
2.403209337218669
2.10500934374929
1.9690776534342451
1.8787434265400265
1.7964990163238532
1.7639431145864075
1.9188940629830094
2.0551707043939578
2.3346883057649737
2.5266609048486073
2.5611402150011338
2.7254303400801376
2.636311724625699
2.6862741632420137
2.6210112077722387
2.4999257572355766
2.351668359928621
2.2010155026536804
1.8592452673903677
1.9216320531469218
1.8294741394496545
1.957295171231868
2.0895180873397012
2.15043115682059
2.3995255766061896
2.5892985610833272
2.694970088447002
2.8068610398675693
2.9085439298173306
2.751118155596081
2.747172246939701
2.5700799163246266
2.3744617106630708
2.2118582776783215
2.0958639930955902
2.0997291784911116
2.147272903010431
2.447095464356759
2.7349384091465327
2.8653530654935286
3.0222304728642966
3.129721685039982
3.132236076258195
3.2094892191774873
3.0319371313514223
2.896531063757352
2.618178389906274
2.3896346309458716
2.1220267801588872
1.924033918719682
1.6548126188688947
1.6151259344349491
1.7265936991767952
1.7687898084965972
2.0922229909045784
2.270217399901357
2.5220554271743594
2.694253786731916
2.7961666528045575
2.769372096252689
2.6562777780839584
2.4095044465598607
2.2718745968343965
1.991011018785279
1.7794719309389866
1.6435052549430131
1.6089638742782246
1.5351762579057242
1.6927326080728082
1.9395150936835286
2.1018528371251355
2.4687486337370723
2.503290794909488
2.7033152640712848
2.6857864200572767
2.6722548426713835
2.6434651303015704
2.5421146340288745
2.4336142384998936
2.3577125283163185
2.2224732603490946
2.181205423340022
2.1295343272972342
2.1240551552027904
2.079365498985737
2.2622669314369785
2.1958405720099403
2.5307192516603685
2.8429585632272953
3.01950960880609
3.0668319309875494
3.0661273341632254
2.909466180356232
2.6301831110339977
2.426260749760799
2.0688017123374705
2.105138973868581
1.9995593542896113
2.1064778581417603
2.2570801807725127
2.4784609473963024
2.6976181457550092
2.921304153783776
3.060244052705199
3.2428146578304378
3.196706132946754
3.2159364379401096
3.1093319260098307
2.8764026651533556
2.6881514339433963
2.486381263957994
2.262152201269882
2.037460729446267
1.9113609004572076
1.741947183072196
1.8352776059150937
1.88775503023392
2.124606198050149
2.3473398309153253
2.4619015425158426
2.6007581079306847
2.683947749401223
2.665524655372577
2.5901374365808656
2.332195293422047
2.142340762246365
1.8686602259501168
1.6907274377891504
1.5205211232453912
1.489476016650808
1.581606304289852
1.7394798449257258
1.9073548291117604
2.197210141215853
2.3712786350511146
2.5459042680297026
2.592236919902644
2.5868073889242647
2.5130195536495155
2.353776015430522
2.1970935670982006
2.104864097560643
2.0551701540601663
2.0654175677465147
2.0774362002419338
2.1425069497387526
2.2328383349343426
2.452358260646158
2.573177529788937
2.7766441710865264
2.8985904617678457
3.054482522477215
3.25717724880973
3.151800533018325
3.151036018961424
3.0002334731484837
2.672615950287772
2.5501649661021006
2.3710138014195934
2.19796621971609
2.0088163181111516
1.9525855410768511
2.107876469235838
2.3993034193975924
2.7491649167847747
2.8795916667364656
3.0954553189546647
3.1740383957360168
3.1080002053242195
3.0158690138342856
2.837924998655282
2.6483908350134824
2.305847609756586
2.030800186318463
1.685068869187696
1.4556080633721913
1.5135013296437259
1.5390498155082664
1.6931109516085492
1.9065414351684642
2.116219043765676
2.2568502239651487
2.5370513868789204
2.5540633576938
2.603269184967478
2.5354840341417857
2.3972885201551954
2.0395704608615715
1.980477877856765
1.6485200861580267
1.4895832362012795
1.4862817914538167
1.5405918190100218
1.5444044668163088
1.8087111493124737
1.9955304837441226
2.4411755237452653
2.7006948761232583
3.0408145672978497
3.2466474173784867
3.279546059374975
3.181203419325694
2.9165189571629737
2.655308664548909
2.3636566995231245
1.9913353880463482
1.8334294367682147
1.753340001838155
1.7336097888836162
1.6704374846247254
