0.6963384215844447
0.6229451978335402
0.6164819094302217
0.8293875595191554
1.0480303299156168
0.9313013819192179
0.5325297045785363
0.45358070009131046
0.10910802075556753
-0.01623434038322248
-0.05511202707499585
-0.21950405087458322
-0.5537284036428167
-0.32717484784394557
0.15745368788631797
0.5087755533417488
0.883617573743954
1.2355442730445172
1.4432892256586172
1.5087521871944967
1.4252697440022917
1.1976028007574053
1.1691307255567136
1.378329464396068
1.933674292146827
2.1755974023490428
2.1839723551774815
2.460112987548485
2.510226719229058
2.55632438317691
2.596287654012254
2.7321481611100347
2.757682265316232
2.6150380323063995
2.748047588991968
2.8977688733347713
3.1573074150497438
3.177310926300737
3.04497335442161
2.74079662450018
2.9700592992341743
3.446785015354878
3.6524154684182557
3.9145125984182636
3.973719799802994
3.889333754278797
3.590545505781531
3.524602322544341
3.4965189182191336
3.5394087597874666
3.5282336785191317
3.542518027993168
3.6158309442668557
3.421938306719081
3.3105349151323713
3.216695400751911
2.9129459783446525
2.970553377563775
3.1766961504140228
3.300644182760485
3.2784472329740924
3.0163845055069856
3.0606706277214903
2.7946904659187726
2.516846026230853
2.666957236629589
2.677869905791107
2.96222451337865
3.3832487961434423
3.609673239573901
3.678796992915077
3.6869655225303792
3.468490279171838
3.2841155599403518
3.3654574407930227
3.468901951305156
3.434836337669563
3.2637998239537684
3.3245533798675995
3.230552366522074
3.0734506350040647
3.2253926248499294
3.3251187144200878
3.50839699544543
3.538939100188455
3.734402924387491
3.559308717435845
3.8094841172919747
4.126318867699738
4.283871279445166
4.455287018487955
4.2981572709098
4.2010327735694055
4.028201885085978
4.076940966888409
4.123549068511887
4.07852505603299
3.8426200553514374
3.656186900936115
3.3730062934279412
3.0577915658101333
3.19276359581885
3.46714552717004
3.673800275389536
3.9416417853130916
4.019772253567891
3.803225728009942
3.712109807076878
3.640080185283553
3.646043479619581
3.4723694284620876
3.32183960965633
3.474734278219283
3.72834759700831
3.84338837180357
3.8856878188618516
3.7816429797691695
3.8994473441701487
3.6221335490018762
3.4802741446782717
2.983924509442143
2.6069797701958537
2.7197773960004907
2.9659013234178406
3.032223829030909
2.9378442244728533
2.980904975709208
2.879481571437828
2.8484166842646284
2.678277821328538
2.691314572886557
2.702999580332006
3.034275122833351
3.0714494515392605
3.063879315118376
3.0634235862739922
3.0150888640670104
2.606056964756579
2.316674160773047
1.771996895650128
1.6837208315412147
1.9030912682954573
1.955633085068226
2.0689317524303714
1.9121280101088456
1.9294151631269125
1.874294008569209
1.8685123296739772
2.1712280037948806
2.3926049873462274
2.323122458244335
2.3608841431929197
2.214716276992047
2.424858913349044
2.3164553022687837
2.6743350446926217
2.779124307446192
3.326351702519861
3.4478299499002762
3.236461307074778
3.013080180754813
2.926198026751469
3.3466621608046863
3.428298459825187
3.408510979288296
3.1651679648478126
3.0950932189866296
2.8861208708917356
3.081632167538901
3.2017844622330656
3.7699948307256737
4.17981510230302
4.065256226491303
4.262902969921605
4.4208292671772895
4.7206511842250505
4.754032982419137
4.641436036965762
4.632337095528354
5.014313579885551
5.111619923642049
5.007332577650135
4.86351645781608
4.471115318292522
4.1125108883257875
4.3366930865700315
4.7246467414767945
4.81534888104306
4.601726600814077
4.269927700622309
4.214424516145698
4.41915143483996
4.671386923454339
4.7227521152919625
4.998089212360046
5.181887014303611
5.236195837956339
4.953179297637356
4.844977224303846
5.062585655326199
5.266605654870445
5.408822860516199
5.25197435958967
5.326908436991903
5.299349601207846
5.319459304282714
5.355885457165939
5.567495638380544
5.463565515939601
5.2791007586550425
5.002355853836182
4.962661043619354
4.915983845055923
4.739212242483744
4.581357736204201
4.598722901654651
4.557806322797699
4.710202080338607
4.805591212590805
4.98601713714435
5.116250268741936
5.027384046192112
5.017484644599832
5.164959959032831
4.953304322486266
4.917252847794552
5.30820356726743
5.333433033462042
4.805472124742117
4.749118252292069
4.518370607126252
4.551369434365932
5.063792409965938
5.274984516077898
5.215643745733078
5.222883024127749
5.050018649346223
4.828060498512973
5.097245023872169
5.441327188164539
5.467524225817025
5.713465231514886
5.827957953306286
5.957621966611982
5.912753058994443
5.9977242196921905
6.018810625730657
5.870574868801716
5.991662802580242
6.1741347524297145
6.00985914966765
5.983731394978536
5.815423607510073
5.513872886836281
5.348342010094044
5.651545835405296
5.85923059196403
5.748830344232192
5.680593629609743
5.663149557195842
5.828264490970598
6.289481186209904
6.325912371753812
6.226518906268389
6.300060823137992
6.153317545082143
6.1329088214424585
6.145442086442247
6.316151797711268
6.333084224519328
6.240809592694132
6.402271798714511
6.2041514134591615
6.2893111325365
6.476908278516939
6.156777589814101
5.99492365941733
5.778497350278371
6.20682607262445
6.24728261425078
6.466856946864905
6.515213051143503
6.3511904782141535
6.4633472946584645
6.571772543084077
6.51538970858016
6.527582201655239
6.414672516078394
6.501538944759009
6.308245219532864
6.243002971355988
6.186520967878692
5.971453920429829
5.870954846733826
6.094391513197527
5.979149879354762
5.7851553644805165
5.724459793542418
5.52818571962006
5.5903331930298465
5.687881520136529
5.998017466081787
5.992501740193391
5.678499497643856
5.881032311704876
5.840696835330025
5.5946352262480215
5.442168957825868
5.294920932531411
5.363995971574415
5.684671529598561
5.923367686247284
6.037487364483649
5.933027673335033
5.867067030957108
5.909187159803016
5.788859265941276
5.962060242979828
6.118196402672803
6.2108815691033055
6.3797036548707196
6.416686611039638
6.412302732459693
6.414936659778448
6.547265896752071
6.428674472365137
6.473728634076128
6.486239783682804
6.573456764827374
6.573054719841242
6.462977466289924
6.4484069771240184
6.295015476012659
6.158084531696126
6.09454155256255
6.0111042493669125
5.787225941586104
5.805815236405168
5.996553466308009
5.853857800833058
5.962805806516481
5.816271538319967
5.753771062112094
5.621037466459618
5.363330956193663
5.474571700872173
5.4005817162980865
5.345427185282145
5.505623012129745
5.481352970574059
5.538821063451979
5.577997479238268
5.480564109928407
5.490027730891645
5.499509734624727
5.329265284985812
5.124304318177033
5.156228709803677
5.189939960390222
5.37909505903421
5.819519873930592
5.735360683483877
5.3771365150828965
5.316008232481137
5.621351713254614
5.72377993826339
5.6454580265104
5.694435351244494
5.724983686472135
5.5198846510540225
5.7034608626103225
5.890585196437594
5.952702617200279
5.992511556407209
6.081982768352283
6.152941898013766
6.142704599132845
5.811277659096471
5.961212881904874
6.0712730826859875
5.913457964619181
5.812094177441459
5.954756486486668
6.118389139062849
6.10794077989995
6.246179651165502
6.248686113049354
6.326943107958751
6.427258529719263
6.412853679055324
6.542751985353286
6.419835755912377
6.3697875354367035
6.264233541235314
6.095104122997619
6.193201000891484
6.198697846565169
6.198368007759958
6.326254378079925
6.3459513576130595
6.299370831662125
6.113319817232105
6.271170357711197
6.208631371065617
6.1569106337690895
6.185555129100001
6.242758532301261
6.219149269830314
6.092497461563223
5.958078353406855
6.07196948039735
6.0590455045052325
6.029828260182256
6.134484708551899
5.910654492121412
5.702701667365
6.0182982690583575
6.035095376799936
6.056318438344695
5.998894513798795
6.005181971893879
6.141042432892016
6.087315121921245
6.151649688960842
6.041644184700517
6.123459187975645
6.085893392689364
6.090850328384236
6.11347031022928
6.067922214213791
6.163408758908224
6.271930583680569
6.298903402320129
6.516228282811395
6.246827831505396
5.917884143508507
6.252039909973372
6.2042026957804035
6.179980167473184
6.401880257542051
6.302821695628959
6.309258421939137
6.112435584738246
6.0235623123258994
5.806246139489036
5.914052946939637
6.179321676943049
6.145104498350931
6.182850182440899
6.1597128005376796
6.16261750972069
6.294953445421583
6.374458815473686
6.4472789489401
6.562131461279998
6.548295853500839
6.518761048161796
6.340826098487494
6.329275163376113
6.389866500338456
6.2235072542203405
5.791213661756052
6.050700143899345
6.104878881024745
5.954115927458052
6.115496176016434
6.397272652132764
6.289650963997525
6.213931253652854
6.275190711357138
6.051186717031419
5.929460072700746
5.920249060791687
5.994000402778986
5.951373301794068
5.94856623294587
6.069872874677328
6.185580897212987
6.072473345488024
6.146529636081342
6.121211665024969
5.993760921774651
5.927134715186151
5.830326387165338
5.996067251242563
6.08493810491098
5.922885979537421
6.24420577425261
6.182805470328184
5.993707499949927
1.6950199643989752
1.6531994337253682
1.4834016126860101
1.2196839550873921
0.8750675372374366
0.4449106809275699
0.1208011605478038
-0.1328380413026294
-0.2643572172722224
-0.09595824002993479
0.0718522679954539
0.3740464128986467
0.7256043024749806
1.0146940137758562
1.085721669840839
1.2321378928189786
1.2092314142247915
1.1726067471262782
1.135074425656712
1.25230049612501
1.2073617190052643
1.1972810306469617
1.0580604565224747
0.8666323204539583
0.6364889753709471
0.5194289550257334
0.40221780656226
0.32884831380303886
0.2644848666838792
0.27167032132703833
0.35244509787219414
0.48574271720033285
0.6493789074187879
0.695557709612218
0.5987662079267547
0.4873323756830928
0.503969669404466
0.5685844845026732
0.5092801491780777
0.3572426805891332
0.23027024659123294
0.14657236804661727
0.270864586780594
0.445286985193975
0.5799205982335048
0.6468297674478438
0.5918445048283337
0.7320822436428517
0.9443768702227167
1.0141097600717144
0.9676225741525399
0.7533402509296236
0.5105391417551058
0.6481858616215719
0.9471217982785709
1.171988933894775
1.137292458630948
1.010614899634881
0.950293434919738
0.8337325178692586
0.8577668522545749
0.909926198702577
1.0608127184512626
1.041928533974886
1.0208805434183972
0.9769593513870976
0.9575432224112349
0.9951848001278176
1.0821706468660388
1.0979237953585732
1.0621282512194667
1.0445067962768497
0.8435568387520462
0.7011167123165624
0.6317915621527707
0.6541311735654637
0.575496400837046
0.49065688822147746
0.4175009245930581
0.41816867791910994
0.38429616371360986
0.6546197165932519
0.8696153177174287
1.0026448377651522
1.033207260398419
0.9230497515747635
0.8797497163033765
0.9085240893291929
0.8690595051799914
0.7924970044479315
0.7547609339289177
0.720378006014475
0.8199443232283612
0.8947119093302253
0.8584059758385558
0.9215070317471311
0.9473415681718587
1.068595646974016
1.1185277685344268
1.1610947087262753
1.1067340732768305
1.060934918142335
0.9358016810006393
0.7215682041045172
0.5008618660278747
0.30155218196866346
0.22829462654611937
0.1552060854935391
0.20019263128508272
0.250122329367007
0.2746403840724656
0.24034418144994
0.28685391381936415
0.29610276877721753
0.29587079543223316
0.24770422396688685
0.28768447233867356
0.21181976098079708
0.4009663756023688
0.5520143177504169
0.7057345813547629
0.7002438469615575
0.6623568721816219
0.5597169832283823
0.5112622486268885
0.4284951738276753
0.4451246403877818
0.4181017288991139
0.38853556559776486
0.2702703721621856
0.17518935564563978
0.1620154709372045
0.021236915602472914
0.017034229569181034
0.2179812948239391
0.31154328861425634
0.4815440105748278
0.576846825397561
0.6328265371994197
0.6451295935255891
0.7200163307330988
0.8352255438976612
0.7902320445826995
0.526109003027645
0.3522122927446087
0.3532180327861021
0.4292991160417644
0.4174252544599243
0.4287937517345519
0.3052234769555739
0.20712277328438589
-0.17369470895128344
-0.31601681802025294
-0.42670376645427055
-0.4595041386040195
-0.4010838959183845
-0.34753193997658244
-0.345446242026766
-0.4427577612361353
-0.5282032388095166
-0.4926300435209739
-0.4042187341692599
-0.42837069597428595
-0.4485622231757672
-0.35817399664923016
-0.640007586060515
-0.7903565900566294
-0.8198108656940785
-0.6724937920909045
-0.6564178876012255
-0.53869258043532
-0.4534696460742162
-0.5311037747982638
-0.5570102068009022
-0.5154966595321296
-0.3139195713558304
2.0868201770484873E-4
0.2588442502189916
0.3611315810254716
0.4596678106792832
0.3408881284735324
0.12698208307118583
0.12405155827176045
0.24072107472799625
0.35557601456265375
0.4760739369484457
0.49035092274303277
0.35250999569098546
0.09708384249166402
0.21607987330399175
0.3280064678543359
0.41306807914286653
0.5020154327511119
0.44611952931093696
0.36312003562472744
0.4247227725564244
0.6196698077072473
0.7891762989092912
0.7188401041843103
0.5508200977583257
0.6400731487691342
0.7550974220382513
0.7069170684460347
0.6946135957922474
0.6227099429011844
0.4754244929446647
0.5224419465959828
0.5180571050445646
0.5632838224233373
0.6210683830746473
0.44906524895751126
0.15211416890939572
0.053110929806515744
-0.0051621064172390875
-0.10056825996403906
-0.10485905401505607
-0.0822923115205371
-0.05852676248698417
0.0012068138129512462
0.05020146393287495
-0.12472751155284463
-0.2412341302271165
-0.22945867798991407
-0.05833943062275637
0.1293155542669168
0.18502186498922782
0.2672823498657793
0.2715174804105222
0.1689365673381399
0.20838930937829
0.13368140151932664
-0.030098643379627317
-0.09698167235820822
-0.1960579324688165
-0.14970189913577944
-0.06513121300829777
-0.03253791340228005
0.13987234662306905
0.39776750482020845
0.5834180666220132
0.6273914228593281
0.5642913685545841
0.5161300451975016
0.42055013474944447
0.3774961335012101
0.38767586402940113
0.4245665021224041
0.5227069867140591
0.5633237414480184
0.614005452024441
0.4802962453656999
0.4299878263209827
0.5153048661904654
0.4762082593717024
0.3972618513148437
0.4106189802682732
0.25901706705941313
0.1524900475047269
0.22004193878525607
0.2739562524618513
0.35647505054879114
0.31377170473497606
0.14864922405897338
0.029493303891526886
0.02313456084443114
0.201245565303288
0.41576057815582956
0.5654108866615563
0.8533251071004659
0.9555369941890924
0.9680450230340745
0.8952629917877098
0.8504759077943013
0.7536112423460082
0.7262957271213086
0.6634425567326648
0.7227205202632233
0.7667160710477613
0.7714497718628277
0.8928724506592313
0.9468378529737211
1.0365199989050184
1.2047409370709143
1.2171808390390726
1.2478885280660519
1.127897533937143
1.0302242472490248
0.8753888099623265
0.7138593038533081
0.7092058422984556
0.7370405341628569
0.6696309897859132
0.9044519127000625
1.0671505120413665
1.0603188543873012
0.9336114789431863
0.6951110856153074
0.5620012480493244
0.4791339543320333
0.5869944291333036
0.754061738903134
0.8894666322417453
0.9270753615296589
0.9264405174032039
0.8577843100190019
0.8336187091858792
0.7400818650272497
0.5021371644290507
0.20028048887856417
0.00829837552785385
0.052454460924147774
0.17618263780402912
0.5030747402632101
0.785477166418356
0.9885618798128636
1.0888752105461939
1.2389506432266806
1.3661491640345718
1.5270248845402774
1.5636170616770293
1.5922517318714637
1.5231295028471907
1.398036819370366
1.449507641408382
1.4103311953857294
1.3938931256113278
1.3571934243886488
1.3305138668723897
1.3845147669873965
1.4444254853516951
1.400557451742121
1.3742658347893768
1.322299791214883
1.3193142766028776
1.397675223397709
1.391038262090102
1.4352655352693373
1.4022090637583289
1.4132606089368687
1.4483525085815965
1.3745327041190096
1.4031909132100386
1.4003370247455438
1.410513976496349
1.4410671701340951
1.3533990688298843
1.4328557223576213
1.5094683987490702
1.4757044845513005
1.5160163311409385
1.4250156407361365
1.4748211455091877
1.4770485847855184
1.4610847578962696
1.4880376011629162
1.466989911345691
1.4180491185636526
1.3842813757557213
1.3396296376660513
1.3799924237878018
1.412531273823094
1.4523152001485955
1.375967617528469
1.4202811218182567
1.4346963451147534
1.4318576808068024
1.4414604344628361
1.494348871286303
1.368624507614449
1.3177205917881918
1.3212237997729093
1.2589892365552513
1.2629407003615227
1.2353061016377618
1.2383902805903226
1.2750820406521284
1.3295831825948945
1.3480760932333313
1.400774363243268
1.5167287695322478
1.5963026956094708
1.6095294934263529
1.7126042719055345
1.6717962402495272
1.5680653090497174
1.5488064425071046
1.4831610722960311
1.4099771045561067
1.4282148085818003
1.423718891205584
1.3704876891634896
1.3849466174414764
1.4469259556896175
1.4629173339929673
1.3862965466233879
1.4540110179930354
1.478796739149991
1.4381299406261412
1.3914253405633397
1.4277120828735874
1.4328621650481213
1.4459545159918121
1.3604783446946294
1.2818418535704388
1.3687269198045613
1.4059750644531153
1.4436941149640532
1.4259013768560038
1.439786124022633
1.5045462038659543
1.5128824681857826
1.5150418144605706
1.4698106514573963
1.4824187840029432
1.476204029393363
1.4397737512575202
1.4634979826462546
1.4981991086799582
1.4297494743494443
1.4770486532347393
1.4086243257845381
1.4274951533221358
1.473312150708332
1.4479811793360833
1.4848601899096898
1.4646206977159226
1.4176657664957037
1.4906356155129543
1.4466705247065936
1.4802257184272956
1.508350015367798
1.4266593106332004
1.2703725573822655
1.3851780313629023
1.4199871894413583
1.3626986325863493
1.382216279674629
1.3821625777589923
1.3667259701251502
1.354924526915944
1.298772743391714
1.3535013706873225
1.276829477656506
1.4089134105955763
1.4797564455159646
1.4772064200194341
1.427708875652967
1.4653068390880002
1.4348388979937043
1.43692959738362
1.4463119015952668
1.4079716497192905
1.4788341477370437
1.481595531924811
1.4662876608508901
1.3960436456533893
1.3581493365806383
1.3986208473701232
1.4140295614604748
1.4713182215349465
1.460223783485473
1.4578188803452143
1.4373573329695961
1.3332471407671878
1.2980319670274898
1.3717618720098022
1.3832995091118423
1.3291815503986146
1.352749598713342
1.4076729271445414
1.4410991058621163
1.410044037178206
1.4830721524781962
1.4876450046963776
1.5165587623027283
1.4675720736043019
1.4835828388620065
1.5011281457788876
1.5092553670992042
1.4704735277125718
1.4502552673394975
1.41323229401363
1.3341045983356603
1.304804984445982
1.2898950235082054
1.2719680561868447
1.2727596757183592
1.3591373778891649
1.377173581707798
1.4578982359080674
1.409767604266138
1.5674015114339792
1.560158087549762
1.5661912826220947
1.5053051141238722
1.4554861319324113
1.4306353586699485
1.3839234639111413
1.4372725258431915
1.4370138887328545
1.4276856551286883
1.4220423192304172
1.4328326860774612
1.4486443927255466
1.473136032528765
1.456064796131123
1.3766405056390674
1.435971832658489
1.4025532529752565
1.4357352792105467
1.445695809186623
1.4310619868643932
1.437636537819619
1.4301940521545469
1.3924425463062562
1.4297350585721722
1.4430968622141342
1.5025056104903245
1.4612867681382529
1.4866535868232793
1.4736062864621078
1.520844261278368
1.502659588394435
1.4726941316858488
1.4255773589622884
1.3630697515866825
1.422574911177441
1.429975035526894
1.406231100603451
1.4021664235195421
1.4357395747123
1.405581045636067
1.4447567761956086
1.3871751672022716
1.4244701101244224
1.387481168808962
1.4074083802531479
1.4435394615838573
1.4577414896456
1.3516182859524764
1.4791035828588104
1.4281746767549128
1.4599487167681624
1.4236610847425835
1.3550278644870404
1.2943718838530844
1.235615825504555
1.2905156221863945
1.2543254354945381
1.3840373097510377
1.4299085029827652
1.5293627804518224
1.5760042950141537
1.6231727056276424
1.5990063625039026
1.5957888625540844
1.6214647695253843
1.5676869743673973
1.5036873659868786
1.374148645028229
1.4380505022496368
1.3940606876619697
1.4182877643041576
1.3886303860925917
1.382775638419117
1.4275665600498655
1.4824822718352002
1.5204622326617574
1.506036807561556
1.545678839683649
1.4887283702244178
1.5457673220508001
1.4694876376005641
1.4523762697676776
1.464513051016951
1.4484256305797203
1.3854712266174471
1.2952038452836792
1.347558180869421
1.4619534316069613
1.405274036438719
1.4036688903259522
1.4690187173597393
1.4824819028953826
1.479340862791143
1.5545491863823298
1.4975164703015418
1.4317941733967285
1.5035055001997233
1.4370054435655633
1.4827943638798717
1.3378684551815345
1.2925519376446846
1.2629070719758977
1.2824511385444675
1.276688480771237
1.3255377094678835
1.3887437320329092
1.405916424104119
1.5455642439966926
1.5819739020830395
1.5561213803380076
1.4531258791433481
1.294192632973751
1.23242400461028
1.2096425316330406
1.2147372474575489
1.2888735228350032
1.3177502783147776
1.2911913054304553
1.2672985300565696
1.3281191989506402
1.3430599925762146
1.4120998860243343
1.455454862865216
1.4193897639085846
1.4030187908973466
1.3298499040111553
1.2235962874588204
1.2088957523648511
1.138835396814367
1.0725796026025816
1.115289843733124
1.0199429557584407
0.978161508571976
1.0211675035933445
1.100013545084201
1.1809889308560757
1.2145153338200572
1.347584086355594
1.4288729654300214
1.464841859443303
1.6051738707899568
1.5992750288666349
1.651725170085042
1.610142190935614
1.568816124447169
1.472471715020781
1.4239046191669007
1.4261233180697308
1.3963504657300803
1.34316446790686
1.4382471769900997
1.430162035469384
1.4038815473173087
1.4930662171983016
1.517747001877892
1.4938439712864244
1.51687560881497
1.4613015357015393
1.4614080855485192
1.4242805938751923
1.4167905999488872
1.3126354452173399
1.2090074584289814
1.2155551687488215
1.2117917308578503
1.262081747472076
1.1947139569027856
1.1309813394486183
1.2433459358157826
1.3035691666257627
1.3503111460983805
1.3359272406881884
1.2869709546713932
1.2238865078002414
1.1856731438235657
1.1781593864859343
1.187398393739372
1.1654080726157874
1.1440370138322224
1.072819971990095
1.0030891995312283
0.9722719164718847
0.9353642708632516
1.0579615821422605
1.1626236357558843
1.3248447243219477
1.3882953964314668
1.4691372289667854
1.5415678514648041
1.4557490695792845
1.4853477982160013
1.4337327422191533
1.3495249432873135
1.3098688976122366
1.4172810482137674
1.439702327356625
1.3948124743729557
1.4331031650205974
1.4335168881807716
1.435005052354594
1.438139497721682
1.410123992153671
1.3886066725973631
1.3858928831962514
1.4818834614321401
1.4975222140433528
1.4060247895021416
1.3538208612928877
1.3789425192282618
1.38032427354811
1.3223033455802682
1.4068822648825863
1.393599862557106
1.4647289174925893
1.4470065313960134
1.4763709822145161
1.5267389567486298
1.4797237773517344
1.5326369152757917
1.5142426414894294
1.4252515359720785
1.471382753300492
1.4384339428643285
1.4066668007207044
1.4369129639858533
1.3487210175794377
1.309909789816539
1.2998225942746826
1.2453925242559072
1.2829805881851208
1.2635787905361289
1.3963219874206416
1.485502761907635
1.548793677680693
1.6337457679650271
1.6066707443120638
1.6116520525205158
1.5830724699500385
1.512634891106537
1.4311498891356942
1.3749333657506186
1.363580039248738
1.3407673868412746
1.3466153864440338
1.325301441972937
1.2774945656987244
1.3796070027709402
1.3862696119256137
1.4224187995407684
1.469903690352122
1.5031910134823274
1.4928530102231636
1.4756164108375602
1.5025473479528602
1.4361786636338743
1.4561915330429758
1.4212941321139612
1.4650609665769292
1.4054882983957253
1.452293630834134
1.4686985251377158
1.5041009976560944
1.4945147744926863
1.4611621279069464
1.486120214182816
1.5310582454444073
1.5196208768024848
1.5125671167660613
1.4929156577399458
1.4671431075231411
1.4446592491505985
1.3697610526560107
1.3816640919774215
1.4582466760246027
1.3813598206000024
1.3911134721770422
1.4163848992314818
1.4903073481151003
1.4568086562418125
1.4741163557305401
1.4616932049584366
1.429180103178323
1.4346350963003942
1.4411550003646278
1.389667995520466
1.3076001850160042
1.3718227578056508
1.3746239662858857
1.3451400764660295
1.330239271178118
1.2766474996104944
1.3558436894969388
1.395249306970082
1.3784730501099078
1.3300909545813064
1.256892802964518
1.1528343301007675
1.0876305843779734
1.0009850713551065
1.00049949915839
0.9750835870899552
1.0658826609934318
1.109563350845317
1.1559235424836443
1.2397269145799756
1.2701003224812168
1.2458760683430805
1.3252979142458394
1.3164972688879468
1.3987083815480543
1.395937385258664
1.421688236513672
1.3736958548143665
1.2983036223331865
1.3640943929407718
1.419047796901254
1.3763672597614076
1.3923984796773932
1.3062836137908778
1.2923865534597239
1.3925939546177297
1.4569732227430776
1.4357427065527122
1.5123325368273433
1.521312625979551
1.5362938174818885
1.5249801704737282
1.4810160258653498
1.4209842422393149
1.3469603612443581
1.371427081303484
1.3460601057546415
1.2196564193695942
1.1935844624367216
1.2425028537555585
1.2138209031335834
1.2672262863789105
1.2320294030955554
1.2717527986034063
1.2408483297107378
1.2960539038578622
1.289454507645708
1.4250483313361315
1.4982734415700536
1.6151127513877594
1.6578505459256467
1.6113917306835317
1.5782565211828106
1.5341180692963257
1.5022753603716028
1.4390542317049613
1.4316173841871742
1.3903451544574974
1.3590590912981293
1.4065133167768176
1.441073132895359
1.485285714456841
1.4760222824864513
1.4812612374270202
1.477103727459645
1.4833941058437452
1.4661120866757846
1.5213496115219294
1.4873643050134695
1.4140564970787222
1.4725490925309686
1.42494766552549
1.3728156742763167
1.3619162298229706
1.4628007773542122
1.481260507613269
1.4548206820969958
1.5283272330282198
1.4901126186698093
1.5403714424749322
1.5377018643913039
1.475688765437009
1.4979177577501384
1.5271353102317278
1.4415487065988086
1.4609987090148482
1.4594925295584775
1.4547117199011137
1.4403440290510525
1.4914756802072588
1.4614593593032041
1.4711057490687478
1.5318159401938716
1.521469812726034
1.4708884318468285
1.482808324343705
1.5175185069502797
1.4550587141509317
1.3416024740793149
1.3841484831787108
1.4248323673247056
1.3885567519708035
1.3348821753250826
1.1488367238431507
1.0761240704925699
0.9858313933238414
0.9902419203693964
0.9670395577110922
1.048800398919209
1.1719005138361593
1.2834451561608053
1.4078647983631458
1.4993722036024715
1.5296427153372294
1.5578669552238984
1.540548349185194
1.4972818448683467
1.412677342222545
1.402111723911791
1.3724660378390001
1.3965527504044344
1.4233505394478931
1.4641801658024838
1.514478910808153
1.4748308132998493
1.5098890087660792
1.5153242454587763
1.4838865053783155
1.5307562305742939
1.4393108500389866
1.4252512181795733
1.468439073066325
1.4519455654479907
1.484100173289506
1.442820875721773
1.4654106634061872
1.4613875147643742
1.477356738551121
1.45809095424388
1.5254389088437563
1.4967962682170568
1.4513566656061068
1.5155790294928773
1.5331984360824447
1.491154870075065
1.496940238710755
1.4772374681127394
1.4781845272134086
1.45553243001623
1.450198653044144
1.3702967877018293
1.2903817455752822
1.2796782912957054
1.2397057758970902
1.3198148700001655
1.3248343216357394
1.4376866018240322
1.5229574404785262
1.564766112901818
1.6104379466870964
1.5808517498264132
1.636532116284015
1.623020479128308
1.4763737350740964
1.4333691479843553
1.3864648795347205
1.3986029888114901
1.3987312211869811
1.3429942426471755
1.3729170623047495
1.4632290815705375
1.4839876163576649
1.5091267322584212
1.4996606022976575
1.5063051198389281
1.5183485285271272
1.5173923395837476
1.4834682156338972
1.4991179333709215
1.4833017498085104
1.4200352506652407
1.4144758130946002
1.4698096975257766
1.4238086763292455
1.438152187685303
1.499576764655756
1.4184246729958203
1.528558271807876
1.5157156342254632
1.525622853736897
1.5359852678207084
1.5011001621678104
1.489828644693827
1.5201286441214272
1.4489635073964635
1.4204532610925824
1.4127241498579273
1.370786945809111
1.2882721222040039
1.3145835345888728
1.2668792880210897
1.327673783981646
1.3662013457069426
1.4220004711556402
1.47301527662837
1.5601843000312763
1.6209270890577139
1.6716407346037983
1.6074160780414442
1.6341376810558432
1.5847500956583667
1.5335289050550052
1.4512802082296807
1.4207203944981044
1.439642709494845
1.4542539579421756
1.447903095002856
1.4661979842585748
1.5052764798783786
1.5222733726601616
1.5058503073071738
1.5385442711238022
1.5473322691737825
1.5261246035463867
1.5342686474536131
1.4938743534018306
1.492377651367117
1.452765900884667
1.4376039917304868
1.4471935508396196
1.4330942375036546
1.4407440389000907
1.4600216647940676
1.4840660033769344
1.5171489669467175
1.534492158500012
1.5343888879103267
1.5309908011564346
1.5459658484608474
1.4998078472666405
1.5367654809281475
1.511190601884421
1.5000060223855995
1.4536727928088764
1.4749840992246375
1.4296039681889108
1.468841971821676
1.4453300877597235
1.5280854282599066
1.5048845836106297
1.5012082508337499
1.5252852573070905
1.5381349946191714
1.4518529367169526
1.5131541443501493
1.512198235285702
1.3905926001191031
1.4758491355396197
1.474373924601246
1.3747555169534957
1.3877794136897668
1.3193755860135719
1.301239259818596
1.2462668727172
1.3302416792556944
1.3960207428958384
1.478068999307464
1.5450075713026226
1.6250231924937009
1.6763362926578855
1.6942354725376247
1.706319781299677
1.618431156062375
1.5999560173318585
1.4894665642910985
1.4856868800056937
1.4830270216238273
1.4474810642901668
1.4571745161392127
1.4905124475976013
1.5013038007034185
1.5047258037816957
1.5232332899664356
1.4951714624908998
1.4782270713449606
1.5123579444225146
1.461735083532681
1.4897375102074537
1.495354824637088
1.4697166319842088
1.40232094180952
1.394207901212626
1.423498854020043
1.3763848490698607
1.4154262608346426
1.4459810051308493
1.389602212841375
1.4033625201865012
1.4218264341159708
1.51643603942997
1.5132786912755745
1.4737170992329058
1.507650863604731
1.4591975529269694
1.4593374297964123
1.4498613266850804
1.4439439174453654
1.4465102766418219
1.446062361815231
1.4985233126469046
1.487428925436423
1.5540928437827874
1.528430714518235
1.584167304524176
1.5361677824108277
1.5383170186807738
1.5610669058655562
1.5097238731310971
1.4935840591204437
1.4617846797462866
1.4505042306598523
1.3550552244216383
1.4669969646480832
1.3423623299514922
1.3252467130831513
1.2889760490209772
1.2521777944679946
1.2910293262404744
1.3554695911057797
1.4551629522330558
1.5359112745627623
1.5573790178450608
1.566099898292275
1.5998350463740425
1.5357240643365282
1.5087027007004863
1.4736956358134656
1.3597530897202
1.3298280305153272
1.3199173656405534
1.335252330799251
1.3456557772559552
1.373364387482342
1.410451108546491
1.343284349743929
1.365506853166162
1.3899523854929492
1.3980253530143931
1.4511065508886292
1.4665291908652172
1.405191165464337
1.3748008266313787
1.3764126326431245
1.2861303239557456
1.271283344516352
1.3411008299990046
1.2944277455312763
1.2929925647385292
1.3297572194018175
1.3380504198606502
1.3949519173100904
1.36871454347494
1.3866903907375687
1.3160706697002342
1.3633673117418528
1.311156847255268
1.329680500274597
1.4107347776677595
1.3991522778917602
1.4588769564058988
1.408135640672191
1.359095186620346
1.3198838577217027
1.3276809417421398
1.3520559865865212
1.3622343379492197
1.4229687347436566
1.3843741206532576
1.4768173206395614
1.5462186015633943
1.4395161333854842
1.5318725576309353
1.474560959406101
1.4416026383855163
1.311140123984196
1.1803709921261694
1.2308888525135133
1.2331406214944842
1.22229025606296
1.3089967642639653
1.2984002047643919
1.3227062168480916
1.346972436868179
1.3050276106392473
1.366595382454856
1.3810058097175004
1.360307901278104
1.288924882691478
1.22351160679229
1.203701345703748
1.1903384096818825
1.226603218361718
1.1530319101909001
1.2532967248385314
1.2834648483877056
1.2135265101332227
1.2900629940277752
1.252638419253856
1.3021693485879497
1.2794710552094424
1.2591445034412425
1.3188479313838952
1.284234319495826
1.3521249641456727
1.374434259955788
1.3621812839420386
1.300113183019667
1.3310765373972335
1.2750362515444131
1.2410406557057265
1.2513744956898543
1.2845790085820261
1.3276320379730309
1.3665593465182702
1.5045059306549513
1.5430395230152367
1.628688601950089
1.675438691411434
1.5827769745520794
1.6493092008082408
1.5962496142552538
1.5467291057922699
1.467233578072357
1.4340157976854289
1.41061528180653
1.483531856303909
1.449391020729816
1.477428570002307
1.4577180372804577
1.4919534065595272
1.5392829254478142
1.5249463903881233
1.5268605574025276
1.4920397280515403
1.5492862696744834
1.5043814193708065
1.495201872536904
1.493810837914586
1.4671855782537973
1.4461919323656702
1.4788761237188703
1.4430570910902265
1.482548656115543
1.5122112924300797
1.516379582575712
1.5272429076368417
1.5265790757409212
1.5225870640132506
1.52234186966419
1.515260383053963
1.428640574835538
1.4864532298112132
1.45579995003187
1.441982915385166
1.3856550492237363
1.4404003698149714
1.4127388174962534
1.487763102748765
1.4701055734031256
1.5168402232866336
1.464217242460459
1.5163970977587402
1.5059435751492694
1.5080139216215607
1.4564338700226906
1.4892705037118186
1.4534548738053163
1.4764753593392055
1.4450107124092744
1.4328465721528405
1.4172175924171586
1.3473207577739357
1.3184092278288702
1.3168592114479067
1.3686008751403456
1.3585919064721679
1.4780158071688305
1.5205936389497041
1.5209295398282723
1.6063979324386752
1.5802405087739266
1.6404835409224818
1.6397728797107483
1.602957858813577
1.5061950187445117
1.4726327951280853
1.4282427444858996
1.3781521485439645
1.4175397901572675
1.4441024643396623
1.4583093829742066
1.480962014963585
1.483089040509381
1.456403426166857
1.4968120090049766
1.5078881730135492
1.4773574173112245
1.4763135680617225
1.4502726509749555
1.4473648443131393
1.4003874859683656
1.3786859308276462
1.348520532656915
1.41044724536919
1.4395110259547204
1.4670387989736355
1.4704997121719499
1.4972911862828093
1.4943102586102819
1.4371282147370923
1.4393193402466633
1.454830370511936
1.4053648165505137
1.4261888891319503
1.4463187617315696
1.4661706023020222
1.4405350979638354
1.37817128223447
1.3368775154533115
1.280299844690379
1.208229554940536
1.2912790404813455
1.35844167688986
1.3922298585920996
1.4827540511667743
1.5401567773070752
1.6303017803433224
1.6779216077765307
1.67950848706427
1.663444540939888
1.5938164247857223
1.491547306888267
1.4192194739215314
1.4392825700067604
1.4613899880458956
1.45008227490981
1.449832521257827
1.461010747060599
1.4174268800754968
1.463473920740926
1.5298740701856597
1.5393552068737506
1.5322798876510575
1.4940570969005773
1.4985440742349794
1.488120285786277
1.3721157229204044
1.4604898348508903
1.4399680041967446
1.4335202647881602
1.4370469330867166
1.4128185530089143
1.4427080433255326
1.4565821673308545
1.485625644357449
1.4235929577672406
1.4914838068423513
1.4753627066778854
1.4991487729026014
1.4133003626439349
1.4295506909919973
1.430431663514766
1.340342994650607
1.3904576576120489
1.3621710350881755
1.3155656746807383
1.3736920838039246
1.3989989071542641
1.4384987635070894
1.5007856292014556
1.5472791360345142
1.5213773477815615
1.5420074516141489
1.5073832315583287
1.5050887153598944
1.5260562094435843
1.446818297333988
1.4230631958122324
1.3878493667150478
1.4657338765242693
1.4539726551291636
1.4725452832027528
1.485120651234115
1.5083734666254327
1.4859508915855009
1.5351965201519662
1.4878226968073904
1.5305855445062253
1.5458710137119391
1.542778779972889
1.472995471648251
1.467533079203083
1.4611658959808664
1.4732547059329726
1.4460639664795842
1.400810532042338
1.4463140175676843
1.3852714902416003
1.3287042606628747
1.4512555984364395
1.5159472562170782
1.5287348053217231
1.5318636562247334
1.5109440592416916
1.5074642879460856
1.5074953205364596
1.4774332949537752
1.4846435741567552
1.4507797613221818
1.4181553297004512
1.4121813846871223
1.4583952157271043
1.3718986005799463
1.3062921206204783
1.308393420513775
1.3516965848222673
1.3516546015960864
1.4141339769709467
1.401784312426974
1.3724252090309677
1.4469204148693011
1.501518186280997
1.5366579963098106
1.5364117572253715
1.4802965051034058
1.3567799448931492
1.2679349420648196
1.2717161193543143
1.3369232416342216
1.347215903441615
1.382344709037927
1.3988081002103743
1.393169132020162
1.3676204471993245
1.4073548661246034
1.4149990828622754
1.4036148061640796
1.371749487412855
1.3775306009459785
1.3899517796044842
1.3419446979836673
1.3289672588626593
1.3658437871257159
1.3384157040846356
1.3242305546175988
1.264586013789976
1.2855640064162586
1.3152072082385127
1.3862334083931227
1.3936149019168662
1.3640365849502436
1.4576683949576519
1.4949505846728284
1.5878447017255457
1.525727473144453
1.4996117776108502
1.4172915627168468
1.3553415916135816
1.3029509746687276
1.336489453178626
1.3269736317262335
1.3675606372196885
1.377001184854801
1.3630435588013028
1.347227670253095
1.3920415612771282
1.382112665759882
1.4141543912563392
1.3932308129564928
1.3857284366706333
1.3759871709504137
1.3512005929448712
1.318945142185227
1.2962052853085277
1.3002092521557431
1.310487205636364
1.3457498501938545
1.3291825442278309
1.346920091125745
1.3351123557243718
1.361361723437439
1.3441858110365175
1.3302309737996842
1.3423382587688097
1.317795399881894
1.3388287099512768
1.3020604236495108
1.2821803359091724
1.317390520841725
1.2801949668835781
1.3405968142502496
1.3369475337749426
1.39521733772498
1.4343460181499166
1.456669565672902
1.4394384200332373
1.4719739322218377
1.4903666082089833
1.4791951279015387
1.4687337019793194
1.4690546626807304
1.416459183799874
1.3929877023576072
1.3909234936604349
1.3852905714363266
1.4028644650374842
1.3334036922256316
1.25312417135344
1.2839911354064728
1.2442045211913833
1.3128694625198347
1.3776302636475715
1.4559570523144014
1.530898317453374
1.5546406594236877
1.6453278757558736
1.6480425274150667
1.5981285412584811
1.5836851887978474
1.5556706143837027
1.42294889001272
1.4127907175683987
1.4171434601246444
1.4601275736733277
1.425886376417534
1.3790533688643234
1.2982133780949354
1.2435573016476815
1.2197450026475807
1.2020585658847591
1.2157295212114416
1.132188137526158
1.0558558088466703
1.070505379505642
1.0915548644888642
1.2033465864262884
1.2605989440984098
1.2924103162282983
1.2684774637983947
1.3240427914572277
1.3436559754938895
1.370180844030832
1.3977119728321445
1.4221212395268816
1.4253874876053856
1.398616731582842
1.4156419449577495
1.4190983035624258
1.3989909229047384
1.3767554179410681
1.4040165827687614
1.3599610349713225
1.3515620424685446
1.3577166819635351
1.4214258157317246
1.4581310307230027
1.4524724039362693
1.5251053452955445
1.4661526880173086
1.5237079146024142
1.5033609196610638
1.4615217875471658
1.4742133492531473
1.4295301822652358
1.4049728198263907
1.3937874644199024
1.3871771151821617
1.3691984599365172
1.3838569076590506
1.3988282063560076
1.4588950216647572
1.4616925536508012
1.479343836004412
1.540295575920457
1.5632022403687507
1.5703575289426834
1.5722477428455215
1.509766106766192
1.527476291346594
1.511127739076698
1.4611657086135579
1.4591283539201805
1.3996009953979707
1.42728832950381
1.4180540204307641
1.4375363148017863
1.442958338478658
1.4916945259584025
1.5260139360523624
1.4817276674681663
1.5398409476073618
1.537356842952994
1.5220003515555771
1.4855131510932653
1.5004969581043182
1.4670378818357162
1.4384163451313794
1.3732466469691045
1.433229088035601
1.4661017077747145
1.3793983534673913
1.3670634349044044
1.2996314823357793
1.2877796486912982
1.3555688790703369
1.3740682435910347
1.407180411917204
1.5177052718385071
1.586278195701842
1.6652752498430194
1.6759593065835754
1.684867409281365
1.6338254897272873
1.6000506957946259
1.4953464041701323
1.4461993142678502
1.435491100133925
1.4597671448123277
1.4824408178058865
1.5059800650926605
1.5129664844223325
1.5183550142431899
1.512365566901648
1.501446665778772
1.5139162183452899
1.5261793388730385
1.5231216697911918
1.5014472241048111
1.503387208115089
1.4206054721813177
1.4531665152587852
1.4377068459964013
1.4305354881201438
1.4419281822564955
1.4640102946595532
1.4057516979646771
1.4811738964691687
1.4882131760705568
1.5197589464420185
1.5551701917225644
1.5492053099356295
1.4825361323963886
1.5201597651048409
1.451215354070449
1.4757800785430646
1.4677546719870684
1.44190574708158
1.4610524217862098
1.4028120383627092
1.5088047332816081
1.5236341465291217
1.5284810217886509
1.5463897277554244
1.5792677289369854
1.546956387131724
1.5089874135040078
1.5354475668489025
1.5126666633652774
1.3991689832085243
1.4342042181164194
1.453341425255436
1.4162934648344823
1.422012156890575
1.3673922356038284
1.303841712024842
1.312928816402014
1.2749445262709336
1.3441994646314106
1.4118690610196085
1.4577382523410418
1.5708519288561724
1.6127617301845332
1.674358709344678
1.6771039939410173
1.682330560959012
1.6574950628605811
1.5908419967881853
1.4950079050892107
1.4795745317843858
1.3950761796199749
1.4848040766359412
1.472767724448236
1.4821878382741838
1.5246650954045253
1.5277577728448992
1.5555467073367186
1.5169695374361498
1.5324613034193522
1.4843134395142
1.4337476669876912
1.4891997841999864
1.4302827505210738
1.4438605403082807
1.4281592558736975
1.4461324358341971
1.3847477162220077
1.4477753735670256
1.4972016604432623
1.5112380595583863
1.4994587134792625
1.513555370986495
1.4955819607082736
1.5380641173726337
1.546766704635056
1.5134135959038468
1.4983221237003863
1.477237088086374
1.4359259961955535
1.4219342204225347
1.4585188831626228
1.3567069376284968
1.3370791944419835
1.2950631878015992
1.304607032431238
1.3770114738452577
1.4129523239237511
1.4686586831273367
1.5461863224112222
1.6009250538227064
1.6455444903452605
1.6485504920368994
1.6532755002469874
1.6329486177777173
1.5932141676168015
1.5210363876270594
1.471465754302067
1.4293632715680236
1.4657686096495832
1.4907349197358035
1.4262877562936458
1.503137684329309
1.5328060152563026
1.5146450819018114
1.5557432366021147
1.5300354125783577
1.548855667783876
1.5405094052743156
1.4678278156493745
1.523463554131873
1.492849178516391
1.4712462971975198
1.4725594482892403
1.4435346530607387
1.4976301038645385
1.4895521700227548
1.526511012202464
1.5499503259820409
1.5395035708504492
1.5708923382685476
1.5584111344161544
1.547356415029145
1.5102862828700248
1.5101592848327154
1.5000486033869538
1.48135636351509
1.4639071132848855
1.4660104699318077
1.4365809077681524
1.4583572712313793
1.4513577128610649
1.4994046895126303
1.5052124929197834
1.5303870701903213
1.5078242774164392
1.5456374639566346
1.51052628774828
1.4869650431214065
1.4698794151043502
1.4691854910552604
1.3908982124157612
1.4198865437821906
1.4634381149244795
1.4427060106227183
1.4349988153891946
1.4715521845385842
1.4529293113359514
1.5237785984282681
1.4766127880067716
1.5275005384965368
1.5424622270366166
1.5205189329608686
1.5077740402481354
1.4117340838926373
1.39415953682608
1.4137641474563327
1.3867510654580217
1.3912171811508
1.3235199455657514
1.3214248484359594
1.3746115528232326
1.3882051647771865
1.4071404739427507
1.4847560391049837
1.538358467634977
1.5239828541800025
1.5185115234214754
1.4942768986604023
1.5174336113476918
1.4843659003393774
1.4893402032081204
1.4246898265044399
1.4507164963439108
1.3276519895818786
1.3213981297117992
1.4266194598060344
1.4316008138542429
1.4455544024206306
1.5080425802983544
1.531360417232874
1.4741897090479852
1.5624789381105995
1.5373584558442779
1.5370551504944427
1.4695782274511748
1.5059051451694003
1.4783542954186504
1.432161603916087
1.3290455529602687
1.2255722277575478
1.3285766276493112
1.30413751313671
1.1891063823342385
1.2339420892003374
1.2506156633805137
1.2757989680340562
1.273848675656128
1.314152910623624
1.4415258101989432
1.477015188925094
1.528314319326731
1.6039839917732648
1.5996335349248059
1.566226667395883
1.5171581105892156
1.4086511934059347
1.3627978486677472
1.3952825675275893
1.3828385606781302
1.399662084580804
1.3934427919839467
1.4006152869474164
1.405514831161213
1.4397544502545867
1.4189258165927074
1.4540428049337293
1.3912015947101468
1.3609863531431505
1.358540037365239
1.3614172327534018
1.3305293688883488
1.3374455206109033
1.2970849338001882
1.3008809212876786
1.3016118156323975
1.3382171489637813
1.3369565938295984
1.3150135775626952
1.3175999422870392
1.3007639244839213
1.3187311429663202
1.2607043217951486
1.2430590323969097
1.1635379303320914
1.1265141258869462
1.1544300830209386
1.1511625659350366
1.1321666160083748
1.1002541244151154
1.0727369520414716
1.0988328733130925
1.1724290811432132
1.1975546747701893
1.232025129086225
1.1882596156446712
1.121403634986961
1.1249291586945538
1.126951103266384
1.0873906270808331
1.024886010927119
0.9971817084976533
1.011657921545773
1.016044858981802
0.9521507626710609
0.9522211558971883
0.8467261305996682
0.8245457947493552
0.8640196079239786
0.8992268462357796
0.9309826065038362
0.9485202419787165
1.080909027870598
1.0765408871568969
1.052228052218565
1.0734264129268
1.1117484525425545
1.1100686091349576
1.016769535720443
0.911778043422296
0.8408209357009865
0.8092586283458921
0.8715330065456608
0.8686461300813048
0.8390204073335822
0.8552714950598335
0.9172862787787391
0.9123050923063113
0.891167588268776
0.9655617245721193
0.9425139407579418
0.9198593639430983
0.9239950528211385
0.8829724382766595
0.8806572382832071
0.8268259359995355
0.8475755627919983
0.9900447214923754
0.9853041220310675
0.9333844602094566
0.9245792651301001
0.9238591071897972
0.9501224767298082
0.9641250326405668
0.990188561171153
0.9461063081446148
0.900652896333695
0.9021388471397068
0.9677334939076521
0.9008682108842848
0.8323893202556615
0.8975996551569179
0.9045950264553464
0.8478257245862392
0.7894516738987329
0.7450911362358451
0.8922456444594604
1.0517084299434518
1.099065508295056
1.0845207109292192
1.1316815987608093
1.153421079116437
1.176017705466155
1.1236521103214034
1.1363111508434183
1.0389846658216566
0.935148974204224
0.8381702349818323
0.7995491270263722
0.8404911965305277
0.9152232747279205
0.9036572301520616
0.9067864649362357
0.9060267763618515
0.9363530994011765
0.9859453041984979
0.975556853991294
0.9819443317426375
0.9620468850586414
0.8876893741206844
0.8719667790187344
0.8656669519040413
0.8930409150363774
0.9277084620988445
0.9278200955267184
0.8619803051864061
0.8979345409987882
0.8203151750162909
0.9115810693755955
0.9022160389940841
0.9078584589129886
0.8948813902226367
0.8968105323638851
0.9060396499242671
0.9226444082487084
0.8992509463986228
0.8833094676026763
0.8641010600579466
0.8191841456526874
0.8376838548046738
0.7794575696214912
0.7670886863379558
0.7024555864981346
0.7347577851142099
0.7392273753548738
0.834080940291261
0.9205754738656328
1.017534721777489
1.06070891600583
1.0185862643380341
1.0677473195158675
1.054420473162339
0.9968723496706179
0.8999923657151665
0.8347515393154601
0.8583903883134971
0.8793404148728359
0.8983051894925418
0.9053784280387804
0.9680735207552638
0.9421625021440294
0.9774327623699852
0.9239762631114254
0.9403013097265928
0.9311288819730725
0.9331906195700304
