1.833319354716005
1.6321856587329218
1.327739511727892
1.0891561946543684
0.8465107637033832
0.6359223368631751
0.3888062522554982
0.10325464962374406
-0.13949488284549377
-0.4245096063077633
-0.9383380175460991
-0.9091106463176979
-0.856888491058297
-0.4574542110569437
-0.413416225810053
-0.16513377969117055
0.22553899381732173
0.6831268586344803
1.2846872691303268
1.3731049974298708
0.9280294740446156
0.6359767373180935
0.9845176343988727
0.7036493829451481
0.026116743503796603
-0.18971514900091405
-0.1263973488031896
0.1821410826666733
0.7358338898511128
1.3060337602534684
1.5905204799973665
1.0734325829160958
0.7856290583935753
0.7422663143582777
0.7649090338496999
1.3683090085343284
1.5137353624867467
1.560724530745125
1.4176395802115458
1.3607049369416635
1.546236887316812
1.6674073507781846
1.7681441035792507
1.763205114026818
1.674355226216773
2.0106004392557684
2.061015902453758
2.579010165403804
2.882621028076099
2.8249646296455397
2.6864188140363217
2.900934602167459
3.079848320148439
3.587775368833141
3.9333874194281107
3.837957782662811
3.457411270113495
3.692545300306503
3.9844868759072716
4.006295193620737
3.994463827242906
4.098642306683983
4.596844859177807
4.989654147812767
5.250525263870021
5.2453076936917125
5.7758724880821575
6.079292413098985
5.83859111755166
5.721065490649478
5.721773244776582
5.80528559692665
5.803168463888399
5.649185572362883
5.803593697823098
5.721285455913555
5.480768705140494
5.701834934959668
5.630500518798785
5.237459025234176
4.7399333953395075
4.384528204260039
4.220748214770218
4.589067951372112
5.2341192692415435
5.326518831893333
5.416763842318245
5.189664197423876
5.183135524756181
5.634099466961477
5.690717588120311
5.694749538469075
5.6694542981657605
5.768680898148593
6.035282272106565
6.396976708832691
6.2154958926343555
6.290002860829948
6.116597066219927
5.8539705286514625
5.995378891080218
6.055154208625508
6.014249244113473
5.92458598193822
6.212584007404709
6.233867985592591
5.903315571000758
5.99233202089209
5.93399590469865
6.436608451214655
6.496034191823531
6.598120454333639
6.440765372009686
6.199375497466682
6.378156074770407
6.2596154479726405
6.373404954636845
6.099980432317597
6.513210147642207
6.4387011834115215
6.467282286639775
6.576195401250897
6.515798980996126
6.463890661507608
6.385378454245512
6.413365238070641
6.483227942782136
6.521164556187257
6.412194058098973
6.250306605081008
6.468401804967615
6.481331304009965
6.737225669337841
6.611954429629972
6.562911232300758
6.597269959338789
6.429614760914783
6.368170554029021
6.332515474831946
6.470738637883502
6.663875752617608
6.509087836832632
6.401369177971435
6.052547978304628
6.25502774491761
6.416022344105082
6.483354462292283
6.586770372510328
6.7491026351480174
6.660742037468012
6.578367501282864
6.38646816775822
6.5409207223926416
6.1234908265977905
6.097636923751985
6.171130551623035
6.3059288049723365
5.948033020272044
5.537071520402741
5.729236277228521
5.74908818318603
5.65164591848603
5.7857684039249175
5.553165951371559
5.888477092750859
5.924630507383405
5.984232352286021
6.042308135024854
6.008848693725058
6.099339708113527
6.085497720020161
5.79088255205111
5.910095863229584
6.119892921641078
6.237517610740632
6.292154586182178
6.009417496245575
5.803096763142518
5.966509256019753
6.012080696214357
5.634819032407936
5.784551502043586
5.603797556020756
5.580696537006604
5.728646618470888
6.108202767870166
5.989845396011735
5.8440566929736235
6.014296344815982
5.96046777373342
5.972565449084897
5.897540937551275
6.2796324560797485
6.614741214495254
6.700319436746
6.357049288612986
6.359729348269243
6.113567135680464
5.980239609301447
6.108795924725105
6.485693691513916
6.49252632508518
6.504946912300556
6.265225102546895
6.68026298651364
6.500396871481103
6.631951135397071
6.563550502131139
6.64379304909329
6.573512579648356
6.743616040266477
6.734991965684303
6.686151011066398
6.640077126766421
6.610621928043242
6.494935452778805
6.538668855419628
6.385413087581005
6.259505537655963
6.332314312347448
6.445751467376669
6.319591914585389
6.341064271179984
6.688389279383489
6.42544775161686
6.402707321141425
6.7280937463545545
6.567734268648874
6.304878080847908
6.524709033561342
6.5470493837428965
6.4286063638368205
6.504206688785909
6.644144540536898
6.60832724693031
6.339310622714787
6.7377264214265535
6.532898690523188
6.5114268105299615
6.236165177384634
6.519634188457215
6.753146664874533
6.701844373222739
6.697255829920778
6.5619426214873116
6.698741484072284
6.680498317132923
6.576497116305996
6.551458555155378
6.535606624053548
6.561297755462924
6.530364035496912
6.3780108915415425
6.479869210871215
6.376684664652641
6.283515927775567
6.287470442812885
6.418116664044843
6.290973205727385
6.437484976837318
6.343825169390653
6.3632472187288025
6.621692014998816
6.683723825159554
6.637406167445306
6.300893972883481
6.54848936565463
6.621044299349433
6.37197506578335
6.260686747344726
6.088359382060505
6.139435280518687
5.910459940308508
5.866371237171667
5.910116888300756
5.751199489196441
5.327569564193423
5.3829775199520125
5.192189382884881
5.517575886754737
5.500748376914662
5.7413614261575905
5.8427047647126376
5.785177621441193
6.165320470792129
6.109405067679576
5.980792082723631
5.833263270447837
5.914961438121832
5.947762447908862
6.007058161432058
6.099088349087367
6.130289633183805
6.064807372541125
5.895278597955219
6.2219870288948425
6.337184610304878
6.2224512350514045
5.911321209975453
6.18480137434023
6.237483930338534
6.552438723030306
6.492283717161358
6.4687822850122645
6.605692406050058
6.459848666800357
6.354263035186089
6.41608203756209
6.480870056195501
6.740573775697186
6.5323382856663175
6.3653614695666745
6.5343360691832615
6.4702221120438805
6.414691919857084
6.099375135049015
6.373951658556014
6.7709635312519225
6.499271721325096
6.191810698592515
6.335245243535944
6.290833924592941
6.308686306028754
6.347157723707262
6.5040880625981075
6.426284328363634
6.545041123078145
6.442330687991317
6.38292552614513
6.4343293153717145
6.502205727897115
6.2521582632690835
6.236485352940699
6.367353126072013
6.4006107924113795
6.5009062741074075
6.228886763441745
6.266019859497125
6.54262576826747
6.6211187121182435
6.525510567984313
6.445520460455557
6.364031666651626
6.101121326815422
6.136199759594646
6.174744460451814
6.101258284787427
5.530654174808471
5.524617882871328
5.581888672289695
5.781509643969207
5.776022419829289
5.606079997756313
6.064315161525977
6.371325788793763
6.345180890486334
6.4358224847649765
6.6015597795321295
6.450641550640209
6.301466571511289
6.362867862623378
6.425741856758732
6.492123029476036
6.608828020588471
6.3402788796270375
6.230195349983352
6.682331416846017
6.779297132847131
6.47905363875134
6.335863463364108
6.158312480005852
6.6284630279940355
6.5948399925449195
6.572220550679693
6.264530180239395
6.518267215632386
6.370023682780666
6.335259084300408
6.177264704269987
5.873752713290244
6.125502569718067
6.4624923230221984
6.543359875478641
6.324120889691907
6.492564760126133
6.472347787828605
6.508869369354718
6.600816812905903
6.697043629951645
6.652440486450617
6.5265502210442765
6.297266497518982
6.485107229326874
6.314798177726884
6.0375510773900825
6.240154014859952
6.403634048001993
6.237274728395005
5.999203842377311
6.36355784867622
6.1846744579197095
6.438850300260694
6.391736321207097
6.148424085159962
5.996132650659798
6.18395249247984
6.180073465493382
5.954517104673422
5.864007257029929
5.8383641276079725
5.917857007041588
6.1246642032353495
6.06694401916459
6.194516401131079
6.321055195636893
6.43121855384002
6.1690038648453545
6.214074743525883
5.972237439430705
5.840450486406263
6.024118561398511
6.148608588479741
6.023754729659887
6.179012123503179
6.135008725297355
6.3454530301048875
6.416917712735656
6.298855290138316
6.242027914903403
6.383082007172213
6.220630361456264
6.406275980829382
6.748975719874946
6.664187043593064
6.612846952445556
6.65100512222989
6.645926373189778
6.395824253160405
6.615050894381722
6.678849005893502
6.34315954999383
6.627298843556315
6.499023781701341
6.470051768348793
6.66690161119581
6.4838686118431905
6.067258337764922
6.546164949575251
6.693993056370277
6.647765761142013
6.431623585418583
6.5839647982515475
6.363342275261007
6.269514238037123
6.432924924871098
6.52976694320876
6.517434652950653
6.209733672472422
6.427745812001035
6.163172048009147
6.035742057614549
5.966489833741962
6.144743247244124
6.01308040737227
5.999031937567857
6.221135414405593
6.228818139180735
6.278874810881857
6.278314074062283
6.337606812152927
6.067336799846214
5.85488141058961
6.063769936001798
6.238132653752528
6.333161854944642
6.408937176394224
6.303913060142094
6.019820208635453
6.068180561449127
6.196199465564943
6.072481107350968
5.902402499968363
5.894759648153473
5.954232173292939
5.882746179243826
5.791506914469559
5.568144855415946
5.535848202295414
5.757538749335029
5.89921826944594
4.715202610647081
4.755389377482925
4.789769090987539
4.553336524438231
4.895071554299764
5.121692158020267
4.870004613109775
4.497485893704676
3.8846742837900203
3.5710764184097963
3.460412175101914
3.390845858413944
2.922775548285092
2.8843994619125732
2.369178582670739
1.8865327339038074
1.8716359092570864
1.8951894147685202
2.2543209083858575
3.0446528715641272
3.573866499187793
3.7676418972752588
3.5448820247963106
3.4571118596369943
3.60457020445101
3.7037792820363737
4.147988319096465
4.321461338605113
4.525124544478488
4.46530388170883
4.341050614950584
4.258332923942521
4.3071658656203535
4.238484206089467
4.347777155984019
4.415554612809513
4.6937411667134805
4.767109566902731
4.651502476412293
4.676941243760934
4.640811886343975
4.455133370407643
4.366225375676708
4.13977732849131
3.7968252568812177
3.538755904305892
3.593449366302211
3.3450857378385073
3.4739123178159526
3.692823922996537
3.80772629442275
3.694366325969695
3.911967213531477
4.0616282292923405
3.9774793433649895
3.722395245765055
3.4330177608697072
3.543066807526913
3.8560282766345066
3.9739790780879716
3.663708412147513
3.56390057850315
3.723571901677024
3.9945075389027935
3.954320234291315
4.168272896420784
3.9408441605914826
3.8818805274675636
4.0065910986980935
3.699342123450797
3.945957696761978
3.9477731722824294
3.9741749058021285
4.169498968826752
4.410466907642392
3.979078177673819
3.7842885498863614
3.509473220597902
3.4845028417928177
3.2034916086428518
3.227794678453042
3.244697849349245
3.1916979519908253
3.5511635878908194
3.8083728442523177
3.890821505361173
3.932206214390611
3.9323610035192096
3.846806266250387
3.930578898008471
4.079443038176312
4.1446383922164864
4.376644244586295
4.513360487543876
4.615691485819328
4.691884266860226
4.656000316562715
4.770076689520841
4.934696394178651
4.934865812338611
4.811990667812539
4.647728050844967
4.637274224305001
4.681468832839693
4.890617340609973
5.0120485406130735
5.0232366827305555
4.9684048856754135
4.726484511197738
5.077466126684205
5.209521213372928
5.268091008314414
5.142712311242957
4.913769039393722
4.611444487639279
4.416857550909065
4.720159532193043
4.642047853154359
4.832854404952622
5.071096994615743
4.7624310189925785
4.83571789417781
4.871915824068497
5.080366223696681
5.201696943189492
4.996626873223687
4.8514836093531155
4.991251796271518
5.197993756969136
5.229300225645668
5.146554992394302
5.010003127897935
4.816166875440827
4.971660954774184
5.0098697510296475
5.268281009905704
5.337755168945359
5.392052209406244
5.337617115621278
5.219824426335075
5.097851576373681
5.232495300117113
5.3260478618697515
5.426194367551913
5.390292080251259
5.420764429322198
5.368840998074782
5.400036842152472
5.361353043840824
5.430302027901813
5.4547977955050175
5.448393379612005
5.445921710333636
5.492483594303607
5.453139379247185
5.445850497913411
5.468402716992669
5.510381990201793
5.445310822324844
5.488322785983482
5.510585769443262
5.457645293910805
5.491769231469791
5.415363791513508
5.5007781899376855
5.43398166772092
5.541857841144432
5.478686624364511
5.4637726728587825
5.439626803790477
5.501280677346468
5.386461656063221
5.371085027453111
5.533728408954272
5.497014018287611
5.485606343880409
5.501885035977094
5.518155698173091
5.5013003553485875
5.507625645328801
5.405107856897447
5.54026332492288
5.471902614243781
5.507664225641205
5.5067328007824985
5.513740049518746
5.422578975115263
5.5292787001128705
5.538062661280471
5.465583302529866
5.553188553773387
5.449166175863651
5.518057051373634
5.461651310658133
5.547169134016291
5.497914211896611
5.418870511774701
5.531522420268875
5.498674293946911
5.4161865820256265
5.546654509902007
5.516532003582453
5.485747091855076
5.546871393213266
5.528641629010901
5.526341546113565
5.511547334012951
5.526984558845735
5.549804847656866
5.5054856303609245
5.3931774143857805
5.448656073906518
5.534104792912876
5.513400908878515
5.5102032779868715
5.523743288304166
5.519899690948437
5.507340600307442
5.541949455148853
5.496977541056445
5.5600645764940895
5.49635917726452
5.50966065811223
5.550916720076799
5.515513587763323
5.480684229517421
5.572468580304585
5.470938996810302
5.521923853315478
5.43682614188936
5.490079101798713
5.53791353070619
5.493153652208958
5.529539418672009
5.504751997972112
5.523195771320024
5.4960591927686115
5.532923639505606
5.516430505883681
5.532714158042529
5.423434242279601
5.555240693753943
5.5233950619779595
5.490862027126445
5.520456541892093
5.4507608710235065
5.5388439604851225
5.546976810022819
5.481268362010829
5.513387974094143
5.5720692941767975
5.51750208447888
5.469799255721829
5.5714963765041245
5.5430210053717355
5.443384271749852
5.562175842484429
5.511412787291887
5.523736502041726
5.425335608028063
5.511430322839852
5.492666278596769
5.439806997753683
5.477500321667568
5.539914562215532
5.499450794315584
5.521515866344314
5.448547919012694
5.566644011515767
5.432777608292822
5.514255144725778
5.5362754161191745
5.483322189959786
5.539425457404742
5.510744521794041
5.537680283814457
5.530179336135804
5.5126549176517
5.536106988441657
5.523014873802559
5.495150445368372
5.535094067565375
5.512909162400488
5.516272252692336
5.538850221562749
5.519239843901884
5.502729817258181
5.539022937494788
5.520329127420957
5.540673377232279
5.501649114176527
5.535373515744975
5.47745387699879
5.538271577116603
5.437615103405955
5.564671423258501
5.544823803961357
5.470678464197495
5.546793469541358
5.50585188693839
5.48191874550865
5.523681710561202
5.450600289268193
5.532318412163343
5.503567641488951
5.502486490916823
5.533308797586469
5.402049086792113
5.4948750351305335
5.551064375611274
5.518481322663929
5.495805014703369
5.555930034159282
5.488454856488569
5.490378945011668
5.5363812514486
5.482309106196544
5.501342375540988
5.537107813011035
5.495300924056963
5.523558811106438
5.3754712866775005
5.5596673005761845
5.47748127590837
5.5057595947376505
5.495567304864693
5.545937661219983
5.484119684741925
5.560349080658824
5.519724203180595
5.507911928249546
5.537785665912798
5.488146303808063
5.549544401338021
5.3951452842677075
5.565268076411897
5.548940912087325
5.458937056060451
5.529692304753648
5.540799542740409
5.423414012344551
5.477159832213984
5.562662801345555
5.4476831970035065
5.481222819349155
5.529873222399752
5.538171062821028
5.498660985849928
5.509252582776254
5.531530209786821
5.525168594511261
5.47041743256967
5.5194652601659495
5.544062719017253
5.480449121613011
5.556870678529632
5.535133905370589
5.4540673653529
5.550281523483137
5.536557890643664
5.459348504217237
5.518436281843632
5.570224557712403
5.523596825356753
5.469502113108737
5.51648023825383
5.5497644008744045
5.464421815123943
5.545661176352656
5.546946317341055
5.460340043132384
5.543474245889388
5.479492706816439
5.520760489583219
5.534861760569506
5.518641443508449
5.464196361043624
5.532478851270831
5.409725199230104
5.522110246917342
5.517967405266684
5.47751073147406
5.518717665878862
5.467493822399416
5.505857526223451
5.453391296167777
5.499694829177041
5.473315889073565
5.491291194854031
5.527258709813692
5.378138408223615
5.5196969717692514
5.527080190675403
5.536342593015517
5.456953545726316
5.537456326744399
5.49709622062233
5.360030321510856
5.499287503282922
5.523480689468796
5.47286498378445
5.515802542312945
5.452924231508345
5.513928433513609
5.497470242071226
5.500151780343746
5.534617559420461
5.408776941973758
5.545366650825905
5.502785602301777
5.552297673861064
5.493095514874238
5.391121410280168
5.488437369993263
5.306207193483678
5.4783619700329735
5.52649342049863
5.501662460203906
5.521673494346443
5.519667207931702
5.503413060542549
5.481692219892913
5.5192176660757415
5.4614326016337476
5.389723945376178
5.524060924820344
5.396212165050122
5.4419693724669775
5.541261194955499
5.474112419050289
5.450149883236145
5.476212361638349
5.46581609186129
5.455320967753306
5.503908578552804
5.447738877122299
