1.833319354716005
1.7403546487761143
1.5142215093927243
1.2763357218354765
0.9663233329384979
0.7517350928611983
0.5816389856507425
0.3626443284103954
0.08593826579152981
0.23915444742403474
0.36437311497894154
0.2613221302204539
0.2560154126751016
0.47286441481332064
0.5564083837316252
0.6769998115593028
0.020981946295340483
0.19956324579390708
0.11890709894315088
0.10470928468093525
-0.028869513492836157
-0.04267722385435606
0.12137589002076563
0.042182186741746674
-0.29283922187631706
-0.4858162128208578
-0.5211692946992871
-0.8092272663103275
-1.0237403480082998
-1.137511083239724
-1.1179257677226488
-1.0775775043495337
-0.6504131277748659
-0.11075873499280112
0.37114697599562413
0.4788406672977298
0.49566082349902596
0.4262707347044515
0.5996289746842631
0.9956418845137918
1.4768997933980152
1.6544889844391892
1.7300079365193946
1.8932578941938432
1.7543833877032982
1.6778518588492788
1.9164711981308176
2.096697325026005
1.8314364646559596
1.2063798180452454
0.4031340588768096
-0.13511359700738054
-0.2847229317724789
0.13671878465743284
0.6426975370380414
0.9191060522127343
1.346437546542911
1.6218487369405725
1.7701378139572603
1.5761688603936126
1.538303847227771
1.3214582809575754
1.2382651522902395
1.491488744701774
1.728208641083904
1.4359303477795489
1.489833468839783
1.7594657275907586
1.978442593112812
2.2154916071080946
2.4357914284921836
2.3303881824202093
2.2280181558460237
2.08069171996879
2.1572735356557993
2.2492509790484068
1.6362125440764967
1.1104624924293833
0.7981479384026249
1.0727309262523692
1.3460719968068222
1.3705333110102527
1.7110144836133496
1.7263802379984683
2.195456889822755
2.074631109791285
2.162913575609064
2.176992850184289
2.6787879348121812
3.252853518608606
3.4815422101430165
3.429488876730436
3.158940742844911
2.952949269940324
2.6063279451494474
2.540039360980827
2.8769935804346125
3.030821429053428
3.1436531823328484
2.9977216254122365
2.8651139280115645
2.526742125461255
2.2706254642496253
1.7764405698361054
1.6672078366680967
1.6927381005155435
1.5437094190035825
1.5459116774242025
1.421879746956231
1.308225504472907
1.2351472450046377
1.261237195557259
1.625239462616318
1.9140212878683727
1.8559096707804859
1.9793007085804433
1.8125780961259434
1.7382074471652114
1.3808154042661422
1.037003409336919
0.9050462837521757
0.690402259473706
0.5449854020551224
0.9723034803686297
1.2973961434144423
2.0625942570299207
2.2424837219917833
2.44126933981305
2.436000936310254
2.621347114041015
2.662006286970142
2.7604090899415197
3.3829965582592316
3.972515321710931
4.414676863872681
4.782122388357263
5.121816604666163
4.898656651715574
4.770183616768439
5.080128162402533
5.689204218030488
6.32707854152993
6.542624891235581
6.409845005494259
6.315800445521439
6.124369231176841
5.857552921664142
5.714627128810281
5.661743009236292
5.439306556495294
5.058597191546816
5.305133930870326
5.6184745038596215
5.611232752563756
5.795901981289447
5.86478354232915
6.047060921886315
5.737897633485131
5.896074371579876
6.072298038525899
6.036346269447323
6.042695462992663
6.096173170329836
5.9937863591077605
5.884789795441188
5.976754024122528
6.128929507462287
6.166579551845254
5.844185587477391
5.470094393591646
5.237768372249673
5.813614932671589
5.67021522273485
5.441363511695625
5.507403331554421
5.835437307898806
5.852819034241389
5.6675403064323975
5.582580790156438
5.453398684012404
5.812852586759997
5.768934393590736
5.588725584675571
5.073927020822125
5.401961098683776
5.715672793790914
5.60478877985577
5.278206817945756
4.966467103889514
5.4105992759920465
5.220603621342848
4.783574290448747
4.52147802891228
4.306387970370862
4.625492826143001
5.424756088446433
5.674134320428218
5.534901624794088
5.567254818009272
5.380066166284868
5.504323874105001
5.778096044535599
5.932056470712082
6.13695429542116
5.999285816744296
6.275047749630248
6.012215348355316
6.285135129216211
6.423859206895743
6.404479188387469
6.2101158114699135
6.197612064006998
5.817819391147078
6.2574162280504
5.985501890004413
6.040009406445746
6.147876562417327
6.020567005405434
6.1001025733441185
6.300547578884825
6.479766579332934
6.105278739014237
5.633572134952109
5.753028485443673
5.736411631226062
5.578253607555885
5.830737195722126
6.322131006178786
6.462334192580454
6.4269322709667405
6.4130624365716375
6.479281834265208
6.556184046473069
6.720523901416629
6.442826249179127
6.637132678662695
6.699646091067265
6.550342877233319
6.619816384923905
6.433620553440943
6.200585842703582
6.476977874133489
6.655865082682725
6.558561970151904
6.201278500333688
6.518427028340997
6.725538031337734
6.571328075640442
6.606930727277034
6.630505294257449
6.487924943104099
6.197488007272233
6.632638295008071
6.61669792734792
6.514050705615051
6.262490552750878
6.641635676665007
6.805018675387927
6.642186379780742
6.452782906587967
6.7254966539042105
6.806610248634089
6.540572417570521
6.686095317545233
6.468330403305368
6.734318808718987
6.683990053260959
6.7187540365896155
6.546260816676856
6.397269545298755
6.367894301683327
6.3370547237935435
5.760873113539402
6.031305924893097
6.4816428836078845
6.421178916034395
6.363367988291127
6.439852760527488
6.4530421462317715
6.424931311821513
6.439736225874745
6.582035652457956
6.536766592458312
6.479372373903592
6.383580096102188
6.6292852443545005
6.271097959800405
6.051095886341503
6.004137101948441
6.482984857180234
6.4346985650681745
6.327870867102363
6.223817821176415
6.48067063364649
6.354677147154587
6.097765771479215
6.030135878719049
6.074647355767898
5.840122545448993
5.434187826474211
5.453294846515336
5.75604683029769
5.684617131852072
5.549370057881492
5.6138722300471695
5.727644124646344
5.98411069844974
6.18379551676683
6.0227996648558415
5.7928291388664945
5.837500093787661
6.3303748506420305
6.097807030281139
6.495940375531478
6.457759380749172
6.439883029669318
6.495485781811176
6.574350572067237
6.468884463986305
6.591174244526973
6.70374038689102
6.532923574657497
6.657572350449231
6.648091468507924
6.651155638575711
6.610764527086562
6.306212201506325
6.461568392474199
6.533962862564306
6.476689805016915
6.440925459072103
6.4083653218607335
6.32978329363185
6.581840161153423
6.393671963918889
6.187499452761979
6.207128751648527
6.448767290494264
6.267646933641006
6.19857415572061
6.085938423537489
6.186404607602041
6.296692037292937
6.291436325651827
6.4012358773760365
6.212764761877971
6.141492279787089
5.998297681684729
6.096610990689153
6.243835766839029
6.084899734128006
5.639688546325136
5.941280658123775
5.79549921087494
6.051729180692156
6.373949590890986
6.320069979133041
6.315327535009796
6.407823608073383
6.390737527720902
6.40327705106012
6.4446736613030025
6.09585461317782
6.437648830152085
6.525892364165256
6.202414074892839
6.4840438642613005
6.420731198596789
6.482249960917343
6.693485048150381
6.659226888447222
6.492862841962776
6.510197895163978
6.685446903975158
6.603240007160838
6.67090630015348
6.669177481630632
6.474750888225036
6.564540657888415
6.516132899003085
6.214709321335227
6.322763273341967
6.165612851805682
6.29334427582846
6.525018309592186
6.582383388995176
6.489154134873526
6.1274942478346
6.403682619416273
6.596233800760119
6.5005060921707924
6.4342325091864065
6.546332458032035
6.363817949361126
6.398693011684665
6.425118286384263
6.242231956124658
6.452979459841558
6.537992591493935
6.460520659759075
6.594374498777745
6.5046852148775685
6.350354917349786
6.567938805436673
6.597081340148641
6.592564509860554
6.47254975263516
6.454812448146453
6.5820010006994405
6.483689188399592
6.296092090542293
6.372609423986949
6.443399389555717
6.535077733613487
6.461567099228107
6.3905594173875295
6.408621561238093
6.306744355765171
6.320793126932622
6.452237708287106
6.396498223872167
6.158880200356948
6.30288769495187
6.016411460094607
6.458306087829823
6.426876865229062
6.1368942699501
6.322049015276556
6.155054336334002
6.436899679453495
6.169256918671666
6.112366327379737
6.226503884531283
6.329801695622931
5.860409700011809
6.05428226429184
6.025507721121599
5.972171712221988
5.689563698223048
5.601984360806538
5.557080447567769
5.539147056448078
5.712291773758848
6.283810169287823
6.167626803638731
5.890936608397472
5.828482709289162
5.6665788652305515
5.922007933838465
5.8393428460815615
5.893850634767824
5.87391420297123
5.583532700222466
5.322395327501925
5.394724562802655
5.747173222731736
6.030937838185196
6.162647808053206
6.5395948244507
6.582173594835931
6.389129239637663
6.372761001673945
6.135663805711412
6.547443923159456
6.459819368169425
6.309205294976492
6.209746492493034
6.260488924701415
6.34625265893491
6.3862346997967
6.12269629096374
6.247044846346235
6.164265842952708
6.4350741435467
6.41508501193771
6.304507218933023
6.214954422225768
6.264345288625418
6.603322322812484
6.573619328882468
6.551119817141872
6.494330367940397
6.674220563454408
6.651141398687935
6.6474436959482635
6.256458463001475
6.565358861875933
6.52437771673942
6.467428943968327
6.609266785085358
1.354142937564593
1.2557257799443413
0.954325345853249
0.6127528453512496
0.17444014378138734
-0.018879323605625237
-0.20921816091398598
-0.11421174950927467
-0.0011738141456560046
0.11204944066172934
0.20758255253237562
0.1753667840946858
0.05680703716300375
0.050839707637183575
0.03684590613923693
0.017034946229901586
-0.04731207187086693
-0.1041895541213348
-0.15482929709518028
-0.29571209401799614
-0.4224445584023166
-0.39797836684435095
-0.638892964265484
-0.7069301371711447
-0.663358585401417
-0.515057298929209
-0.2854397900389396
-0.010757614553272132
0.23130037987988378
0.37120962288330217
0.39840978516316133
0.47860873982767266
0.5004159369685525
0.5867860724470739
0.3913496968144107
0.13412780905414348
-0.14426991055273344
-0.49326698790427087
-0.6827332178273058
-0.7644108845973421
-0.7254048805603992
-0.5718733960896689
-0.3280556767319128
-0.03244517930830067
0.2219475013144911
0.4791468164582223
0.6280475954727484
0.7185270682521863
0.7344176348810932
0.6881033738921605
0.5795818396420873
0.3837729023384912
0.12737466215643858
-0.18714057390005984
-0.17060386634124658
-0.1271325595259479
-0.06358981695295457
0.0099923595036483
0.08199696210668343
0.1410560473427493
0.17784548424457788
0.12296196555270787
0.10249626571675807
0.06584865921261418
0.01880499729949714
-0.031207560202821318
-0.07629313014112804
-0.10933369236393649
-0.22851207406327695
-0.47200732446198307
-0.6093211180165936
-0.650436504792643
-0.5888622692635546
-0.4343196293247254
-0.21120746973803745
0.04524970528922303
0.2945629468020964
0.31952691432741265
0.2940446078400664
0.2221391232293075
0.11516275545696447
0.01710931535001401
0.03019458110531206
0.03851278642270493
0.04075066958332285
-0.014266416673164837
-0.024166383302320328
-0.03219986246763803
-0.11900419552553665
-0.18702038277489114
-0.22551016378934569
-0.22839684846024538
-0.195224692750494
0.06678672595879062
0.21829947889740858
0.34446540122030367
0.54978925274845
0.4867406422253449
0.34684638675090773
0.16419385864981986
0.05820588451181369
0.14095783711617435
0.20145564662162702
0.23014803913344517
0.22250511676250467
0.45210943718418617
0.522271684892606
0.5270759040622814
0.5617432404661354
0.6360360143500438
0.9361563493062273
1.159545460636088
1.1025318127507975
1.1231447889328403
0.9664378986564873
0.7555327001548049
0.5328240629888823
0.23361577620975577
-0.040915769286597924
-0.25165691764744774
-0.36568692952579873
-0.5370577127980858
-0.5791792187337409
-0.4506273776112436
-0.13059940184313704
0.0971954986315085
0.3096453670074236
0.4732090404169832
0.5204771109905298
0.507481174181188
0.6319375551146184
0.6566248911420587
0.5776455947300632
0.29253662844116174
-0.06425569443152016
-0.4109034560080449
-0.692678596828461
-0.8650950178306471
-0.7297219509679047
-0.7132713067823339
-0.5842108066694417
-0.3275268928979936
0.014580360353372047
0.3543856952979878
0.6382413211897643
0.7113904811707181
0.7658085379796352
0.6993222652441198
0.5299577117574445
0.33744700011435436
0.1445192509311372
0.062116698367342696
-0.03009271504633322
-0.22217216202964485
-0.4355607293174531
-0.44006310176584396
-0.418993538110747
-0.33177410762029663
-0.19217484058759435
-0.022235391767614566
0.15121453650054906
0.2530971473050437
0.3150212836516072
0.3272104859993846
0.5551707528858311
0.6954817649893228
0.7259914986580618
0.6913902747967837
0.628048056470379
0.5238448901307173
0.3654441280935525
0.4417268060202745
0.49771726725271237
0.7885846575953055
0.9549518699076014
1.1298543525159073
1.1274054238324829
1.1968258185968907
1.2257379268033075
1.117486380789201
0.8328083065454681
0.4961696600700735
0.6449633155664507
0.6919314449919897
0.5905157330109494
0.4650925179837755
0.33958623716730585
0.3346293115467138
0.5050004508980855
0.5295699790902963
0.47053205177190516
0.41281625138219696
0.3453817177099096
0.271504627023802
0.32133517614667184
0.33595702557532453
0.43322373605626946
0.5583093453971957
0.595250185209013
0.5332644745598001
0.5136220174154162
0.4588329537785211
0.613189558058754
0.7130014841047682
0.7321148688075599
0.6735857716450233
0.5289994903735863
0.3634913074636238
0.22361500209337148
0.2645648087541899
0.2696892705042311
0.2662782410709028
0.25383334864788104
0.29045770547292404
0.3128068604235203
0.31351770892680497
0.36102426728840814
0.4398390189105087
0.49845034829716267
0.5207539044372402
0.49341327117361206
0.4195376193013562
0.4707800913054013
0.2708731410994306
0.06781534896468887
-0.10448847856944306
-0.08573319576344407
-0.10170273992915994
-0.05539708706900286
0.011408978042657836
0.08504481596602878
0.21608987700458995
0.34838843052941676
0.4581867911484785
0.5486220292923462
0.816749294354509
0.9559298045262921
0.9441900175534312
0.7833833876644378
0.5018775069691973
0.14502198438891556
-0.0966142122293561
-0.4656863824594154
-0.7612369124139976
-0.9366048719800322
-0.9641035163337491
-0.8398180296541291
-0.6206225714275057
-0.36947989936026415
-0.15126241201763224
0.004350408601695355
0.08405075097609731
0.061702136444951566
0.0296121112760801
-0.007153015152010821
-0.04278883776813774
-0.07166924374188735
-0.08855612169110012
-0.1027035347656275
-0.019968888529814065
0.09198583358759774
0.19290103424855626
0.23814570625599735
0.4194263530211593
0.6080399653841239
0.7631509375425078
0.8884187751858906
0.9665929290626798
0.9644973517586154
0.8432089672971943
0.627670523960566
0.33150662513040274
0.016054510354519637
-0.2629546791166316
-0.4822493518765345
-0.5457289507059878
-0.5230499477102827
-0.5183736882959871
-0.44243122334829643
-0.31953819438692194
-0.15652688392747502
-0.032119973767537946
0.09735797399612486
0.17509286112470432
0.22486579062344186
0.2332622785206685
0.3598406817981165
0.42960815359862964
0.43154994417247944
0.36535948748415714
0.19107391054164397
0.021896142511319282
0.21670392744415726
0.301871272699615
0.387535841880892
0.4458256536002647
0.5625589507396224
0.68788770909662
0.7809686159156932
0.8135012847339158
0.8511686545637914
0.7544552093393323
0.48870679984210125
0.25100928720229676
-0.03486010885331299
-0.3278793557372586
-0.5579563431499486
-0.6566211672066403
-0.6395662457188883
-0.5191364896182685
-0.33358875077160055
-0.11568574325065725
0.10142815127610749
0.29500426463150503
0.4401769597637626
0.5361208980128462
0.2144750515792025
-0.11158394060942815
-0.4086253962340676
-0.7274818130141821
-0.9842719902291222
-1.1391731402821395
-1.1690885276756666
-1.0878393848908605
-0.9344725200767355
-0.8448972814610632
-0.6219313397089892
-0.39722685047095574
-0.1283060629179323
0.11365928917478411
0.15513373090970983
0.17211596761536246
0.08771553879942769
-0.02490212644121854
-0.22807747686226532
-0.46199136693299303
-0.6769747501360257
-0.8416623584640158
-0.8734699868673325
-0.7673759102074087
-0.5401300503916765
-0.22760953200176318
0.11589618924858114
0.44757990099063444
0.6492138119779868
0.8052908037913713
0.9030730449063963
0.904626828550714
0.7842240860687754
0.5463935868494211
0.23815992557329085
-0.07631933071908767
-0.2179759438126526
-0.32521894823451003
-0.3811170316462486
-0.3768451157645355
-0.3130776421761821
-0.14864834493234463
0.07256347852483311
0.31483125820585
0.5545731656642965
0.7645502185019414
0.9082742199950002
0.9585607683314137
0.9028008467960043
0.7605411696358543
0.5884752072247685
0.4276360902044697
0.29269751908286434
0.19387692881285584
0.1454527514881671
0.15449542139349876
0.20952067575225858
0.31072094604514544
0.42978696490463203
0.5471462570201309
0.6340184510341578
0.6476793378242026
0.5840368790611311
0.45163913612667134
0.25534189692750225
0.001463498564410326
-0.26630062015450984
-0.5123774882339609
-0.7431943880633423
-0.9129368309185513
-1.0098864192587054
-1.0094929822663858
-0.909409558694236
-0.7440214349799174
-0.4889424311763887
-0.2051668931283009
-0.11304004860601694
-0.0030666659340838594
0.008529085688819002
0.01896236843300869
-0.08010169889506415
-0.34939432959475736
-0.5989338823700054
-0.6518740855111922
-0.5735979336437739
-0.5236550717724654
-0.41008885522932614
-0.24364067372334777
-0.15750940432914243
0.013397367879442346
0.2881898582500769
0.5822096654977809
0.8499606768546488
1.0369530902290847
1.0833816835691692
0.972615914117949
0.7410674954811489
0.4330060118315995
0.09622589132196277
-0.19610719192307485
-0.42132497502881183
-0.5643905514014268
-0.5700798015876081
-0.48576598602107274
-0.4165329990445604
-0.26810622476792034
-0.08471194893420422
0.0842895048914781
0.21303000695691407
0.2582133752347591
0.2626305291602202
0.19389381684764445
0.11268156281656445
0.020527831346071813
0.10260651932662745
0.16848589401824757
0.2077650507131963
0.2142426742396652
0.17668411801852377
0.12413208787655358
0.31511362721336617
0.4831198459763194
0.6041963800616174
0.712874049508019
0.7717664897231364
0.7854253690927318
0.7893068979058869
0.6685742228243281
0.49533010474677075
0.23463547529278822
-0.07418927996437494
-0.31960805681839216
-0.4029391531729128
-0.42265501706985553
-0.5035256984800902
-0.4770671375700306
-0.3679635899214052
-0.20563000949554217
-0.04783341775832235
0.08879119795496321
0.18227330174161493
0.17591270262226913
0.1417793557283872
-0.18708583319679367
-0.48641428270458087
-0.7089486122533695
-0.8277026313361979
-0.9865393340664722
-0.989940641478702
-0.9752768865309485
-0.879992655985999
-0.6844072687201009
-0.43063130503613795
-0.2828582929232172
-0.09042817584749732
0.05213615591847383
0.19784948755226583
0.24424368289202122
0.18450289093518224
0.03382211768587142
-0.12210196953071066
-0.23831420735872158
-0.11064304174997633
0.026469277808169565
-0.023582676617449456
-0.06991144494120265
-0.12360445178696883
0.14355988679181547
0.4415905186076207
0.7223633172037504
0.929004008090508
1.053354826004739
1.0639571086452033
1.0579517432460448
0.985609764213897
0.8587400968875507
0.6847137320796263
0.46657433057606634
0.21293012788539242
-0.026818282403544468
-0.202602516134548
-0.15812678102729966
-0.08868630408841405
0.032878043024433715
0.19469636903429527
0.3678391811493412
0.5351387323460618
0.6323585378502798
0.7305524058254762
0.742382330539779
0.6568130927947751
0.5388992743906215
0.4036648541370532
0.27593428771752626
0.1203621847409568
0.09889373028433147
0.15577980059816085
0.27476251038880944
0.44075902590311744
0.6262694116266697
0.7986926905395445
0.9294581856792326
0.996151233872693
0.9741146709946145
0.8671338641238318
0.6831020093612459
0.44921374620056814
0.23761185575873972
0.018220273588116242
-0.15118467948928366
-0.2700132111606839
-0.34639924713477077
-0.3398848277215397
-0.27248419594693013
-0.11932251513449046
0.05267756715353391
0.25370105617025485
0.4294572502583044
0.5263603655716629
0.5411018782635203
0.46329909957024273
0.29436276651758275
0.06773945142416045
-0.20286599218950477
-0.4884510888727797
-0.7536034832005856
-0.9624417363093745
-0.9860627078515668
-1.0488393330104777
-0.9956368322260829
-0.8447184150225242
-0.6349662838910305
-0.4122542302127748
-0.21934156541509955
-0.0898510751675017
-0.05124501212246656
-0.10235689282839655
-0.21858921148445593
-0.4146385173430798
-0.6048146870358477
-0.7739741405042382
-0.9009075843746612
-0.9777842860082171
-0.9916876990850071
-0.9410244674438715
-0.8167034473730851
-0.6477615111405353
-0.4579377227172491
-0.28886945803024305
-0.2108060467944267
-0.11932489108959796
-0.19696807654963483
-0.31707583158273533
-0.44201330541028
-0.558825208054947
-0.6779376135224332
-0.7983461646321135
-0.9081196287133352
-0.9782813106503978
-1.0258058723338932
-0.9569938034167009
-0.8695243403285364
-0.7859224135383632
-0.603227272939787
-0.367146537151228
-0.10230123602529125
0.09600351756554062
0.2381386971714653
0.25980637858288647
0.2164221257746009
0.07235002153710347
-0.07240982207187995
-0.1246340746610038
-0.19445431110498973
-0.2335744874880124
-0.23581838813385653
-0.16470132373886273
0.017061670362649918
0.19010429863938044
0.31555961157145856
0.5724873677055641
0.7881429435604718
0.9392196978659891
1.0024023550028824
0.9633650620561613
0.8261666190344282
0.621603466465279
0.4227477424268228
0.2293217251944904
0.07356707301913509
-0.031645579644164055
-0.0721505546719871
-0.037716101421634375
0.05509361791528118
0.178864183912418
0.31390297129370553
0.4262408896936135
0.48592921487781765
0.47686004845705166
0.3825390040570974
0.2008648059296328
-0.04660629356295436
-0.31924879713665144
-0.47723131898351395
-0.5598695089278753
-0.7642765161959426
-0.9041270079346609
-0.9602689851419545
-0.9187073942777484
-0.8323102174315762
-0.6729917175220322
-0.40742262316152733
-0.09502686830969564
0.17773924404870528
0.24246849626022582
0.21716841317876961
0.036787742450669215
-0.2041492740045364
-0.46155175986168795
-0.5003134939066003
-0.47257888536684156
-0.384182120623015
-0.6490403652053425
-0.7752162372819236
-0.6984906797565417
-0.5397775584679578
-0.3349753481948027
0.006240097531264799
-0.03685244277620224
0.045376305691419073
-0.10146516758065434
-0.14079034802051324
-0.38560189608575707
-0.6331686655350767
-0.80573346839152
-0.8520480202821927
-0.955956643559173
-0.9089407323983545
-0.7233046841626946
-0.5245978233752548
-0.24469533232037305
0.05628759170589465
0.17966804181570495
0.28370709691234614
0.351252550588725
0.3830463516196124
0.38162257391064613
0.33969494532950856
0.2900792188131947
0.1820171614542408
0.03932056023576331
-0.13136900222040018
-0.2784614305572429
-0.35303119328925614
-0.40577412256634726
-0.24995662353904063
0.003996336016628988
0.3053531663762919
0.5989678284757128
0.9230124658434246
1.1013337300578843
1.1057786144286155
0.9561425065052978
0.9003572945734224
0.7355534079656844
0.4824899919462703
0.20290958517834684
-0.053793451785773085
-0.23198957096968637
-0.32603041052243514
-0.2840010683253012
0.0750371663440926
0.42222868236540095
0.7027595734079166
0.8723401800908774
0.9280813005634985
0.8981180624291666
0.7719835652683449
0.5763864256708701
0.5784197930940659
0.530422203560527
0.42249759561616945
0.2608163572175136
0.06547026872556133
-0.14705572872128422
-0.3231796748966179
-0.4143188264264824
-0.41683350655535445
-0.35705754430201664
-0.25890357253543606
-0.2162636673280383
-0.1936164528507695
-0.0952310167596373
0.01818930293769556
-0.08617983662673642
-0.2089178090278442
-0.37421562884223114
-0.5453368978163289
-0.683790146706299
-0.7534710080918507
-0.9272289120807006
-0.9545977587666771
-0.8312566090444233
-0.576678318429171
-0.23105520134014573
0.15104645159738816
0.5093011910379437
0.7871484709311354
0.9182533362770384
0.9282028797955411
0.9049233578648465
0.8147449083666874
0.603170596658518
0.3425906796307824
0.11234333298337296
-0.06284429763907493
-0.16632885731525165
-0.20298254772277163
0.09736403928323493
0.38233898532747634
0.6069510124603247
0.7357388203680518
0.7483696459690915
0.6428493596277052
0.43583729437653307
0.24361010719087267
-0.04424377234121457
-0.34453778888357534
-0.5904368642601096
-0.745779537644021
-0.8268914405978212
-0.851750469380238
-0.8326858931700982
-0.7758874126081372
-0.6790529612407098
-0.5528069936280302
-0.3789209381458888
-0.14521159824628588
0.11142346010294539
0.17094417001404838
0.24016222516922756
0.28333918795397023
0.30811626623865324
0.27132734495464045
0.21029374515467808
0.11605938693487401
0.0035018034325226214
-0.10960863783414965
-0.18208383485103638
-0.2157900401249166
-0.10970292869380734
0.08221700590569894
0.31192109541021196
0.5150388162462513
0.6670731307167859
0.7352837742980224
0.8722017458788264
0.8714182397623847
0.7330569543367469
0.7005360946920958
0.5823918480627978
0.3852841667628664
0.15243353933139211
-0.04640679027758442
-0.15802102496949003
-0.19316673468668025
-0.11981707357307725
-0.02755093108079043
0.14320675031930077
0.26908241405915473
0.3150057468729822
0.29477007163587565
0.21338979010970477
0.07655203704707106
-0.0023674485885091913
-0.21545065503394484
-0.45168877534152274
-0.5480699197329878
-0.5579228747631719
-0.7034945224654621
-0.7920277686996915
-0.8079465014465457
-0.7440952264319847
-0.6226804822770304
-0.5581009691019899
-0.5227199633335708
-0.4048129689243506
-0.30100037067783963
-0.1739508443681697
-0.055072351558961036
-0.09746929462566988
-0.1871701108260438
-0.11653343948812654
-0.03092129059726223
0.059585384446207736
0.1456279114394832
0.2449124746970837
0.3664650712289029
0.4848544290786602
0.5932332202483129
0.6485886823679278
0.6825805406691055
0.8946053106977063
0.9653915727538729
0.8837637325076748
0.6626090311005649
0.33684293313387503
0.24251335506561117
0.21910831695309546
0.18179354951651766
0.148380005115364
0.12474697546396848
0.11546737323074091
0.14234854513712306
0.25306004462112563
0.40856269083938795
0.5544409931703544
0.6460871150349059
0.6576500868258112
0.578109550841868
0.41670854104207944
0.1984630689478307
0.03827601643622915
-0.12795397745738268
-0.2739828517632684
-0.37675585811225965
-0.4200473985753071
-0.35470817834898144
-0.2473005558493594
-0.08662633081517375
0.08094545476772531
0.23107021749975992
0.281346767456578
0.19036124503863824
-0.04397261221271525
-0.33960246612269784
-0.6292981007952044
-0.8989958477314687
-0.8546275576533631
-0.767505432154954
-0.8865125549106441
-0.9619012336236862
-0.9784363339315053
-0.9339157045564624
-0.6959875151569752
-0.44525477542532865
-0.18344380761567838
0.10732890385298748
0.20599522116748714
0.26601926669719095
0.22219460565709606
0.11657074427406995
0.10703124231441956
0.0805938605968958
0.041432480389393955
0.21604045451688353
0.35654039117491776
0.4582221290653764
0.546037506055408
0.6011393550466112
0.8238915169972344
0.9393522301395053
1.0941952159070794
1.1560854987883675
1.0985277844504355
0.9405056610434925
0.7014745237200369
0.7021774977286651
0.671613901583574
0.6340968139380466
0.5911568575218807
0.557875730201716
0.607283972271135
0.7950422822774579
0.9429655035676457
1.030256969293634
1.1729465021589536
1.2229867161484242
1.1807156770804152
1.129693828880491
1.0998417786073005
0.977937942597994
0.7704256230238332
0.6015706779077731
0.49694847425171995
0.27542539885219386
0.11357571697838127
0.008710336750429381
-0.028652606422790786
-0.04916375362957803
-0.02223230579960215
0.006480157257924427
0.02607927390462736
0.021664051184197824
-0.00956155854350448
-0.07984716065048023
-0.16539984785333978
-0.20292627528087603
-0.3130824546664225
-0.4790262859378742
-0.5479938627720606
-0.6297392434791316
-0.7033988628076502
-0.6706577704374055
-0.5613755703752041
-0.39295345378616986
-0.19994172450012818
0.0034167683095065017
0.16347843164021264
0.2869321267990807
0.3041970001669394
0.3076068405007044
0.14035178153607916
-0.08543605765106602
-0.33399200678474966
-0.5476713787191614
-0.6227216804782196
-0.6817289288744282
-0.6827159993250692
-0.6277800375426189
-0.5289386396061437
-0.3469552754542886
-0.10056314313490797
0.22268358173510597
0.5135405383589383
0.7185144458238917
0.7832959079358897
0.7764403833048803
0.7122674226768702
0.5546792279214156
0.3997496559787769
0.15579222974197862
-0.1309162794248197
-0.3973905505074339
-0.6015607843395391
-0.6690792419605619
-0.3443136691383913
0.06257425591711252
0.46092602480622374
0.7901657635452578
1.0063538363756435
1.0731483466408176
1.0206905511712452
1.112469561975558
1.077255681064912
0.9252816069983381
0.732590276782404
0.6544746987892379
0.5497778039798332
0.48768106953504303
0.5796762987550702
0.7817736715708161
0.8252980500285592
0.7531111129676585
0.9405117676567316
1.1901581832199868
1.176586086211068
1.1054777206705413
0.9971386497679028
0.8576376827638817
0.6861872570709429
0.50434240733232
0.30827222963627376
0.09160594444033757
-0.13952290515069307
-0.23044185093813976
-0.3362646463088368
-0.4400451766347807
-0.28639794030193316
-0.13024350606220975
0.04647351398977384
0.06986218359386154
0.036982562876663926
-0.013746955617647138
0.02445156109941813
-0.02616288221383185
-0.07264678169512284
-0.3272433121052196
-0.5066471731373843
-0.6543929903149823
-0.7661235088917877
-0.9396438747895494
-0.9368404758051795
-0.9570457206043096
-0.6623547376317133
-0.302551894188455
-0.0018462080502262166
0.15458342714597834
0.014322386503975883
-0.07597551814051764
-0.10965353305770123
-0.15810606412200998
-0.11173511402195871
0.06794342968632801
0.007950366406963737
0.009277439839364687
0.05229525399588066
0.10266238510613342
0.26528116020797843
0.38601787311666497
0.5426152615451825
0.4796089538871783
0.7553761963324609
0.9866526678385034
1.0056863191150494
1.0612725226550925
1.01903220897749
1.0717411085927497
0.9552456526108946
0.6879379120287005
0.6572303119887072
0.5870421615415156
0.5339079682394308
0.4998390748724664
0.5066499698130811
0.5854889000571177
0.7046877120619996
0.8338370517346249
1.0564639194873267
1.1544502072197877
1.103139456725566
0.9128303906060172
0.8710525182806735
0.7065508640605069
0.45061864623230263
0.13827667794218074
-0.1742241602632908
-0.286172377951055
-0.4732030590379275
-0.6157154585930339
-0.5472261930807404
-0.41041101516993317
-0.389692087912865
-0.3666125155227977
-0.35810194599252254
-0.3668584432761198
-0.3789000345445179
-0.5413583956955008
-0.6639210668847856
-0.7201315879408954
-0.709103292329221
-1.004417300702401
-1.228553624968296
-1.3218816991677358
-1.250637003571628
-1.023861399591357
-0.6771963659052769
-0.5487172867896932
-0.2638491719402869
-0.10553914835451436
0.045830280433687066
0.0904361485903559
0.08875998529940157
0.031641875810454634
-0.11407954318052047
-0.3043740331573024
-0.6061907749133517
-0.8123033222368395
-0.8061194100589499
-0.8337881387119117
-0.7785904219283462
-0.6105013893959417
-0.5211137710889642
-0.36055670950421226
-0.25811796002714305
-0.11134444531591409
-0.045327341418548085
-0.003348224485732043
0.021584047127046358
-0.11167486738485195
-0.24885087657362623
-0.6422055369506433
-0.9835948092107836
-1.2016250043321801
-1.2548860107914994
-1.1588328631336557
-1.0651185064396997
-1.055117646759601
-0.8785369105890667
-0.75466253146597
-0.5116435321484929
-0.1878472691257061
0.1656059473051923
0.27042422750567086
0.39029903621755435
0.24035111965410128
0.10423027011215495
-0.04712276422158133
-0.13460681127893867
-0.14209383280561044
-0.05148772314184359
0.11205105373157434
0.3234116638867448
0.365287400141944
0.6463368684827888
0.8748584626487839
1.0746271869944823
1.1615557937054892
1.0704839153646797
1.0871600764924434
0.9994313264303435
0.8081108835244344
0.5449624703506505
0.23131672250979746
-0.08719493273248169
-0.21358024630472744
-0.1865804844533589
-0.13012376663957395
-0.11675717243641752
0.03629546114037145
0.1836178394679049
0.4632593415712723
0.72209897960361
0.9414547412031296
1.0619741104102203
1.0364913830682885
0.8227963042052711
0.5424490209350605
0.47672512525549887
0.3736082797424471
0.21150690175907366
0.016013234602918865
-0.182008570197942
-0.35129522377003947
-0.33624642213950084
0.007070498697040328
0.349271143255485
0.6363295540698017
0.8229255199144033
0.8795996406556011
1.0025656710601576
0.9614372992796502
0.8900905874822882
0.752076983990864
0.5543921736813169
0.346908821400822
0.19655819300958774
0.17378643626440987
0.19090953475816547
0.23315601551848836
0.28691956124246093
0.42637080961212026
0.5218691960327676
0.5630106121838936
0.8425940728566095
1.0288641054469712
1.07325385581476
1.1762024596225513
1.1350396781640064
0.9639728922070847
0.6936835015357155
0.7009588821121767
0.6987354446977473
0.6865208832682168
0.6798287032937428
0.7079281967480918
0.7872198570599732
0.8994720887484234
0.942609648809026
0.9008804217888582
1.0870493873171352
1.1434076768169081
1.0545435087542256
0.8212766777712375
0.7494776361617062
0.5642484264662018
0.3369769866461681
0.20961327642118074
0.058723305148056945
-0.05047839641719687
-0.1092063872170983
-0.030380910907904513
-0.017222647382598443
0.02542788915848875
0.22343012798516956
0.40763628864804335
0.535462566394254
0.5736024030764904
0.46098030973263365
0.2862424950080957
0.2488216603752479
0.1536826501380144
-0.032258880423436054
-0.22201328869010217
-0.3817903575139634
-0.5118773854813348
-0.5161678666774436
-0.5727875941306362
-0.6066350397098157
-0.6467026395439626
-0.5915647438021923
-0.5535935274364242
-0.6323549989924124
-0.6901333490190387
-0.7218927104527951
-0.8216734106878499
-0.8441622671139276
-1.0426781547650128
-1.148391255429899
-1.163434048640322
-1.1405365768098779
-1.172199700778778
-1.06379893804981
-0.9335454579546629
-0.7061325577534387
-0.4582626874048713
-0.24110700983489775
-0.07626402149725839
0.08416897374916639
0.17929637121497347
-0.007392651779610616
-0.11484346299421525
-0.35406698379385826
-0.5490517179661007
-0.7808091667269385
-1.0245330672265904
-1.0544279137656456
-0.9700863140022701
-1.0063924376093383
-0.9085913909218479
-0.7445535184035298
-0.5609725997980639
-0.47101600996271387
-0.3505948020399313
-0.31131273244942154
-0.3478422686681908
-0.46926684300029836
-0.6772540646963192
-0.8146996838271608
-0.8582404807441174
-1.0986989680531312
-1.2563164705820107
-1.2571986848940238
-1.108939126061031
-0.8597236392656498
-0.9373905209355332
-0.8670640506978797
-0.6598472318643805
-0.3484550438442373
-0.22931773078184184
-0.3393015767369145
-0.40355502978824714
-0.639979685001028
-0.7753656198291529
-1.0146104557764424
-1.0917951658824214
-1.059924157372328
-0.9375892197642952
-0.6995104309180566
-0.529442961601128
-0.02156811379014849
0.2172479225291593
0.44258834942096476
0.6554400800612906
0.7286173017832708
0.7753005733078948
0.6995809316206821
0.8708891126846787
0.8980725931067737
0.8164432837329336
0.6297603655391405
0.5254750650332852
0.41245232092774875
0.6024511038059319
0.6973361040915053
0.6963157778016008
0.6497487197467912
0.5559108248895047
0.8340702167465498
1.0873282011282333
1.2351865468444658
1.239939182928088
1.1568421456115725
1.0169877889739354
0.838169488785072
0.6336885114224409
0.4122179361366364
0.16228737859303424
-0.10131866287683974
-0.3365127007487202
-0.5143248520678025
-0.6099945975094959
-0.6190621200274771
-0.5160811203370825
-0.3328348910353255
-0.19266108042548366
-0.044765312127327
0.1588997988196672
0.07191524439661748
-0.26872852304441486
-0.5669459655010493
-0.7756551060162289
-0.8016979030737558
-0.9722449040421733
-0.9915521260906832
-0.8958260533867897
-0.7081940759205926
-0.48947185210452526
-0.27976032163825176
-0.186465864072136
0.016859530094523612
0.21752317516670283
0.25897523053345683
0.3102629034597369
0.29291732542123433
0.3599338756037856
0.409310446190642
0.4052953972228613
0.3148055708983057
0.20982347193354323
0.1804652833356269
0.15146286413304952
0.10818025698046907
0.08328250585367743
0.21250184382157727
0.37058415874621325
0.49486515590096514
0.5628471686288901
0.5457971052907418
0.446174396028695
0.3558554052430666
0.1792951522680422
-0.05202751904458931
-0.19319165628651452
-0.3110243675739321
-0.3797531700270147
-0.38852729694772536
-0.25074162558159585
-0.07336936484444254
0.20932054160998065
0.5162695425649246
0.7816659087228757
0.9361965018768721
1.0097709795817644
0.9628716796314792
0.8007819965011052
0.7828734776036719
0.7130807601623119
0.5788219072100276
0.5412273535515169
0.43869207578609704
0.3164917287587987
0.11929239718797789
0.1553736587797868
0.22025422428125557
0.3033801373118508
0.38857608150481093
0.6063496278890892
0.8308136426851173
1.0286028058252519
1.1519947826818266
1.1177352205981408
0.9555770909350633
0.7102688516757578
0.4202066413041128
0.11363177635409408
-0.1564014921800382
-0.372214331842108
-0.5246805650150692
-0.6147724383478572
-0.6338014834220917
-0.5870687959850679
-0.49951356878006853
-0.4069324781356465
-0.3184882448758172
-0.2590812073811855
-0.28547654731963523
-0.31087016903834436
-0.4779839546329743
-0.5017752336221206
-0.6220355342495021
-0.6704177221814615
-0.7012486316279223
-0.6303730934117437
-0.7843434971882435
-0.8144833089080616
-0.6052886722114597
-0.2951026871360818
-0.3038693666105393
-0.26466175457857904
-0.26335375570457786
-0.21858971424013932
-0.08164361411795004
-0.01149848159765492
-0.033042261102008294
-0.24998747955289968
-0.42746517170853104
-0.5300726574399371
-0.6794287587479566
-0.9233634899183732
-1.0399806179496365
-1.0246077076391529
-0.988299369637868
-0.8522256680626302
-0.7187088559613549
-0.5159658124833811
-0.42624419684087567
-0.3507574852922115
-0.2996681364170804
-0.27706476600398766
-0.2889663521359901
-0.15117474816293316
-0.031535902787460865
0.0630100792404252
-0.0545062976167288
-0.11390538797581029
-0.15532132212583943
-0.12595702719507607
-0.09107720162407115
-0.009099615428774932
0.11908170073596827
0.3553719671619335
0.5333814536490943
0.638855853382267
0.6258616924402808
0.5235477560208274
0.47164181871013144
0.34527400868813696
0.07921272996820536
-0.23539109987018159
-0.5324662803116985
-0.7147339002159078
-0.60386038504991
-0.4389927701047285
-0.27217375074679084
-0.1584146426950656
-0.10056673254450876
-0.06774407429568725
-0.1934534432345893
-0.2593814069705429
-0.32072237188835057
-0.3605113353917192
-0.22437012613189172
-0.10431428040842779
0.0021334559050190105
-0.07894090763920698
-0.36254683383621905
-0.5889145866523664
-0.7472646788756292
-0.8346892186242331
-0.7976599859435827
-0.5794885032086396
-0.3760980256785515
-0.12316927605999978
0.13168380475980968
0.280294953299506
0.35589416993587153
0.37530552254242505
0.3354643853595247
0.1030766590363732
-0.14558460529844802
-0.1407109748253165
-0.020872657739414713
0.0740026318148356
0.3237055103765146
0.4948758257990394
0.7359891373957881
1.0225978329026126
1.2231990210354389
1.2931667265280127
1.3174096990008377
1.2817589578124036
1.097697528875149
1.0273859559419747
0.8777925664412869
0.656014326514979
0.282060755505409
-0.013878338060977312
-0.23374156821366748
-0.35220342372823216
-0.27957388102296454
-0.1304345028465626
-0.01443425274044956
0.10183932465622783
0.18511188186402663
0.22134499232857768
0.13881465753807615
0.12484672433225796
0.044063045653081986
-0.21787806061121717
-0.44857405118947236
-0.46460310209817834
-0.4812478944579034
-0.4780365887225423
-0.6217760788159726
-0.6673507976803693
-0.648580282920331
-0.5886583910767964
-0.5075733169425718
-0.5548720605610049
-0.3898009332270465
-0.16318880948170666
-0.11761570372133115
-0.0914453235009832
-0.04783549008349981
-0.014630205791887719
0.1813208019085221
0.34864524187041523
0.4609262641545596
0.39692894447469407
0.6359523530399929
0.7745728683842853
0.7909053591233983
1.0100392330305172
1.1990058916727255
1.2362621920411965
1.297281173543923
1.3505098610730655
1.1956957381219784
0.9041146553279382
1.025580481544217
0.9851297001942104
0.7891486002210699
0.49359492358667206
0.5007558246059101
0.6447526892469078
0.6869572810816701
0.620706423054297
0.8266907070128644
1.0739959253635492
1.1731441632952095
1.2468381536700432
1.225833089731357
1.2385366152187336
1.1062998652540097
1.0165333799404386
0.9784383690169236
0.78586945353414
0.7133859736487984
0.5282745344592165
0.2932817149107227
0.5145773787050012
0.654632588932132
0.690559225346919
0.8805531205798443
1.0475302686934687
1.080009121056196
0.9856628542261905
1.2524232701424567
1.32145358999332
1.1853347905951996
0.8920287552626964
0.938211020969449
0.8362703958544685
0.6137597901357523
0.3329448428756946
0.4030170848349524
0.600237251762432
0.6982526275375076
0.7095645809005295
0.9097229823857433
1.0846675341328846
1.1318597151420715
1.0433652869356542
1.2767222722207658
1.3023657930168426
1.1365311808126173
1.0745165030445292
0.9653592028848955
0.74244469936783
0.6651945486278787
0.6579423890627755
0.5884010056774563
0.6762533449317759
0.6932053039872852
0.6406582912156337
0.9853605272388096
1.1677282504858888
1.174854533277025
1.3267670889174994
1.3507059307241356
1.3120150901607848
