1.833319354716005
1.6520859793479545
1.463681284001137
1.30733637082469
0.9319439990163841
0.6716382375140645
0.5904238235830904
0.4388766855439405
-0.1104288931914442
-0.6014434442737021
-0.44733208512418954
-0.6035967835524219
-0.24663550321720573
-0.03307259687583514
0.2267976795959127
0.3456634985026553
0.5730995742885627
0.6717362870382028
0.9890343427344634
1.1554909662200041
1.0203456674281148
0.9702938158185392
0.8755751012255976
0.8517299765767522
0.29039424222526034
-0.002936811500774056
-0.029197518701881274
0.09765832273251282
0.6417129191284471
1.0307531095123639
1.271272449265006
1.3455029250692738
1.51541136825692
1.8864239751024288
2.4932758962378854
2.624540327909801
2.578963274040791
2.3217300869363626
2.4442489569143566
2.3272707864646636
2.3610629564648673
2.6453980918625577
2.935102002685942
3.154705578220475
3.1775197692921107
3.6087208582849453
4.217200138779538
4.28069849345485
4.42077584795253
4.9370860037575905
5.390855646821029
5.488904732221705
5.897944827005919
5.97470097924496
5.975249810118522
5.967993424444498
5.929790056172065
5.978051427506727
5.911855512514768
5.824511645724946
5.849782309127832
5.693889797772778
5.607313037559546
5.826868915688655
5.629922634692216
5.474426331283793
5.070947803077518
5.242998703284703
5.380818432926765
5.442918231102715
5.217976950265625
4.900259477942602
4.948480357260662
4.716244208278518
5.250226832218239
5.29789263272492
5.289533936198532
5.090010965590386
5.103261148334705
5.502621976167811
5.425002840135862
5.203686820258566
5.125172949113008
5.181096965163832
5.315898244996427
5.284866473705277
5.533592886539852
5.7504417958717315
5.154402491087508
4.519616466962266
4.924280166502262
4.877671410935932
4.60103353831412
4.989992533225099
5.341690175672027
5.563800372385311
5.704614544327478
5.746568680491221
5.609015710131239
5.405646039515572
5.029268161186931
4.876468397591315
4.72822312877297
4.632709871464861
4.467915108136436
4.327028244816075
4.467381332097219
5.213515696371651
5.359460776663642
6.089131919936161
6.3211042118892795
6.458715346456621
6.319078643745906
5.9760435337487605
5.957821106658118
6.113875059277598
6.023844181565347
5.807603898462527
5.982566807427898
6.29076863803723
6.257015930202519
6.2905929499246325
6.3873418796901
6.2713165949683525
6.102959694104953
5.68809406166253
5.6887598328463005
5.328874584740102
5.0214585286509035
4.998074760083705
5.0804992212081785
5.056937520055034
5.265145926729437
5.562933400919558
5.464393589641941
5.527874012636007
5.673381694026317
5.691588894124772
5.66644219359992
5.693318068620175
5.532244867750524
5.599064476351814
5.723388065403686
5.65199231319296
5.620339963970435
5.558726453033308
5.6884088113419615
5.993111230880549
6.029122411239731
5.896664000170398
5.921767194644135
5.837267949927714
5.723247363575231
5.878553574142828
5.915588784095808
5.971047504718535
6.046751170789365
6.215449635736853
6.129371583437622
6.135469515798832
6.3423777800685714
6.260093730371361
6.093993560402929
5.966356539638119
5.388742453484342
5.792051687878103
5.958883418990761
6.087137794381089
6.3909439433342055
6.588082065086136
6.351242196434994
6.205174934783129
6.4158192875724565
6.583358560702204
6.551777773781782
6.420534676311618
6.296339077124681
6.358360008210025
6.467553069132788
6.350136081687152
5.980315080471956
6.1086031419867455
6.461107985672653
6.240250303919498
6.337378909221669
6.133489707609849
6.196152505621865
6.125318365333266
6.411088694245569
6.132318468905112
6.581670386773089
6.696081091934485
6.499644719804683
6.427438105101702
6.384338212611064
6.331106401198992
6.300527963624235
6.176933979452318
6.286994100248907
6.1915667398723055
6.267505875936589
6.143803314202907
5.992387277542382
6.184591488788373
6.15068498626687
6.281063803196908
6.414036776683315
6.489421754635421
6.502812279695999
6.122443320903814
6.336102159380691
6.482656025008064
6.601089779375388
6.81109521658625
6.452626940541441
6.615611995007382
6.652509452559869
6.55250144468909
6.5300118045891935
6.502582070837235
6.375479139733821
6.369648020607985
6.457885018421019
6.251074968658952
6.366415241072161
6.557012517667188
6.7470315241120575
6.386598284274648
6.669062251137237
6.596708414823253
6.449827690855898
6.582913894894321
6.201568244662745
6.429480953242161
6.379668901637416
6.261625724779409
6.391868968112082
6.453308144563669
6.223469555994337
6.545416094475217
6.600308685020011
6.480849285592555
6.50426661565667
6.425055023099299
6.582697392437828
6.445936841789051
6.429867122574537
6.690756227755775
6.543874616157444
6.752646818527259
6.620006951093171
6.681500451659188
6.553355634011405
6.50110396418128
6.28553597378483
6.2833165090669265
6.780174184155072
6.592171198183602
6.366467581254237
6.44143285933626
6.345641959695376
6.647195750561167
6.397018449806064
6.506483883536063
6.548244059154993
6.765607404115937
6.7331342997096275
6.489621705302369
6.370692757765269
6.266101243374601
6.672234664308237
6.715332796522327
6.324606906561198
6.161175549274918
6.271081137226765
6.276599635577708
6.491828660423328
6.360568412307216
6.453902946436966
6.664095185058838
6.568001917449871
6.6392764142628256
6.418441350657213
6.368081555071444
6.495113420249837
6.299169808519935
6.500392986817654
6.543530824254011
6.65400670915399
6.537986337760595
6.7076303295879125
6.649231934645424
6.476089334845229
6.635172939362855
6.480403132689615
6.286594848988078
6.663246316327289
6.483579432314356
6.438590741976659
6.164339414643822
6.431949382796193
6.515076950680753
6.343581130878012
6.488173998362602
6.5051549499508905
6.223084863127211
6.369445742339563
6.66470902554226
6.529502197555547
6.205086655145371
6.442407448621755
6.437560654500148
6.214611010145395
6.202992340798915
6.336650808329661
6.266551769317383
6.479531473062215
6.564744216309018
6.465321461842516
6.495593934332999
6.4969136020632545
6.411492031382383
6.38031897687261
6.319885630195846
6.615617683701979
6.603067920287751
6.567508440536289
6.247018122719658
6.493164218459055
6.706287197117151
6.437741441317472
6.487456130177771
6.511255189857292
6.549346557049967
6.553203820811329
6.465740864444497
6.324992738076236
6.455113412891924
6.222054826814957
6.316828638680766
6.56277295076749
6.292395508292058
6.708498305657129
6.483364655168813
6.510137523124888
6.712101807394083
6.6825271763257375
6.557610510943389
6.710827862400731
6.472070675613677
6.472433661499868
6.636009331078531
6.564014572566054
6.443781398124789
6.550916184361275
6.14672749811468
6.237893681304712
6.189531955022169
6.0221460363152115
6.4736624634522375
6.591257360641326
6.306918167249577
6.570463629505788
6.614383569054661
6.635813686087539
6.593580925982505
6.78669575746994
6.602026222257632
6.679816329679466
6.620114272116865
6.614534868117147
6.390002497353054
6.443528389673197
6.3428372928802625
6.3910408956725435
5.887077891466083
6.088291232753436
6.342640857965875
6.50046770289444
6.617614862975588
6.305592450028733
6.241985584363858
6.0867619300422735
6.021868880927251
6.106255917995052
6.163792176551647
6.085132433733475
5.923678784278417
6.09757630793718
6.054335755420402
6.065943121556164
6.599436275728072
6.561444537684016
6.153238329360991
6.563978141397158
6.514827545814453
6.364384219580357
6.584390328477893
6.72839156832616
6.417579604941105
6.653513380351055
6.56474284102263
6.447250193940604
6.380501595267669
6.499710728829084
6.470239489765322
6.428901532268962
6.52500603573354
6.57963365716426
6.644948481395365
6.516551173749114
6.421603639290995
6.546236013215025
6.621886142231775
6.273970385534112
6.399244111625569
6.3997323656058684
6.353642404041993
6.603936838995507
6.648117113497011
6.563615141003586
6.431383059248688
6.2363353719923635
6.226485157149581
6.501089426295687
6.465685339325736
6.270481541253539
6.293387127993995
6.089262002751194
5.942455828614584
5.8835823135877305
6.0116063136338
5.916654298456128
5.99885158514689
6.034058589628467
6.044335274126723
6.199618856719513
6.284079704111312
5.975682916389067
5.537788258259582
5.455455259477875
5.545419051574396
5.248690908474986
5.197261668913941
5.509110249134086
5.550678220067529
5.880016344876799
5.848667447643569
5.538785962271728
5.848268427495767
5.733000032492612
5.649054413725439
5.462999625729994
5.3809875166778
5.508639855316851
5.726970614058716
5.550472051994997
5.828916444285578
5.772359529237902
5.728237912903354
5.746914603367234
5.526911578773012
5.688518943698552
5.748546816826537
5.34376631384138
4.892446915216898
4.222187710323545
3.776602618399841
3.8164600187877946
4.187493769251841
4.692409843687608
4.8623222439630664
4.557233559154591
4.97431250643094
5.337385305792553
5.467629421507539
5.940245647656572
5.916257976679036
5.979897493728403
5.984035000177707
6.020210485742439
5.784739521640873
5.771663702815831
6.038097538831953
6.128226376696236
6.2045369971078355
6.052778585438701
5.81427304829506
5.8907894441623805
5.985338675118479
4.3870262820420995
4.37512403435494
4.045892984106534
3.8820355836420957
3.3731736893889503
3.227183301117396
3.0694152614113372
2.719990707925631
2.6541481122061046
2.7638797273819415
2.981181176222984
3.174052412141365
3.265568564136936
3.079136402656782
2.9230352962497457
2.7901843247149274
2.3116662928216876
1.6948684270188459
1.246766793505554
0.8698687086331971
0.5389857032040402
0.6611807982233407
0.9193878429800229
1.2718615000088085
1.5737879780414352
1.765065950222628
2.29365194881753
2.58750000807361
2.5155722641901184
2.486782432227249
2.50130857547481
2.576735828864086
2.2796553715780954
2.1349662165514074
1.9129993616779768
1.7585247135158175
1.717723334213532
1.8600315687563345
1.6945788028877478
1.6138652758391132
1.57962770562951
1.7200017054098844
1.9413767078162691
2.002806437120916
2.615927927621374
2.901375703828697
3.086887761702
3.211989780040212
3.3999708548008982
3.3411333474186193
3.0801986189988724
2.9959743390338187
3.016666179963388
2.9690076103006406
2.6909601321129335
2.5152635130140135
2.8360997656565923
3.0666935561762605
3.378358007737357
3.3040233240410855
3.2177953809685667
3.4475679305473093
3.523660988022162
3.3239918203655074
3.4932484236410835
3.422224014794467
3.503939526959689
3.4558913122978674
3.2607540842876306
3.028788453315251
2.595008123898949
2.8107717410206545
2.8493472737845535
2.9307713771222925
2.955895271102301
3.1861054172627563
3.025419786117807
2.7084143835537913
2.500407839822202
2.3068190196339096
2.3155114580478036
2.026140142847537
1.65560369242136
1.2953364448549949
1.7684969627300418
2.0487932795554133
2.2470956344923345
2.3818257126631144
2.8406292738336067
3.188068532377387
3.394685083864025
3.674631028927436
3.8994369654267014
4.048553412163264
4.166537605812796
4.083987070302473
4.15413999235422
4.111767559435682
4.071649377365935
3.797538337570365
3.6193306903688467
3.5267823421894335
3.42731219180508
3.404218962316393
3.3381576260740657
3.4927474585577274
3.836017389726055
4.181503515500955
4.475720948150486
4.409258624729898
4.3259362888171475
4.231634532258056
4.3100572032697
4.193778244670632
4.36756583792387
4.301084492019302
4.529471951362109
4.282363561847388
3.8287033603016107
3.740161848671634
3.5373048084255374
3.52634849519369
3.5515118818511633
3.6420543896830395
3.6172776298967237
3.4393535437509115
3.813027910094114
4.174516455073261
4.351913247998934
4.4866458776141345
4.532504038471098
4.499258812686345
4.522855387900823
4.42319353375423
4.217033458431031
4.290944174592327
4.145346807114639
3.978454919000724
3.923859263909101
3.7884982451796225
3.933519109266045
4.013722786475715
4.214138019023933
4.244322181135385
4.493889325581408
4.523668623499371
4.661570467821863
4.564348211015551
4.551085620289124
4.667904139466005
4.667849518335027
4.671901513716335
4.429657606218159
4.292828713695202
4.233978353982012
4.283261197517943
4.521917761721637
4.584659311324112
4.44787406519156
4.56537969798263
4.705594045587216
4.624290951291856
4.700309588836272
4.750169163989175
4.696171230714158
4.700257390708318
4.683685020185417
4.753316409624843
4.792756304085074
4.816973405381388
4.647384883090424
4.721120477090823
4.703278981214335
4.7635205462987695
4.687856769199113
4.679580333979037
4.696362906912198
4.748942341763546
4.721487876286484
4.669992414235955
4.331427691890712
4.347977322607941
4.477343214483904
4.589616644086502
4.769051283095205
4.796015337008124
4.761236870105173
4.726642511381186
4.681722161761631
4.627786631579586
4.71124204921517
4.790065140136065
4.702568931792369
4.757752055811753
4.739730558165912
4.740355369308927
4.643104623596798
4.702657951357104
4.686097038633961
4.631061996487309
4.618104594175378
4.463764031981886
4.5942810299070045
4.665063484763747
4.596837379903852
4.624664681135934
4.654774771334291
4.5603531576850616
4.494897316495178
4.446611918363469
4.307480809693776
4.344892828887987
4.356446393283302
4.279621185785813
4.061000440295984
3.995354957039148
4.141090850650268
4.1440838510304685
4.154211996840365
4.3644846516639735
4.356186615433987
4.47444538570358
4.521204119242589
4.526519813230985
4.517504612898066
4.541037251038801
4.622412674868753
4.606293616809854
4.6578878600873805
4.558475240246296
4.634837566495184
4.69464129362506
4.714846798244056
4.731798238191918
4.7856278028700725
4.775455153284964
4.765395104065827
4.758318437817026
4.688383493814094
4.7533840405733585
4.679160142583511
4.787443676439148
4.796104032908509
4.822972328034441
4.749917083742392
4.789821200909609
4.7614771001269185
4.854558006039989
4.8326137968823755
4.807807443022551
4.803090008590781
4.86897398493532
4.823490511304939
4.846751740866812
4.7383985695309905
4.870458868981854
4.845397207352944
4.8373399365986165
4.815806424452174
4.774993328863839
4.883923363017073
4.79614259355414
4.845977087173248
4.80117053263875
4.866462509781877
4.810246636332404
4.840462842918091
4.8517546175302275
4.858043193963735
4.712418063134233
4.801401645495069
4.8110419128252015
4.783816308906483
4.81296990636004
4.873533394900972
4.7885599175616465
4.848917257424952
4.874571869562323
4.831171365515955
4.805328178100808
4.8567025884493065
4.79800638644997
4.839134754360464
4.832219286597195
4.832131346217916
4.850779025383298
4.844242851356351
4.8710448385764975
4.820373491057834
4.862367171646672
4.871337494789687
4.813322562156304
4.862344873222913
4.768338576002792
4.843857855223922
4.835720031019119
4.848882928826695
4.789147148849187
4.866074657675552
4.871068424263578
4.8368721829135195
4.836438541382135
4.839965216399927
4.855950169569832
4.835570335690217
4.826092688330019
4.874824450805145
4.813603455763571
4.879525145986423
4.872085882441015
4.798729418501836
4.872630671228857
4.865177079480375
4.8084654847778285
4.878356434808273
4.711967959146459
4.8107949653013
4.787950199477676
4.833684611010436
4.794398589016451
4.845515352372589
4.775548403553055
4.729619923299405
4.801469391519231
4.842226865925889
4.810528992420555
4.84297007203954
4.79995035026027
4.878158850672746
4.833664023069224
4.864237384301563
4.78327647371542
4.85345816657969
4.77128881709515
4.841232902600825
4.844295381277666
4.665183900928793
4.712698357745199
4.774327283486348
4.75231193626312
4.796017465775169
4.806793480956673
4.721834174771494
4.7360474133828365
4.687932362778348
4.632248411816601
4.365713594920474
4.367343554145256
4.384883305346198
4.4533720988893375
4.482706842704232
4.415414127544258
4.432637836461802
4.240154339522818
4.305822444284497
4.36563765827933
4.345905255611771
4.424624221281051
4.403233546514973
4.378037280101454
4.391874791402768
4.339272143733542
4.364292753689495
4.458467284000607
4.4380304777325446
4.516059098696126
4.362843287867481
4.5124428479777325
4.412824615814027
4.446445812071419
4.607635466929336
4.5919143591152745
4.556047405147652
4.608995675516496
4.59413722021669
4.534799705499235
4.519285471371662
4.513358526617686
4.309489838115622
4.3418774490604
4.199133817978009
4.271532340057435
4.298661238240868
4.408628298593997
4.392639640581704
4.373563334217296
4.453771298863197
4.423500363079123
4.507210612947977
4.488666647054499
4.525478004764036
4.470595669945757
4.441034473286473
4.475481657240813
4.509033551503661
4.519199343022011
4.452745244880086
4.444073976377661
4.453727893459355
4.34479629795239
4.450310382187203
4.405665640733385
4.535053921864305
4.42317342931197
4.529378496845157
4.603262516554641
4.694769592266506
4.572012298451676
4.612447905061018
4.776519475861049
4.800935391029649
4.84219482453955
4.816080317693301
4.772978959110568
4.83614757857139
4.626416390958825
4.817448355524097
4.698788306194047
4.6264350448799005
4.779645954363195
4.80315360826891
4.802205063076039
4.7136859353509495
4.722028673676793
4.692287193049475
4.744945285040461
4.739564473970068
4.712302848310303
4.641776062308383
4.563032837169212
4.714301048470104
4.672594861702566
4.741409833158287
4.676254529721467
4.688374254352635
4.739164247877257
4.742296493931055
4.737980748208765
4.6740797391334485
4.728751686819495
4.715966317084428
4.738795635719336
4.736894121618663
4.674229147812166
4.564543663706873
4.711244040262741
4.689439793486668
4.805436005696126
4.825130358559518
4.7770006531223235
4.790705908967794
4.799750200940046
4.806371109574242
4.78767806149901
4.792031769270465
4.817171721179038
4.79341904302335
4.8087924511109055
4.739532113637025
4.786021951291781
4.753683493007286
4.791164456892432
4.8337764341299065
4.7994805473054045
4.771389502472102
4.741681395865462
4.801603459134161
4.631363693385868
4.749934687782016
4.8470123435551855
4.766911983481744
4.8284183146484185
4.782051793989294
4.805438478534405
4.811216487923201
4.777558770640328
4.831652176444888
4.8553353328405295
4.714505425296497
4.827063027393041
4.845124611235944
4.713150681687485
4.801956733487325
4.72814644538739
4.779985917498363
4.636435363107708
4.723326253532621
4.758034150235357
4.733755362180839
4.698028062144703
4.768391757704032
4.69477892364222
4.778975642419225
4.848577357068681
4.832316457673166
4.806044019860794
4.759036410308158
4.728613295607988
4.732846227008606
4.794119945281868
4.767872161991093
4.738552427449216
4.787756228628331
4.598820135725278
4.710521351150558
4.664657874443291
4.685478914204478
4.646791195662531
4.663241847789723
4.62524750968336
4.6663828016807205
4.6536838135468965
4.625233419090575
4.664853237297433
4.488312991151006
4.490311700982579
4.386850130311279
4.402098574485348
4.4154451316085295
4.404756450275146
4.420313383722994
4.377519407617037
4.40556800602483
4.51221364439956
4.489635183324041
4.491274566506926
4.527097228518007
4.4491213557968505
4.517991289783616
4.465056386942395
4.606757394340091
4.588748893418119
4.6147504863794975
4.574360213333291
4.5385395056431035
4.469978955376513
4.60184133036323
4.532705756780388
4.5167900713057
4.527991712210964
4.466580406504127
4.476182426340382
4.403060286109364
4.409343684634326
4.400048569572165
4.4149981905709605
4.241789274737334
4.272286744674678
4.062556853068207
4.138773614556474
4.069890760912226
3.817167265083343
3.844986443337949
4.036269160016856
4.086915233152295
4.033719350276906
4.065027145256151
4.102465428565526
4.194930362970196
4.0340194832704395
4.144439428238715
4.128603259761401
4.151986769504436
4.145847609548079
4.041572883905447
4.1262359794605405
4.027682839063875
4.045117850675483
4.0802521899487845
3.963414057710903
3.9893735832385717
4.020645302058227
3.9850968340012747
4.072248493381041
4.011308974673534
4.150163019950132
4.142512029174799
4.03889924675296
4.3194561701040985
4.124799659418278
4.14495273640398
4.209990406592512
4.253860306384335
4.219082434831414
4.269852601019073
4.218858105958382
4.085584915423014
4.263042142505286
4.26033503041087
4.302424282096343
4.28203518271177
4.29452710872087
4.285053890007851
4.469470822756494
4.371365608963906
4.255308221245779
4.353751454027779
4.375266365131322
4.432651365851635
4.267045839546947
4.20208987480609
3.9885234237770226
3.989402892530417
4.151614656346341
4.150732068304402
4.344197281139324
4.4009584178733245
4.463826433372374
4.424453142658143
4.430987511255548
4.47866458369637
4.643938234499186
4.696441547665241
4.612359319274253
4.813963748562292
4.735430360996119
4.598366194611872
4.6167676015680055
4.774330393927691
4.6913619074659225
4.746951580505791
4.71253497014297
4.721761308413077
4.7420754640573435
4.6977205398288815
