-0.7450328750357447
-0.537076779494918
-0.28501966487662395
-0.229427820004903
-0.04937096230700236
-0.09105162214220933
-0.04850918734609219
-0.14382241651835187
-0.05699816020819645
-0.0302688022228249
-0.28271155321391467
-0.3506346905767493
-0.3164144415891023
-0.16264965222155606
0.12016662032905463
0.31591673555266736
0.5233220952512192
0.5259803666426968
0.5924997240394851
0.5075782308999487
0.6322631157845936
0.6433494024640865
0.5202660012406494
0.5027210443654212
0.44437571453151614
0.4333002209498368
0.3847299682440191
0.49390386345431414
0.39531821869372913
0.27627838708225316
0.12011716670749333
0.22590120296377095
0.47703044481015167
0.8078024203402342
1.2913099791432352
1.4855730945315415
1.675299236345095
1.9687270542079642
2.0368414544409497
2.1181321005335882
2.342853100247679
2.633071893261725
2.675784977413965
2.674037549524664
2.7503269764324876
2.712362668615428
2.861263375544549
2.7822183904748
2.8228010770921594
3.066068924882536
3.2381135514233086
3.3566791408056793
3.3177399183787215
3.392788449807991
3.747277373597476
3.8569485041503793
4.026043962338101
4.0868032437164015
4.085007875648521
4.172680140523614
4.237729263725778
4.297795238047853
4.247791931707372
4.043359862496675
3.753026452246041
3.8885612088825776
4.121327556045859
4.46319325196465
4.626246600080355
4.7499547956715595
4.934033748387789
5.014255643163532
5.1211179385700305
5.105856649647426
5.247882989084645
5.02063779663644
4.7584564832994305
4.861008441245629
4.879861380840608
4.961842671693089
4.86591121793255
4.91393748623165
4.868805756959319
4.790275608631762
4.437133335494949
4.495107137132977
4.715907731281069
4.839805791822431
4.98587145871507
4.940965241330154
4.83532235976094
4.697675037300439
4.698460677685926
4.8150842999691745
4.867354184559527
4.8946493528663915
5.066270744992181
5.316346264044375
5.430856564440319
5.36431468033667
5.302597127187644
5.1540545937900335
5.41123247030063
5.47191785438214
5.4308210215524175
5.459766703264018
5.378017208252931
5.389741888511315
5.522591498025011
5.448258927033429
5.208849982217526
5.219110446487974
4.992204955676392
4.812054712947806
4.616410342713355
4.483817950139893
4.628349174178891
4.865197444917742
4.83407309327632
4.579498236014778
4.578384190816522
4.503506431784129
4.476228488885099
4.406398662050946
4.4514032091919296
4.685123097244588
4.768783886278029
4.667873166187523
4.642143520074814
4.45344526569237
4.478241230805616
4.473298229781154
4.540413267046383
4.693327503380322
4.759287162545049
4.854959693972436
4.997092570296087
5.140109961261277
5.162163970376911
5.342410798975573
5.423542021009521
5.521636670415725
5.440651578049185
5.319388487493426
5.384590950732356
5.5325805082173245
5.3821954760410256
5.137205977642386
4.767954861315308
4.790429402465013
4.999155031267309
5.104640352859934
5.095726936302202
4.981777653981533
4.848896277936472
4.922775953646816
4.874964549239715
4.863801944687908
4.919377032109244
5.016865159203802
5.061759752628805
5.0685805725277655
5.272080935292202
5.16474571304866
4.817146765825641
4.893959325724861
5.227017169503117
5.2694113504694675
5.336241322077412
5.26267893889071
5.357624858536758
5.327758556502589
5.360509154836101
5.448920561763686
5.466804904372957
5.569785316347093
5.6011757222181355
5.7044620412052405
5.406029560613242
5.483388998912212
5.460653174750523
5.059355799445059
5.183262548705585
5.102386682960369
5.173854936804278
5.274078315749445
5.4740697397758735
5.494903341275753
5.505689483614294
5.456815932313143
5.450488238870089
5.235842960484612
5.101726752834959
5.218844378333124
5.402644745222177
5.557032190311141
5.547800510120146
5.83242579995171
5.917893956201342
5.851544571264364
5.908736529828609
6.078806126923034
6.066193092872124
6.047249551885375
6.049375335976299
6.020883735936694
6.099687031601891
5.954773106717628
5.757680086736466
5.733994589810402
5.596176230739368
5.659059430613354
5.596005300501827
5.581043331950817
5.5308129988079235
5.375294280859903
5.260195684098132
5.24423223727793
5.433378617331648
5.567693173192993
5.514564993196842
5.24154727090051
5.328956561831477
5.4340172231873405
5.534751440087859
5.371217907738615
5.372881289164161
5.453782038167706
5.451335023294339
5.601657548641038
5.763513686951231
5.804050426723989
5.93692321263498
5.818755460051307
5.650421871070745
5.4636021933091135
5.282749005879956
5.251498567185222
5.262540000672491
5.1795061976654155
5.259879511044033
5.349806346917149
5.305988172650261
5.470931715263199
5.428892996900238
5.421018025233507
5.233121916479819
5.151082427966613
5.100979391695368
5.042787435257919
4.955763413652542
4.768996332119994
4.844693247507435
5.0304723942350025
5.109392991141507
5.1495540410550795
5.16714052917285
5.1768135990599875
5.119826042367715
4.960759620806481
5.128967239744151
5.478201753031691
5.7338459401784885
5.817860413880951
5.683093478140864
5.65920517174156
5.575425105477512
5.479190967783815
5.418160506549623
5.414075634679904
5.38845419053089
5.284697652275443
5.076543722532623
5.192304252443555
5.235473171584918
5.250759724338923
5.243193141598655
5.1218332701893265
4.98121378755496
5.000620355628521
4.894889403956537
4.889288634565114
4.9627368307552695
5.196236215353406
5.235697463583864
5.19212170833689
5.226955341875043
5.389160750972247
5.416922296106233
5.511179737104657
5.4736167252728505
5.397983782833507
5.428870937478971
5.536761006225983
5.602939675240103
5.590340650351037
5.571652386374247
5.547992656637309
5.356143120083905
4.947822870431595
5.019136028435372
4.980680714981332
4.921286080792124
5.110941001381956
5.21975269663468
5.47990071185999
5.527749769266636
5.42144693367119
5.3066465197539285
5.284943164613909
5.281817141994067
5.356193261698462
5.38316263021658
5.4603391213451395
5.2547714719075325
5.425246142813283
5.5435057262550504
5.5273992998775086
5.704241058465361
5.719867856581892
5.7629977956799046
5.594343893779271
5.473972997614745
5.357986674382175
5.535315040973211
5.783116191485148
5.821881615669461
5.938275816104734
5.858140678653655
5.754253756170563
5.613805708858085
5.624463870345608
5.776014740922627
5.751485892820085
5.739576300161475
5.5815547784731585
5.599400359672497
5.714927103887512
5.780883270250878
5.637237874147895
5.629460422146374
5.820789044408972
5.886450873133571
5.965577799477448
5.929235167616366
5.869607796721843
5.758221734658801
5.781032763348285
5.849251623850953
5.910723558070113
5.980217706378402
5.84635487986103
5.737411625654069
5.76821159682926
5.914083292272745
5.935879543235731
5.865293549694725
5.83972478840989
5.949712751662511
5.954273556107153
5.945578708208311
5.749267079155077
5.547795462911317
5.4060961393258085
5.595887066602445
5.521770718425135
5.353783777792503
5.35349350302884
5.494046732233833
5.3128200603387805
5.283300575509543
5.2558302785981095
5.180391777340207
5.278010735090155
5.258169133100143
5.252910962536479
5.22858824794605
5.23342988392832
5.330096907512223
5.304559244150914
5.448198242163935
5.368389550118771
5.49408890527658
5.549916212318424
5.745102928566206
5.749481164222209
5.667304271056686
5.70632887870197
5.64562994670287
5.74074985111198
5.711432354624205
5.735342662725798
5.551099769961063
5.658348981323552
5.702534080364735
5.774292621553279
5.842494673643719
5.798531307868289
5.851919915278195
5.80907828558134
5.866523667843437
5.753572071319682
5.803579831839123
5.739597694202269
5.705543951964589
5.815171544524453
5.708066754990827
5.748845163140486
5.887432843189282
5.937338482513723
6.027864144605153
5.978301475577735
5.953353502572217
6.00671178191478
6.0426274380387826
5.936637086526641
5.876493933829347
6.009668964742516
6.093702067236788
6.074133855525084
5.9655625826190555
5.998847473270152
5.9705610470160115
5.994101805593931
5.7736056683580115
5.767020092830778
5.819524124426104
5.88239599480648
5.844159514565178
5.580405698050404
5.526199577436575
5.517858304793918
5.515912128654156
5.541723941149196
5.471480424032111
5.464229616593488
5.541724286948761
5.543754840406059
5.520733451118267
5.517428911610774
5.5869605997006575
5.708752657022582
5.754204228206958
5.753764020393087
5.8789905037124575
5.9304276179538284
5.879900473656823
5.873165520127252
5.8663305611437435
5.9572078630986365
5.864450877561762
5.885965373544732
5.897235505645105
5.927422357644109
6.023993869263153
6.1094855664524355
6.141515245735796
6.088917922644139
6.076191116348505
6.123276825786211
6.192520111746996
6.257960801020662
6.199075038461046
6.160840429305031
6.358987231441997
6.238229464141291
6.28769981166483
6.278148612635213
6.306557764020747
6.316656869026855
6.169240594837718
6.171304300881893
6.177268371126823
6.315007307380966
6.371028243295996
6.190560967534418
6.1532778285575525
6.232947063198339
6.2390347437218905
6.241466304595145
6.093572494003976
6.036886074970926
6.198833829681337
6.254624978749239
6.329060457554559
6.357070740987702
6.369616052029456
6.447196782124786
6.387634627711947
6.4257976139197766
5.758615973080796
5.565767761567818
5.4089154171144544
5.307155954921696
5.116892153916249
4.824070939691269
4.460972423344887
4.325719625703017
4.478871073355996
4.292982746522838
4.028589604461821
3.8093099948353966
3.78684093639759
3.68541869858396
3.70279547816765
3.878324298320731
4.017568453882714
3.8661182337962834
3.792321855585296
3.6684696383755737
3.6960294057880203
3.816880037566035
3.8182478542815996
3.741180465636342
3.6867564037705693
3.525783034446199
3.3742357138599273
3.3932156822755384
3.3666127874036893
3.6594953638306356
3.9908110280025024
4.267703898227609
4.363271774986469
4.3546926286577285
4.30714113155437
4.1931161799947425
4.122493065657183
4.127196734623656
4.371200350787156
4.325246514392416
4.34239351697616
4.257487305274455
4.401609376608526
4.553211208874266
4.478096730437196
4.47418456286376
4.355819430219551
4.364397701876381
4.397828972503432
4.690225422049074
4.85108692611455
4.88175677626768
4.594588446075064
4.635473844044012
4.458147650212028
4.439515316595801
4.464211520839952
4.422962688793579
4.4317093070441
4.474498235538153
4.496735674835821
4.589895658659763
4.7537260499308
4.722385133196558
4.731723206610734
4.596131070886806
4.746359928528055
4.690103204754807
4.440332181051189
4.53184320845219
4.589978272386718
4.7393354690500615
4.874447323625086
4.8307261075569
4.654392409402044
4.679292305686688
4.584682379720579
4.643219261355899
4.560084694935544
4.585248725649438
4.641915504513233
4.722558938736992
4.757112175042097
4.671465862981312
4.709809591714156
4.649543835699032
4.573612614154546
4.7278105742279015
4.805702831658718
4.897191398758367
4.858002189482467
4.875169469132121
4.683737836322618
4.585777724716567
4.631061090340303
4.592086385824759
4.5743022315711865
4.4737330311137535
4.501658776652176
4.606168270983408
4.66340568194955
4.683572264847374
4.589512177751466
4.63772732877754
4.498215544758383
4.281765920755738
4.218727343086841
4.281104595102792
4.265155932776832
4.278877261421311
4.253109029458181
4.563109293944617
4.670195536931264
4.790130796065576
4.738449845171439
4.8251947988524755
4.949193949312336
4.8823129460717745
4.990241517265446
5.001808519337126
4.963596868625265
5.179640527375054
5.203873553628041
5.290566497967994
5.242529579230673
5.196010821612861
5.0418586988578316
5.05792542257891
5.097426098350413
5.312381798109234
5.368985105932167
5.196461924486561
5.135618033733561
5.023287439320126
4.9016585634152205
4.802114583301096
4.78058578529565
4.770194367746443
4.836346593613258
4.889847885131372
4.89260692678478
4.9906370831036035
5.00993217330308
5.032436024014621
4.979806899091496
4.9950254378729895
4.946718394669265
5.000227081447573
5.097565322151795
5.2101339208861575
5.1505898429099135
5.084972836196039
4.969320293198709
5.040807263911747
4.9447609908838634
4.975540205575039
4.826670081946922
4.937277462921623
4.991487441823967
5.049802579372461
5.230613801498276
5.350847821785906
5.318163503181932
5.455165849840069
5.6091203051809115
5.575093521419672
5.536434456199308
5.548138967732095
5.581629147838189
5.5949042334918975
5.4182811444274055
5.291138159645812
5.302196608010312
5.236354061341526
5.249807385390311
5.359511214903377
5.411858679601724
5.5742973541295
5.602198490605721
5.721694070857299
5.755424418146988
5.804377939463698
5.795933009623991
5.792648636748711
5.876884256958619
5.86221800578448
5.910527460166077
5.729463562005489
5.877376334942534
5.866554798801612
5.871993768810861
5.756182542872925
5.689378824094317
5.659073308450954
5.679733976332318
5.796137126346907
5.777892200252167
5.779839418105659
5.810786385872552
5.972006394482728
5.828938032414292
5.746873274487955
5.803423028175927
5.853177082514216
5.818148177774016
5.774555917197185
5.868610629070132
5.841270910106141
5.852592793094534
5.864985865428057
5.957225652643576
5.93364751935681
5.964800835628656
5.975996307159146
5.959039870633663
5.813273258521581
5.869728172822736
5.9100899537020295
5.836773895294989
5.872638074442568
5.6956980929480485
5.824443209094986
5.866061582946793
5.889801174910063
5.928389485805442
5.900224303069729
5.78719927950103
5.898910624060242
5.906010487842566
5.892125087245079
5.913652966235663
5.840132955851377
5.796323977114776
5.950310192516644
5.940542736321744
6.04575491304206
6.002755878556521
5.987006560484047
5.943203549100144
5.980539155030197
5.872035141697461
5.8932160303306
5.872504844624075
5.851009914036033
5.877908410471089
6.031094415218631
5.994539545858015
5.999568148318039
5.964106903605539
5.9564697423522786
5.951087284840141
5.972588582050959
5.904435542333865
5.8451902323543825
5.982070920163332
6.0349701611839075
6.015218861646074
5.9379131909863165
5.892570494426093
5.8664450144280185
5.867525169382136
5.8931063038451
5.858036126533557
5.8396543259161895
5.939141747101469
5.866490884112104
5.915461888150446
5.975986252330988
5.904754995660717
5.94585311062175
5.989371553035905
5.966593233747981
5.781643520100639
5.898586123952036
5.880984145955969
5.7887112505555
5.752015270332191
5.8364596997248075
5.866599300075004
5.865695757401593
5.870709048833802
5.933824504511659
5.887778566415015
6.001078768853193
5.988719656992146
5.9019533556300345
5.90905662713403
5.9145699260981335
5.861614362708959
5.872509931015002
6.003573189705753
5.980701978060804
5.974299585064898
6.042377345443997
6.069535201586036
5.978363505173422
6.025331047337037
5.960511734676008
5.981046285982513
5.902029883828166
5.967683552494004
5.993190270424175
5.94212103193381
5.853490436486939
5.827100444674172
5.860499933014191
5.940419784082937
5.865802554762961
5.952040956373394
5.958458121099686
5.960176094869517
5.951371296790414
5.993247348039622
5.929182409414775
5.904685614395282
6.048725859353116
5.9670218654358855
5.8872663435746695
5.894914406912469
6.010318811111331
5.904523390534511
6.007523270096731
6.008578771900459
6.024407717432025
5.966157773579887
6.064214322295381
5.997646409471636
6.056044696419503
5.976291339251358
5.979022571930476
6.010417704320816
5.878425944807933
5.963860352176689
5.880422733465588
6.033386586876673
6.05271545058918
6.0151798317016825
5.871913275410504
5.946666332036397
5.8834200058046395
5.88959564906335
5.858870310941099
5.985055967541752
5.8759141642308546
5.907041958437606
5.9595630678087215
5.944847865508653
5.926534526355962
5.881531431654387
5.881619357186026
5.897660301366507
5.92018570490922
5.963402960805026
5.927153021050961
5.897223584151917
5.900283016413986
5.862487927770562
5.955465835337532
5.952310663501549
5.903498823874214
5.931462966240535
6.0447419004643175
5.9653807341959375
5.987120151063748
5.929283054109256
6.007068864388264
5.941036705347012
6.002507234349114
6.00388843987862
5.9658584108910535
6.007987978083846
5.980203573280068
5.903264982771116
5.902387914671767
5.920098300603133
5.801402286055879
5.8609300683724435
5.84174107843147
5.815239075489412
5.7857309293622645
5.785054118152215
5.867797752981396
5.832714921946761
5.951347625432988
6.0500729011505605
5.993744562860707
5.995066571002194
5.941705864713417
5.9755738138865695
5.944550157449646
6.042408046059168
5.953862254167275
5.983082092234663
5.964150886857363
5.925786254094476
5.963476692930934
6.010389612189925
6.005468247014685
6.105762922997391
6.037517155490695
5.984493822101406
6.087184438834019
6.018300665979921
5.930956753524392
6.047642507363394
5.947171441528467
5.868605316604125
5.969979881840175
6.05391892364258
5.9679585485010955
5.944394352621279
5.886555587493292
6.025427692277842
5.9351698776506785
5.926756842997931
5.947747230304283
6.005892340198986
5.9814625965319665
6.000518639005236
6.0312413972409304
6.011857079882827
5.913232764567034
5.942274663133707
6.076891063828803
6.053357372630102
5.963267468900681
6.003647605934232
6.015332066065088
5.996632773830685
5.9665376482633175
5.890774294195337
5.9725000613777
5.968647826866811
5.909647098625879
5.883968401140253
6.004286429919741
5.991911248455337
6.015418528226796
6.045009580323972
6.082567029433892
6.060020389908061
6.045963234792778
5.996442929330199
5.922772790318607
5.963388219251993
6.011374521990601
5.970641290710281
6.026251922678757
5.978692278323377
5.954445906610772
6.082032680239122
5.973752545480815
6.0374380260004905
5.929740775451912
5.963981814826798
6.040535105771692
6.016511636352703
6.0471751888938865
5.952305376406759
5.87402009897765
6.003010501457337
5.949022344177206
5.864400535565617
5.946223701250008
5.988188515177846
5.920955722166054
5.914335090595374
6.01614149924585
6.024916317154574
6.029275910867711
5.946194674865776
6.067711527426066
5.961807502032949
5.970537534544166
5.941024384978889
5.856448902264564
5.914769993263443
5.880786847305797
5.8537999036361885
5.834233769943123
5.882358147516514
5.896418487989394
5.841013256454016
5.823657070799291
5.753153831597524
5.798067952691078
5.760586915823301
5.7981835378359285
5.795774392113802
5.798969393699097
5.812278872984053
5.862009128854681
5.82541574278572
5.915910303865769
5.829075362653199
5.9992520547663455
5.95924524209234
5.9314172356378005
6.057538454002224
6.022903434192485
5.944556805233862
5.982794205460522
6.043473866413498
5.986551996811549
5.983198184951063
5.999088954897046
5.946304000400544
5.895026587498259
5.943891324727486
5.836784566589144
5.907811209032515
5.852431575239473
5.842731649216766
5.825185195120981
5.9723144685474105
5.8931330208397235
5.933305707627727
5.907266350385052
5.909401819421664
5.919286361698049
5.990154850624546
6.047747139610092
6.033646219580492
5.94420813783146
6.013241506214586
6.007196289445947
5.836067406082363
5.76281170145087
5.945100781100476
5.898251756411855
5.8611641183867675
5.827460006856162
5.887220986226016
5.8586467507335795
5.820783833576063
5.942392860394549
5.8424279268439365
5.7848151582504395
5.93366760546756
5.899116258242875
5.910888307609492
5.93242612900879
5.872920568055967
5.865401322250173
5.896076674823764
5.871300607604869
5.883009569093914
5.882310430993591
5.878149284300971
5.801630732097488
5.809681616515861
5.72758210934765
5.681609254197658
5.630940721510987
5.633312330836978
5.670458650419264
5.7419127500110925
5.732511569337288
5.725636475796389
5.74665260404651
5.779138354207691
5.7179327461038385
5.726510174919842
5.711803563014482
5.645097286470873
5.727433340267105
5.6765190899047955
5.807419603491828
5.913500675947168
5.942316541583365
5.962201741882172
5.838768270591072
5.812524962193181
5.736354800021461
5.855206566245009
5.813885671240335
5.95265260560722
5.889514897841641
5.829813500233735
5.948273644708931
5.912731689459411
5.893941613000424
5.936297830013376
5.977415767221364
5.914712901775999
5.9295084365513615
5.977325471651694
5.899927105368267
5.908149494674368
5.9516836923705885
5.897608240948692
5.9141543420315035
6.038744953783946
5.86883068614637
5.920980989747866
5.973940639251011
5.937123071552578
5.90203231646267
5.835956372292669
5.78081015457073
5.893492904331115
5.8506663204745
5.9018155351439
5.752119115935694
5.713861369146223
5.781161919985086
5.788444543241201
5.865813956714655
5.849555322181502
5.890093991023053
5.875127275630774
5.938582763684251
5.9198618366527604
5.900466447137412
5.94747461666743
5.885318678930169
5.972279347985462
5.973840053942497
5.929601393771061
5.982225959932894
5.911289842068268
5.940626385123915
5.9474292651011815
5.911813511249713
5.963926009873119
5.967024776368773
5.938511979226823
5.910731837408701
5.843129531487184
6.033584726183591
6.004449808880918
6.010225186383109
5.962268730325906
6.097839301554284
5.94545012842084
5.971288134560545
5.953050669220422
5.974711318146203
5.974049969773056
5.949944439759078
5.911476698659449
5.91624825175954
5.8447290219320145
5.918039239411886
5.8738773832166835
5.962138969638894
5.85613497470343
5.912057446291511
5.9217828181555845
5.961074715001075
5.99113115610744
5.9922844006882
5.941116298850362
5.990158920294741
5.915219375642766
5.989867285086097
5.816552626130695
5.877358365132852
5.953636516050174
5.966333417673564
5.94417872160759
5.936991128517463
6.013501022129222
5.910365702354418
5.863381150880334
5.761618859581772
5.780852411546102
5.779963438324817
5.903321334150723
5.907485880575019
5.83771329142052
5.719280538792711
5.7046401774314655
5.800299406325872
5.788137882717231
5.746981438218284
5.717599861279848
5.835121530027461
5.864982946027425
5.871475565323644
5.770105813013601
5.752697916704692
5.679894013376295
5.678551316597879
5.636007630205491
5.6058015551466704
5.726661628406078
5.779132798317051
5.760571759764179
5.760108703438134
5.820745642582442
5.941178635171418
5.7155270513439245
5.858478454126891
5.76201480154719
5.786274369671756
5.7257073512597785
5.586654519988283
5.576202375836958
5.644207369785161
5.666053560003267
5.6302478562124225
5.701640392129741
5.623015648661865
5.640630849510752
5.6186228758793835
5.559269561408547
5.446131139820639
5.496924481085053
5.595435514145863
5.577624797908835
5.504162711641337
5.522205556451122
5.606765546241372
5.67805827723536
5.661598550223487
5.619382228866524
5.634612307022305
5.623330188301506
5.6694715853495765
5.554165987222433
5.676378471443602
5.797101929928443
5.848502842832215
5.8164837318854214
5.8038883175218805
5.783216269577043
5.625413653640961
5.863701547126568
5.846887693424272
5.84524925521896
5.861769712099154
5.932794618565822
5.824129836541558
5.840489062548155
5.920751583230441
5.847249504366308
5.827573764828851
5.926931942805555
5.979765143561842
6.009877533033295
5.988965648279929
5.905037403085398
6.000237598842414
5.8838233510657965
5.787283692596131
5.870493646216334
5.90157731420494
5.901367281937605
5.8097857733116
5.840482445314358
5.7851065179744845
5.935356602420927
5.960844072711446
5.854508589367031
5.840128984662199
5.780020980889633
5.798855229476618
5.762530496846179
5.755265987026573
5.783193663696684
5.7922053599064975
5.768472401531721
5.740143698282538
5.943407778344385
5.928406751797078
5.80991976761466
5.8427236243205645
5.976961188644452
5.990790733033931
5.92153614331174
5.917209417620131
6.021232608069356
5.985452492876424
5.959553272844232
5.898132390887577
5.90585992168803
5.801244224067773
5.794791365726156
5.8541992955769375
5.7968780508829125
5.769359877461141
5.870484716530593
5.913491437283105
5.950712154450537
5.961468524722842
5.8116716986530195
5.742072473561434
5.857311796515645
5.931140305954756
5.79168388347359
5.827994629495732
5.856109077612648
5.851011134304873
5.973827348469317
5.961612037128762
5.9921899391521185
5.972377840027212
5.950373409947278
5.937680181256752
5.971672428674096
5.984821102533062
6.05087914956873
5.954374274972631
6.054741356513951
5.925239596072418
5.9577496832615084
5.952184928766019
6.021835843284108
5.906809579311581
5.8863609822574405
5.9158279210263025
5.782021541613449
5.869796623033551
5.899489019155202
5.870729589449088
5.880148374662626
5.97897944604586
5.981499059801285
5.90893223201583
6.00587581471596
5.975077198291955
5.899075827794791
6.002857857384245
5.8913069226734045
5.969223764852063
5.962627276524456
5.967934996078242
6.005363633128663
5.931699785233329
6.012204365397611
5.926513967666325
5.902410020489826
5.85970853408605
5.8594120604304365
5.94277297840009
5.982688341907274
5.824128281890035
5.936730295916998
5.916232466702269
5.901527376416882
5.917146586909144
5.923581566860887
5.8342284456121725
5.911988080251215
5.799827596913766
5.726768418216755
5.689870542846149
5.704970012603026
5.758438845046048
5.730182777283509
5.682362124486404
5.754384323453819
5.827591904186477
5.698162539433026
5.532286618329643
5.544479427676729
5.633694328792228
5.657147358245969
5.586768396515787
5.694121661528097
5.597800637110291
5.764462576325201
5.786835746441992
5.873436551692829
5.821641303231795
5.8255740738709845
5.776518012667229
5.829214547601646
5.9122297232224925
5.839994332451472
5.856414762767145
5.900015811083674
5.9604792257002694
5.990559068163338
5.967042213844921
5.92780626027744
5.957181334452205
5.953455538981253
5.81830075379467
5.8908751089845195
5.799399529136899
5.784872343615221
5.733562673724457
5.685569479176905
5.865131470223055
5.9239782798905285
5.7522558783758635
5.754269189505193
5.889774663810824
5.776102042844205
5.720842346411822
5.700212199924866
5.604340137836946
5.6314050041018255
5.772333921510644
5.793320293979433
5.826935277087821
5.817869227146996
5.817550807213345
5.902701886369077
5.837577105826799
5.7732133708139735
5.6868196442148395
5.679842064090624
5.685394032429615
5.5544397536646155
5.3947401226171925
5.3129008158644
5.439246896295473
5.537400952532446
5.589072750937735
5.548665169425451
5.557408179258346
5.570958494387411
5.614193919139389
5.479737576871721
5.678256925226286
5.764724057039496
5.777197798903695
5.652809032645249
5.790595267133365
5.73218439461926
5.632332708945881
5.767923945159951
5.763860616093663
5.839306946561603
5.74317107638571
5.77480387519586
5.755054150793837
5.803657354086629
5.802983790222556
5.938690224712583
5.966940233289725
5.855053218492548
5.974599467721353
5.942780220922167
5.855966235531762
5.82943725654556
5.975132751973595
5.941609701589593
5.966945487645623
6.045842449727799
6.029014087170684
6.033877133844198
6.065519749924388
5.9439497448340965
5.963709911383031
5.901187807498753
5.876496262307919
5.908247956050973
5.840661292525952
5.804604592360111
5.925676896934886
5.909967460702355
5.810563744576444
5.793822045117788
5.859810449313471
5.7951764183366326
5.92450450642657
5.981722745861471
5.913825484320697
5.922684258356364
5.914063164809506
5.981352821444181
5.921024485547655
5.892240187216966
5.7832341230057365
5.783015574763172
5.7922003105326505
5.861154188123612
5.796877021248654
5.741641913400596
5.76989186407686
5.715613760507106
5.745836153895749
5.825551945601265
5.730284630529919
5.739090667855926
5.720629600333748
5.559449948450562
5.5731297071403105
5.47237054579688
5.477038470832479
5.414174270383696
5.482217971322646
5.402284844590302
5.462140751170177
5.499087619753059
5.451487432418739
5.315061434178549
5.243525326829282
5.1725217488719535
5.230369382673876
5.30372537735791
5.310937027770523
5.1833172338174105
5.132258984811422
5.0940956108894815
5.181665099677581
5.327679616431507
5.406062114378946
5.477145742744231
5.426823118877419
5.4948497363000195
5.7263111776664175
5.753366561185038
5.883782781930333
5.762820663966624
5.664896787948817
5.652879228294466
5.772011961936228
5.799673268741667
5.788448499247649
5.803873325426923
5.893970031008843
5.907244742729124
5.86845139576139
5.887382415131958
5.959677518716337
5.93398453440623
5.914572413594964
5.914218532908255
5.902681090424582
5.83013754493415
5.8079710930842054
5.855559794930196
5.70268281834274
5.742477477755881
5.710643374208434
5.668175500929405
5.751301042108366
5.78635060205081
5.604685288721198
5.757778566571591
5.714558218170973
5.672719880590062
5.744244761308809
5.809581551919167
5.762356806352346
5.821814520344584
5.722281773764869
5.727073638706661
5.745023812512175
5.8158910051295445
5.900846227187563
5.78184259365105
5.761345329626063
5.649072765055701
5.582944408052273
5.545263788564537
5.392454494951551
5.5937405858758735
5.504797533806708
5.559396219767723
5.600455147547922
5.611377158355261
5.637921321952226
5.671550647790049
5.75519046484098
5.728954675285811
5.625314043031144
5.668968647602127
5.71799537705672
5.656077519842961
5.794843946613114
5.917271993916829
5.92756337169231
5.881529084093554
5.945245934027681
5.940723662828138
5.916894673265908
5.945145886816021
5.950519858999899
5.893554284510069
5.890586394933589
5.877391481912075
5.86257662067802
5.772784246714772
5.789317264940637
5.696803248667768
5.744398794824641
5.77688759375135
5.7265058461362575
5.664007961161535
5.683644510834961
5.736421175244495
5.647412435484044
5.691474105860249
5.661487891285966
5.6860765363773575
5.68817457821867
5.503437434542587
5.650356034136378
5.664232765550743
5.62559191528951
5.745595793725139
5.615076614291418
5.609267985926426
5.791748126689793
5.808042755049473
5.798894392676475
5.813436907082489
5.682124499548141
5.745479918744791
5.7620458256835025
5.82757296982679
5.7888734754395275
5.766002367744573
5.850413294851178
5.830263748423608
5.940976218554735
5.821948907313754
5.817319721641734
5.810926678850333
5.727383952474376
5.8062067322797635
5.796038758775098
5.840267429198454
5.7714927405302205
5.792080342920856
5.706712742968119
5.6500467322293835
5.623369805421803
5.605709780099216
5.600368510975878
5.666241097473731
5.69221763100504
5.600043364070326
5.682547301488324
5.690490003586542
5.576977171954906
5.4716060012862275
5.490413705276736
5.514889684662787
5.684874462050671
5.717586574950976
5.576510862887161
5.6583932603475
5.671469861363132
5.623670103874083
5.630659157368134
5.820112628019485
5.9223404474170955
5.847328412548534
5.787037180365485
5.776544674269481
5.864625972963386
5.954008274667437
5.957092858728917
5.828739387361732
5.914514667487245
5.8102455593681315
5.8553219173955675
5.8904643317593495
5.8688611999505635
5.910711575646416
5.896575491519513
5.855479979693837
5.932178180909991
5.974588189505819
5.895938809351205
5.876222106154233
5.9387308255184985
5.996388271727263
5.8819932734202505
5.933215855295792
5.985958488173489
5.88674091385374
5.9060198130639
5.981678081262812
5.88327938556089
5.846986477670723
5.87460455082789
5.794144552387577
5.6661977893712665
5.727990539013124
5.761134393880345
5.706063131485714
5.85141102807736
5.87616082525771
5.849616778886241
5.83300922174791
5.8979430172264165
5.981355749160269
6.038629677698067
6.005142193466561
5.982078605154623
5.943852706441239
6.05362892940939
5.973945696898769
5.942458391022715
5.922925639796668
5.9746406365748355
6.037248314177009
5.928832153179104
5.812905331377157
5.892611166184077
5.889623710373607
5.857375337307858
5.872611349269146
5.836430519477728
5.896891510178952
5.934672824939433
5.986229429564445
5.953098284323028
6.000920364454008
5.944821038023475
5.983594378866164
5.87169711935436
5.947021287311515
5.800777324324793
5.86563082152708
5.887120849775341
5.921743874325024
5.847779488976776
5.935853037357026
6.01576640491939
5.876787303829621
5.99110401383739
6.010328096552253
5.863391166252204
5.819063810740369
5.859905956838557
5.983715898315932
5.814120122611037
5.810462762328998
5.887615008771075
5.879293017294349
5.815944219665771
5.929212431729104
5.836604705132311
5.967572953003569
5.982982248817695
5.838555871758854
5.916519739543377
5.889508618924732
5.860757778186085
5.840760289675811
5.857993095492064
5.863419398468462
5.833372670470637
5.815670058544761
5.919631498854873
5.893280749858373
5.861606713151523
5.804672086850287
5.872235743574589
5.862167823363654
5.885773253106545
5.891042848285392
5.841651223897056
5.8788869130029475
5.95251160039756
5.904999591825315
5.889705773221165
5.995740353487801
6.043712920805095
5.94486890608316
6.01508421916744
5.983879474097954
6.022015303219555
5.924639231859321
5.956255939526334
5.883908661598024
5.866658144371335
5.881064482275447
5.953002061234026
5.84635018808299
5.835606588917044
5.9020239811982504
5.809267581070503
5.882751866902627
5.775366008547793
5.889843442302619
5.9304832543368295
5.889226904251627
5.767865076699482
5.86630209260132
5.9342949096387265
6.032438734142379
5.860863166977119
5.859093643707298
5.884817871348118
5.865675801599753
5.800000389851225
5.779322885896124
5.752371314259369
5.864121708891808
5.832611881092671
5.890969056742506
5.834603229884663
5.897456872302878
5.927458734555081
5.85496105055739
5.837654049546809
5.995425590395363
5.880176888238914
6.05489011833243
5.997862472397853
5.867653809336657
5.9307566146402175
5.918336399883223
5.885543359216179
5.823998363627862
5.828791672721086
5.823950819339295
5.684659639712282
5.839381855314539
5.878250909287492
5.7553430744211935
5.886133993900903
5.865359968935198
5.892401072269321
6.029255958565861
5.9189969334304395
6.000184535373627
5.927782148351719
5.94408975872154
5.901695436844998
5.811080128717838
5.999145431341066
5.892225910626141
5.9798621370923755
5.967040095357468
5.896888196790867
5.903836225621983
6.023108635097073
5.993614974228745
5.967809943558568
5.927743597794883
5.970333397503129
6.043652531569526
5.894950648298147
5.95721338851095
5.880499319251658
5.814615791062815
5.8306442320445235
5.875420955946902
5.743205376564274
5.8699440940134755
5.833952427866814
5.774898741932832
5.837322576784983
5.756723281331406
5.829760093137759
5.9214480274346135
5.956256983316507
5.95485324109435
5.8805631797976385
5.853116785288998
5.79913117407423
5.958868887973133
5.9262701596517395
5.852882721882509
6.011192793946184
5.861880403979838
5.869187561911136
5.8488116931895275
5.862507795794272
5.917221971276428
5.838622112466982
5.880526480951509
5.760211682857825
5.80173206673317
5.866933145149776
5.7940227890951
5.978687053418343
5.941115283733707
5.772788612396506
5.822339059056713
5.962395851767594
5.9017495223234775
5.80694589242645
5.825956170710572
5.87775563343395
5.850015600881843
5.805736707616567
5.851822835892077
5.846469894109204
5.904055928239026
5.930984803959803
5.916219019123571
5.902862404271596
5.888399988669234
5.879310753291679
5.774213691123084
5.876750224766095
5.829150828894154
5.782538071341882
5.867940129340732
5.842071368979797
5.802497956741645
5.847679098221242
5.723779123764842
5.9153058815711415
5.838933432328442
5.958854756830242
5.862665896971252
5.898787204182484
5.941051722316952
5.879417618800253
5.867338454743751
5.786459045838179
5.76518250309271
5.81625887289219
5.870026715354518
5.944318888470948
5.785811120049233
5.844896033566871
5.917076263494521
5.9505895331836065
5.876101012917652
5.878245964188112
5.916068109411952
5.874073443334213
5.859371053413602
5.82515845262192
5.877789741908946
5.990152132772505
5.827678795897268
5.773334798454758
5.83911543707811
5.714307949966963
5.676659458673863
5.674821936565775
5.793324047906396
5.812469641815559
5.744777578302186
5.800919546035816
5.74146215596551
5.8459617915166895
5.828071944227405
5.71774278412885
5.84889130437715
5.83794763050118
5.859703517442117
5.952297188902836
5.782467484414775
5.690143019131108
5.904523933970456
5.831981147413208
5.803501031464812
5.781080216651888
5.772884332727716
5.64573744446968
5.667924790165118
5.77951319178976
5.7435856178472555
5.667235412344883
5.685492745605007
5.723029634167167
5.713147506584985
5.617797127910749
5.584944734273286
5.719295670605049
5.800180232334782
5.699231607431252
5.813947875004975
5.836860556330546
5.810076956327188
5.760633314823526
5.8310760240789
5.770957937040915
5.832340721058697
5.868908348440179
5.945559706827464
5.951839401744452
5.8601688110683945
5.784461114679163
5.915602248392769
5.87156644757634
5.761043515139508
5.910851700965968
5.896427372326093
5.9901182656896115
5.994149974040936
5.8474286908501565
5.884768961084135
5.913495449400545
5.987852104216432
5.9333150761547
5.866434641160882
5.856848795320945
5.888447727364503
5.943358195634347
5.881451672881033
5.900248485432468
5.795787532559287
5.9814925294514545
5.869207831452186
5.87382344949588
5.792989821096127
5.7406268542270835
5.807651017165503
5.776942826842783
5.873701568776101
5.88065375422625
5.82978802008571
5.788045921976477
5.791906324324246
5.615759952727169
5.824775942482213
5.8286306941353905
5.7233551279610015
5.717957534836448
5.7337342444808925
5.762488577844318
5.850120207644725
5.80490954610587
5.878150120468279
5.818317251175294
5.823708728547602
5.800637296510749
5.825043835005172
5.851283014065164
5.820522116120872
5.816837671030262
5.873836089418157
5.786682327608471
5.616958388590958
5.692243467345835
5.700217728836535
5.689859150459674
5.563335425078824
5.637267270750633
5.521991077830909
5.532307039704469
5.327339769978046
5.298929397036668
5.490049578750707
5.565482133318139
5.5346004558731074
5.565911502737675
5.4676641681522735
5.279003464422305
5.366119373162299
5.325485284720279
5.37801095935312
5.461307041165577
5.4533284194621
5.455359552915166
5.26275066864669
5.224362981290199
5.23097975506386
5.20960434482746
5.173774867739155
4.968037549197065
5.035002583239307
5.127319664855544
5.066209136882875
5.094518367330333
5.119786836447303
5.034243303749252
5.0510049579635
4.97576653507932
4.939550772795795
4.996052988088698
4.933200778332531
4.970380647540568
4.916831283134527
4.927411382117096
4.848454248139474
4.943781609426315
4.796406353026496
4.703527883875499
4.6060826185864565
4.5665131029312525
4.614753447331781
4.675928299673642
4.848281969945949
4.924445201063276
4.88220519439359
4.721824327337398
4.666535240930678
4.6560628110528395
4.87716710228182
4.764572824633988
4.580260909384342
4.6187296100285895
4.503110426350297
4.561369140633112
4.471860471178911
4.2462558742564305
4.031517399022427
4.258172536360472
4.219662859630086
4.241392437379108
4.254275643160633
4.305978834574013
4.412783916768806
4.363639985836109
4.336870424842589
4.2896985656624205
4.0810224380590325
4.059004513258218
3.8653373763700944
3.9268080978654263
3.923787523569964
3.8732262644442526
3.8051507212692854
3.683647107549957
3.529038545123248
3.40789024507676
3.5406454722786918
3.6514922618971988
3.733425741028226
3.8525053582101787
3.7262475295977304
3.555284407709382
3.414087866692889
3.276120481037741
3.2792484224665337
3.0699122915810415
3.153569300023295
3.1851572854612287
3.1980441754934943
3.2320697248304224
3.148780167343978
2.9315943012080163
2.8471753613070647
2.5222505763063303
2.6544775962365206
2.7592959010680342
2.757849602611447
2.7454013949546776
2.7074691611911237
2.8083759555381373
2.8047021358014352
3.0420857503878063
2.9860026826449357
2.8043019321364215
2.5792421778992356
2.5281359037724425
2.591588784520118
2.634155373535998
2.601143840638258
2.618879313603658
2.686574828697888
2.669651699871579
2.7331312048915186
2.8505745942531964
3.049378855637737
3.031356230919188
3.023707292315029
2.9268832541359804
2.926059981207155
2.942458772632559
3.0194538638898827
2.990023639251039
3.0913264717950075
3.0285864121938495
3.073918269678634
3.0025392272564333
3.0315765427838697
3.10876112816448
3.233640474506049
3.3661671130191335
3.2219293506733355
3.171587844778961
3.090387414785832
2.9824929537746643
3.004969940187797
3.0973184018294444
3.111218078389435
2.9423446888551394
2.8000405889971574
2.675107239041677
2.6523680077831893
2.6654469698731362
2.708885331687292
2.64955457113915
2.510879293686019
2.2884324175321167
2.2856181896872596
2.3693755840243673
2.387028588831306
2.356684614104087
2.1430963358505313
1.9651656371701947
2.0855380490171664
2.2202435281139783
2.2755538822446097
2.3593047896573354
2.392390849031807
2.357851667506876
2.280285297731795
2.2166315260805907
2.050305737710319
1.9863478446417329
2.0533647265089185
2.004062411028998
1.9927487091813827
2.1863028569769494
2.342002023274414
2.3893708460431387
2.3069760538088264
2.2341892874813967
2.238135044307889
2.2251428606861716
2.3959399429953265
2.528544956578069
2.677713041238623
2.5685688047621147
2.508748602107315
2.432664264847245
2.4559354913624047
2.454299471156722
2.4117631031015723
2.286449594790859
2.2640140950081604
2.0815479539210626
2.0074796842992058
2.078983515116336
2.157807856001832
2.2339173716097864
2.3270650162093314
2.4606882456065953
2.278247200931878
2.3078226034407514
2.159950428473564
1.9950909633661622
1.768092742323419
1.6250825458750475
1.574565123835069
1.5643311478877253
1.5213781486833295
1.4665135284758946
1.4978156517895724
1.3183735811281614
1.2903406192213376
1.139018251074094
0.9140291910860573
0.8608862877197189
0.8185497825395325
0.9037793504519116
1.0273398772457905
1.00876321219112
1.0253780325886948
0.9989813100807555
0.9874943123853923
0.9828417253082304
1.2949785902795128
1.3396591089154382
1.3621063311479022
1.3974185518116662
1.4205282845884684
1.401863215634101
1.598949770635273
1.862893743867328
1.8499964733683874
1.9311752902704626
1.9650753696767242
1.7563297540920837
1.7051795115882067
1.4670782529363253
1.2936727493721376
1.2014259047507054
1.1001680691139302
1.1393625930677154
1.1607264885683164
1.1073310045378086
0.9780766079071287
0.9146314873036898
0.9339945601596742
0.9123089754428293
0.9628426169963353
1.1039044308076913
1.176505643529091
1.2095717178943375
1.1366660915388005
1.2700711518288388
1.2456894176333686
1.2285832592871038
1.2843798596371538
1.3295870225877566
1.2004406568684736
1.0997045064338755
0.9875751318512479
0.7590758505384444
0.8033886062092439
0.846621690811342
0.8475269866827436
0.713136714736303
0.5970024010217323
0.5870130159896504
0.8148047799791894
0.8758451552202393
0.9570745532949765
0.9129825930887898
0.8311860709956319
0.8136231844455912
0.8763297978890114
0.8490182126272221
0.8723189799394133
0.9317033171482754
1.2071797985074868
1.517892649970672
1.627014391773892
1.6404127389020493
1.6661907038059274
1.751127197848753
1.826168536610084
1.8422983465713538
1.7891117979274604
1.775866257413619
1.7196356946886677
1.4833369215681713
1.3778416796256832
1.2128465292575623
1.1099576696785778
1.0487684032116997
0.9332210342384742
0.8073814483848253
0.7320556426432967
0.66849806604639
0.6770778765098694
0.7673095364922965
0.6663709018678449
0.6517559217680814
0.6240006013110265
0.6143958872267277
0.6459542272457293
0.7935605245034548
0.7757854180020253
0.9477572473472183
1.0561173259728085
1.172401599805331
1.231900213714486
1.2129842963079178
1.2612531011423374
1.2068895194506195
1.3582910049538635
1.5416223808311884
1.6457957506015368
1.6252552334565593
1.6135330737153744
1.588726078249683
1.379958582641197
1.348900015776254
1.3030036937431335
1.2940180003166812
1.3445898272484136
1.3218598851657084
1.4398696381206995
1.4645226801606135
1.5159673464211127
1.6760387970742336
1.6782084873529985
1.5992576427448737
1.6757032615478584
1.5949254311827792
1.6995293791467585
1.624921001938904
1.6496930938129177
1.6580556268743074
1.6054904896770639
1.6079037725684162
1.61348555248795
1.6733243014525656
1.6892665962921456
1.6807747770160566
1.7852176924529644
1.811485006960857
1.7208421745572025
1.5823412526414236
1.4890236565928467
1.4167354503489482
1.1500464181409047
0.9038036822693138
0.8228728397749989
0.8990354061914131
0.9993524649902606
0.842090646386788
0.736861031526015
0.852641133115967
1.1082939865707346
1.2712105475878928
1.4240617548140648
1.4229186341736568
1.3352084953420766
1.262991545249838
1.1379358029175182
0.9630987611761868
0.9802289010994403
1.0629972105650116
1.1355940305147862
1.226389303406764
1.4423968284293631
1.3691532118103933
1.4065338933640015
1.369484539819745
1.3532020358348604
1.4147882218714114
1.3727105118416985
1.4922353669756825
1.5272237705604752
1.5593682188524434
1.440530416423822
1.3695203338851107
1.410901369142735
1.3234261433301895
1.2206698094336608
0.9576421196812572
0.8929184433852808
0.8693902816766977
1.0035201777605338
1.0074670204163905
1.0850330871405394
1.1914447527825653
1.2805084125463169
1.429574141008234
1.4691525163460373
1.3664924444452222
1.2378882918728287
1.2812908443594495
1.1551440720824668
0.8738497262335234
0.9716207939907979
1.0619308537445442
1.0618314439894987
1.1020623345428069
0.9998780260807285
1.0063556970316738
0.9089234272757478
0.6865542428743839
0.5977021372260599
0.7982526590757035
0.8865011057605094
0.8436289356851376
0.9614950835963494
1.0823855126180362
1.1934966654564803
1.2014056002360405
1.3763712604618998
1.4209263290423673
1.3996804156799916
1.379648944958587
1.4910598139916413
1.5915035901503314
1.5538133806003844
1.6171105459118211
1.5757700391810363
1.4969249286954482
1.468157170870101
1.5675002886644251
1.5438924134110754
1.554479395924113
1.4976268422224082
1.5735212180402467
1.7059592550759026
1.6060427469551843
1.5655301212376447
1.5208173028469003
1.5286572782401018
1.604342019322936
1.7712593216607395
2.0112818692247436
2.147167411493496
2.0447387740685894
1.958818738540325
1.7668528605112594
1.7064902883419086
1.7302825296137232
1.883874762962053
1.9501096785162537
1.918762229717422
2.0450743747358664
2.0635402382077785
2.065159526838667
2.1306481199316027
2.282393991385997
2.3251954307224207
2.3215078539740275
2.13382907174611
2.3017913886831347
2.368424824866627
2.5365987176304206
2.542143252350467
2.60379447349663
2.6144689104252077
2.5797517876520164
2.561886966835047
2.695897834687321
2.62846608581922
2.5932512442966296
2.4456221087809826
2.2157785262751575
2.053080368909087
2.169593033905508
2.1215542472116167
2.1698569572524433
2.103292278610503
2.1125479768201134
2.1417014825921186
2.2641291076824563
2.2516126797876113
2.2732521051672636
2.1702677952869465
2.2466413322824366
2.3599237028525666
