1.1180461113071618
1.0406255919305671
0.9219250073739549
0.7901728239120995
0.42827081048499205
0.37386671927387344
0.8154813631825991
0.8598587023510257
0.49942342141918
0.2161981287777898
0.7822961549938461
1.0723280166411846
1.4619959888058105
1.8706007279500647
1.9938193408352647
2.027130204703975
2.3453562670597345
2.1680000630181824
2.124376383767132
2.29475782284755
2.423969919455339
2.6937049735952323
2.5925474190771625
2.739308861706948
3.003485910944655
2.959274872680692
2.936048596259122
3.20089962836973
3.4618696946258516
3.899693940595715
4.320072312270488
4.499885704295496
4.798862299749507
5.034976081932557
5.149360395742095
5.6628071961518955
6.0804839137280995
6.309925786279019
6.407674750976446
6.40564683383203
6.38418174552164
6.43497188260601
6.5846858688116
6.472192516796616
6.529677657449699
6.526861307002709
6.609010503290437
6.407580256705313
6.537071182056569
6.457645851935863
6.3303837095214295
6.3342573063966165
6.6078161197509315
6.556825911224456
6.519205515873044
6.462954090923786
6.512665526730856
6.28751046232737
5.97631806698286
6.079396154792284
6.166559007787911
6.386291936651419
6.097025619554402
6.107312682661496
6.180694535559931
6.194576320638154
6.248427916115168
6.238475400306868
6.222229275553765
6.039851054497772
6.472248854099554
6.628480836020856
6.555183880785154
6.378849647037809
6.425181622328944
6.484668072220726
6.5982491896618765
6.669667919494032
6.411499511677126
6.562667751260866
6.708076334032742
6.58072245868284
6.492513775797801
6.691532465358473
6.6825914925170595
6.469435705703583
6.544548682878445
6.69929229294426
6.708397770442471
6.696472872332663
6.603225863545751
6.555043017105203
6.450175118345724
6.715788406091432
6.5689068977334175
6.503059911153704
6.524225248600904
6.533458206145831
6.430729558676356
6.536742542941892
6.667664209258385
6.29175216313354
6.338987459869308
6.582960768862671
6.710474906621153
6.8167477625646145
6.635367318005166
6.463662657223696
6.407578952496257
6.476977522671762
6.474376144085693
6.6854947254813855
6.400358925158943
6.544385953870967
6.536925063609215
6.478365792482956
6.150637956536246
6.335604434489274
6.495771420262416
6.538640147744199
6.5769946708686975
6.5403991284391605
6.694668873246755
6.5034609189906405
6.4091975646306025
6.43419801101242
6.271965290298591
6.201913988677829
6.096234216819488
6.424214928344523
6.499309623476174
6.6256793874661195
6.686600333143218
6.602289510870987
6.644382610746059
6.414883424772502
6.526805234952495
6.394742489141989
6.483693619611294
6.307316516599613
6.50706146011782
6.512590538547944
6.554174772505755
6.4162246961342575
6.750612358396306
6.663616239642695
6.663591471892332
6.579297467082947
6.761244609323279
6.625610355265229
6.568139640709265
6.531946131573898
6.525052602041254
6.76778296381525
6.467331962881168
6.483433539204182
6.463016769377001
6.320431399429784
6.367461653793031
6.62922025929093
6.310256415533287
6.178265341848027
6.420961875073743
6.313420442231445
6.462541376739338
6.253091811183225
6.407248395759799
6.5947165259697496
6.336265191632225
6.2857128792315535
6.191972745145941
6.313445649960879
6.279320336660412
5.940910284066726
5.99466512253156
6.016056547747823
6.394122885892658
6.465815260684027
5.992641016714726
6.130747506222172
6.3084056766490635
6.1422896537238065
6.104362581153493
6.13763402662338
5.886909616096352
5.678581850187616
5.806881122374793
5.4263568357385035
5.538810286769182
6.051631130106722
5.88770109060542
6.027698749218118
5.881573546292904
5.944433060024079
6.198470478204215
6.076658750086708
6.2082776925733825
6.202474196596805
6.203335739269754
6.486539005677528
6.480290836644514
6.577823680336786
6.366646647390442
6.3086194480957
6.238191523761953
6.478389521736306
6.273605018896411
6.478550602850485
6.378594036211569
6.521510392643033
6.562601451635096
6.353817664903572
6.556986636381613
6.281745912508219
6.367975375426293
6.371674728896987
6.635466482199362
6.70933219274217
6.705532350555089
6.735067669715278
6.778546217642747
6.603144345361622
6.598995811376722
6.744600430691233
6.568306249506522
6.729535049675945
6.618519857744834
6.64791731808179
6.670161759689655
6.482043399819332
6.459872786907002
6.376423690180301
6.538646182610469
6.821462933304142
6.651463170749483
6.380132478172494
6.608383235047055
6.648178516772637
6.685086790189024
6.790872185842835
6.701831672596191
6.6221992701771075
6.5848241462065555
6.78926075983575
6.6485001541911215
6.559478848580471
6.594781840132262
6.4786549675493275
6.5363537365316
6.177521973392581
6.189511632840838
6.407340115678532
6.458301024340568
6.451404488916149
6.262770738303537
6.079891529551127
6.0452580361966515
6.310341567638578
6.204982678946435
6.124551497383825
6.414187717564897
6.3665253006003635
6.054246702811457
6.238634727662797
6.184249750925083
6.574659883850376
6.5872516013844855
6.135419043565486
6.271695599578481
6.331810459781112
6.468196832619586
6.3910206089508765
6.605742086506399
6.4130758251876445
6.52462377453965
6.585176810050527
6.498466764157986
6.279693391037259
6.448020838718188
6.625460043289998
6.518704591540756
6.352509448136417
6.52568375502423
6.434119608837179
6.390348193662172
6.483390111376653
6.55727089144833
6.452936638145459
6.583364991532207
6.385962534903575
6.292568470165544
6.188745494284801
5.848799096735698
6.423056846073732
6.559688142457608
6.49885324497879
6.675120675736696
6.556931589709538
6.4585807406502935
6.432302423711041
6.593386472089433
6.752134490292812
6.6185999665035125
6.478563771542261
6.710418307697405
6.5606559220370055
6.663836544981622
6.618038685261313
6.736277587262339
6.58492263440119
6.383185354522747
6.71537983368206
6.558819184467893
6.07481475417997
6.316768391691899
6.354924703118314
6.157438965116745
6.1780872241429465
6.131480029372705
6.0521045426155125
6.090501483697487
6.214163642209466
6.1663215681288275
6.446429641280872
6.530634381661002
6.528078793510893
6.6723606448694
6.652332199026506
6.433980265288492
6.624510300901248
6.62276639550093
6.566774996375718
6.672576732424642
6.505702869934789
6.540260826914908
6.770898944769215
6.394762618799224
6.678816620021825
6.773745799690609
6.468515892670299
6.700925811024023
6.624890353732747
6.586522136117649
6.542112124061115
6.525206229915119
6.643785636133574
6.359789752675167
6.584581610191101
6.392107857953603
6.522393309815089
6.4058234429601
6.5924741373473354
6.7117191975156105
6.610012331551883
5.996205118977386
6.516520031812436
6.3906364990174245
6.589555961475417
6.459101173674528
6.486044519883637
6.45189180974153
6.517181519011567
6.414868340780541
6.4402526221925385
6.583180171160931
6.625651651472611
6.4645782114626344
6.1434703952462595
6.4076047003942715
6.538578151526792
6.651841619120276
6.698868019269066
6.4710294763145
6.656433331899298
6.689190382550895
6.354326798411475
6.332883912960199
6.5489468890843
6.351165930803345
6.459901441120044
6.513758575207208
6.278180278139134
6.438631748815472
6.360535467400399
6.365541175885147
6.280070685448602
6.480765965238279
6.6796449439665055
6.5380355318792285
6.470350292875264
6.433023696363472
6.592612459792727
6.483008240755313
6.395782450953199
6.656990595020426
6.642724296857014
6.620208258487949
6.642687139416535
6.436953336761897
6.406523505719295
6.437506880318797
6.499721234500143
6.541797609950214
6.178034598419375
6.1162854884107904
5.932879883580567
6.1173402503359116
5.888306139707053
5.961888762575981
5.906298352727535
6.021733064838509
5.952544097352907
5.657046686791206
5.452809894047173
5.429356668780803
5.1820584644890975
5.125003770272498
5.3535688250361515
5.504216398820465
5.929231450061022
6.079829575617336
5.928615829373032
6.28611509003471
6.197870276906787
6.303994265900522
6.281829192938693
6.293416232156744
6.08804778593787
6.0384280217582855
6.139965739941312
6.214409454267502
6.2488615535646135
6.061755452166657
6.483749538386556
6.60964906057673
6.437503263876925
6.699174948861843
6.594771011755253
6.715904909985771
6.649730932317434
6.518212606467297
6.69602738190782
6.663162325400376
6.622321050681746
6.6382718200851
6.6311256718611045
6.429911913866223
6.570620294085205
6.469134313798882
6.468225206836865
6.469320799120564
6.4096192059368295
6.600153329740207
6.598763178631074
6.651115159043871
6.442741738787933
6.456281340634424
6.729793954548157
6.691732522490864
6.467756391690017
6.5128078292081
6.54721321166568
6.684569861599023
6.780210983180078
6.6608773427164865
6.6197333300660235
6.734712867376108
6.73470731256626
6.688178685688678
6.35329988877332
6.844083502884518
6.732064729804245
6.647911015232381
6.538064506226883
6.731871597299763
6.72323396628007
6.710179717001964
6.519148988762876
6.686519108590176
6.556714234334064
6.564857705712653
6.446640863768133
6.5831250527581116
6.575925592120916
6.4447069053432795
6.406906638378098
6.562102043260313
6.457906363651436
6.634778292525587
6.603100274962948
3.1584012055397346
3.0584180750322263
2.547867360710198
1.991433407749676
1.4821677424932602
1.111409734667522
0.8974259020378305
0.7447579731752876
0.5186669533180368
0.6217879979142678
0.9003647257758586
1.2511470037090604
1.551069896537148
1.6452140693986448
2.0118481688547467
2.373519732574583
2.9258473303639114
3.1864916381349233
3.0529634842052906
2.6300139890992114
2.173297774819267
1.853152659895
1.653548507635022
1.3645535701941878
0.9419363957118994
1.6557937453089724
1.983173264742111
1.8640478464599006
1.7598901568147496
1.8210862381845874
2.0347363722624676
1.9771905978540438
1.7264230644860006
1.4895502666691367
1.3583499642723156
1.2240307758299083
1.2927207896115376
1.626988881461627
1.8711860195473085
2.2608204251112207
2.2144743002987037
2.5260506156703846
2.592867885860204
2.450802406742926
2.7905135171258166
2.5926602514540953
2.9512627265389613
3.0422775806462115
3.1251158673490673
2.9935229089256294
2.9741204610044463
2.9748491991039097
2.843285733024926
2.4917013532293764
2.106913225251996
2.215624692269249
2.2550659588007744
2.2411167908959504
2.1511181225474028
2.1648406050561775
2.1381206138249587
2.222580123849677
2.1489840365605155
1.852579036518548
1.6872066214687564
1.8429685011723749
2.03543578628647
2.1874768429998803
2.3209588939111256
2.4545587323724676
2.6352923765228184
2.7263433747729393
2.7540090943628526
2.9557683950850384
3.135947653565406
3.15097223787567
2.9845118937787576
2.9714889647484553
3.1299335927635132
3.1334301737328105
3.1295909784136553
2.9909179011079345
2.971750335670115
2.720836376284468
2.840816640433455
2.8869835023568724
2.9574230035761935
3.0138547114512955
3.0349838293188935
3.127397519859813
3.1639691840667252
3.2035354459506253
3.1178802107096706
3.2032556280937383
3.234744843576865
3.279579718591883
3.213017392708045
3.27533057260257
3.3180184035778546
3.352707900707246
3.421059106713211
3.3498852216129706
3.4395797249527136
3.2218370073326263
3.4330695841639347
3.4205317921489864
3.4012677877743362
3.4267033116893204
3.417885836893201
3.4298036696190417
3.3473753829453146
3.439880939240376
3.3329780798260096
3.376113109329421
3.4127115115611204
3.404173872538261
3.459741483094546
3.3130385507961284
3.4514972798973096
3.3750217224736616
3.4506662268217867
3.3442774363871832
3.3959553454308855
3.4572598360347584
3.4272564885417056
3.4386526635900054
3.4688021556820403
3.4374594566164283
3.3909367049411636
3.445736508706856
3.335239615304296
3.449702061237877
3.433725291843291
3.303502930716198
3.44801278667705
3.4247059733208127
3.414018212339961
3.4062361149094507
3.3861290705983267
3.4181202580701764
3.4628942297148257
3.4456771403695163
3.4251300587543936
3.419344820203695
3.297114677866721
3.413663717545809
3.442737882766528
3.402138841517162
3.435630232618948
3.434095415908432
3.436468877415005
3.4077690984080204
3.411411391075005
3.411722784416517
3.377639236849035
3.4388685319270578
3.3730648861226085
3.316384168149676
3.4163546003654846
3.417546259794155
3.331175619215602
3.418457670001355
3.372690638085802
3.3151670760625693
3.3649945355945428
3.4053887950760013
3.3842216745029865
3.414892712361349
3.369961980262462
3.3877788149843284
3.360312467030819
3.4195609901053468
3.374791051794008
3.3480907657709684
3.322296966716691
3.355314378517744
3.4040764490458777
3.3856308148542844
3.245771619768869
3.403332516032735
3.397768937705158
3.349877469495437
3.3307894678165004
3.190818824810023
3.3758506636432783
3.434262964900244
3.2569364695630205
3.3234468803774027
3.4699061997839835
3.400242883018419
3.432872517816996
3.37139858571672
3.4593819047888585
3.3656454619660905
3.4149884461577535
3.4379458487897674
3.349232480156811
3.386005573744275
3.435425322857057
3.428836408115022
3.357979633307886
3.4375122616575253
3.3804004381655544
3.3697923515289774
3.3927458594368205
3.372805822060972
3.428974737049129
3.3631629803002583
3.420371084997953
3.365408650896266
3.4029698393275813
3.427898694311837
3.36801356587745
3.3077869038671444
3.472126079148081
3.4542349683519666
3.407498654401934
3.4308981152815674
3.313723799924896
3.463470535073445
3.4117276685374542
3.2991985782146047
3.254851802436323
3.4337930805289245
3.459668926990033
3.401023646393751
3.4293320248226875
3.3877092268206312
3.4349871729833326
3.2923125150690424
3.4668744424411657
3.4250165656051856
3.442310851913729
3.4455357082470486
3.440847023765605
3.398229051877486
3.3693197406975086
3.451150410292338
3.4381802679501106
3.3920442208443204
3.4098542644416363
3.442795399296108
3.451432531869982
3.3264622337064296
3.4336693929658635
3.4721912391120298
3.436418531220125
3.3397339095445617
3.4641090364389364
3.3647843343095993
3.414387963493904
3.451508977203898
3.3826278471315434
3.3934421635378174
3.472197358706018
3.356934590234249
3.4267446524769225
3.47854461953899
3.4244681163841904
3.4485783283524656
3.4340175161762274
3.404364065048699
3.3934227420821186
3.459941103760258
3.4158689672779396
3.4231292874829897
3.3775292073154732
3.471194813303515
3.4399990623155516
3.4303822023366592
3.426864702859585
3.455346271529881
3.3461276727067273
3.45594654282043
3.373171573538561
3.4562363020923996
3.4025113246106757
3.434319706250027
3.374633440915794
3.447765793640515
3.4611160647760726
3.321810705716427
3.435774469394274
3.414695099847255
3.441240590818011
3.3538663746663944
3.434431417750402
3.386497628759957
3.4433096300074353
3.38053191433127
3.3902828443892923
3.402466818435556
3.409779823802274
3.3888764989450273
3.2913257319135014
3.337047541179314
3.3733646106004676
3.366185357925225
3.4362945840959
3.408437457306404
3.4311477445937526
3.3736521025413717
3.270658587988165
3.4417557929050084
3.4306237730309603
3.4066329961238546
3.396175462445138
3.415119075334818
3.311504289380422
3.3561431569669082
3.3438039000275444
3.37968253648483
3.404696288303536
3.4181572126130177
3.3271280343159075
3.322004964936692
3.444574261324173
3.414632633997594
3.42329432040457
3.381836794807234
3.3592976713832527
3.2913806433041777
3.3244067850873646
3.3885572693129062
3.354781956298678
3.360501531323581
3.419145258210064
3.3411979302225263
3.4154034948624683
3.38311689143555
3.411420844244681
3.3379017430238447
3.339239517961721
3.420455848083583
3.452903293666748
3.398167318478066
3.420070764917398
3.427608407898121
3.4575453808037366
3.3700208341975904
3.460981335375652
3.4009037067411256
3.4684579934165116
3.4313180109554353
3.421786325799799
3.338144283473741
3.3920518365693026
3.4561184824736118
3.402281728862685
3.4072478910196495
3.441636478869463
3.4304205927994706
3.4527870174757496
3.434616968076264
3.421697186594428
3.462750347317859
3.3126881493257256
3.4344893572637134
3.4346827463327783
3.440621333479214
3.445462828920101
3.430503357245924
3.4362049536438257
3.333315168363183
3.4270022225013386
3.4329416491010862
3.468493197708386
3.445570821256453
3.435828992103056
3.447494193361373
3.4614075566397546
3.4435247810965364
3.4514933540576154
3.4233064370783053
3.425663970389644
3.413129864758061
3.4297424029119528
3.429924320112336
3.4231770035788474
3.4009558756038816
3.4437639402605003
3.447526504337521
3.429493011675717
3.4107817377165524
3.3779526030930986
3.3836468506957993
3.4428764768589866
3.351747771468984
3.411161741995447
3.4384731949322913
3.369787849105344
3.4008236370003857
3.400307465367356
3.3312694349453613
3.4000035830947226
3.369755937415074
3.3694364806222326
3.4020593546960454
3.3124710712804415
3.3597334567470467
3.244908686173207
3.231037539542077
3.2811253467535195
3.2951991395069995
3.205181183944506
3.337459716053952
3.2215015555758244
3.2818865411453566
3.25251800617949
3.2857806670633445
3.317535797711726
3.2659130104575986
3.3737082347875296
3.3652581187965014
3.3677970785105145
3.4232866883101933
3.3754265321604535
3.408587376556466
3.4769940017577072
3.4178492228555504
3.389148672350436
3.407674291517387
3.368363621486849
3.4126490694128377
3.4533568631165203
3.388771578325813
3.4318088407373537
3.45289198924865
3.4209844462945744
3.43965382437747
3.419841525020918
3.467130263991707
3.422179372519269
3.454673829590745
3.348963613137768
3.3912349584247607
3.4372143802113384
3.310436757904006
3.373200065199989
3.3960765023511685
3.3577718140572506
3.3446497007874654
3.3674387146550666
3.3232416593156437
3.1771180170961855
3.331860658899559
3.432930414673571
3.3523919202271144
3.425186186366818
3.4268587824074928
3.437295861163637
3.4444825572681324
3.475559571867497
3.435157057931099
3.4502953661730293
3.4585108353673313
3.4577685809989256
3.4595274026765197
3.4700027185558766
3.414419622328796
3.4797502120272155
3.4102116608427737
3.428001985655442
3.436419858505323
3.4525973453777667
3.433592576900004
3.3928572831019777
3.4081029976089177
3.44451915504722
3.446312949644201
3.314542279521883
3.414854862808834
3.4763305091661763
3.3614728427853704
3.427021452102373
3.414652911523356
3.443930992116256
3.4489172322448605
3.4129021038869114
3.4655253290727686
3.4686254991581316
3.3444809397168074
3.4032051828411953
3.4804573200898594
3.403411945265364
3.456928271504924
3.381331906321853
3.4336411936085183
3.3215950285638742
3.3550006671339787
3.4032974329925443
3.4602819717151183
3.4272230351505484
3.394037810241346
3.3948562180346045
3.358723458686221
3.448639707602574
3.446647812025817
3.444434525122476
3.3467240089619468
3.4030014963015276
3.4465889498068307
3.330417960400271
3.4401756092504514
3.4100696560597483
3.3679863722762873
3.320828447913611
3.3726259354853894
3.442949787649242
3.336998834126246
3.365284806197213
3.3703757942498287
3.3778731702366978
3.3567239118934085
3.442135674746028
3.33643280050016
3.382345193456291
3.3419469311748458
3.35405413874424
3.2348794519024375
3.3071121878824483
3.2429929792158303
3.3369789579768194
3.326127983869209
3.387998714100841
3.3981305008952503
3.373614619670254
3.390329483866381
3.2509107175653527
3.40910433054207
3.430694057869821
3.423920069605656
3.4053302046857397
3.3569770446468596
3.3889387268835307
3.405793058422141
3.362864300337523
3.4232387969308626
3.3363069954199958
3.391534114297181
3.23854592480009
3.39375390374578
3.27827578526835
3.399085198247511
3.327560769209465
3.4109027008512953
3.414552954153789
3.340029391715425
3.383556152221844
3.4068191876825153
3.3961330414133912
3.3658341952922655
3.317074965958819
3.2938390102078925
3.4127903329715203
3.3340039481177457
3.3927637022811465
3.395521906248818
3.4054868650797223
3.4513561050329633
3.429855739832463
3.410748042433231
3.39209222669439
3.357902366153483
3.4245444395733657
3.4347244012604974
3.4524498850770717
3.398024897519562
3.461816371716194
3.4212498662478326
3.3672789808846737
3.380403040851557
3.4536207389447875
3.4640242593916732
3.3965422265469036
3.387766821521538
3.3667417707931313
3.3843957444570494
3.43069453699338
3.445556127795206
3.33294423345371
3.4161653116328394
3.3726988520242154
3.401554216902892
3.341049863245882
3.4353339598586112
3.422551201327427
3.4418761396801747
3.401439716782369
3.4216718688344288
3.3376883338858176
3.418023909180532
3.3836941356799892
3.40909406246766
3.4466137585479983
3.341568805792206
3.3881415647677438
3.4689489812294028
3.3736245779259293
3.4211861842081603
3.4213285915796363
3.4564700074005814
3.363705806394814
3.3794474410751727
3.378895369328954
3.4255276986327914
3.464632480092704
3.3626810370613627
3.450119453488
3.3789686556249756
3.352954875817983
3.4225113689015374
3.452161496706574
3.3542636891876896
3.4325438118607523
3.2447384418524408
3.4489252670408255
3.4530387952412256
3.4336780387297927
3.4388736382176233
3.3554421438936304
3.379665587724925
3.33782372636949
3.4546039829715296
3.439044558899222
3.3827543234077724
3.4719040199968836
3.274671971353534
3.4192638768319314
3.4837223055674498
3.37914361210868
3.44846586433093
3.450456923983533
3.39936403299916
3.4631896501675916
3.4388808524365957
3.3616939253285785
3.466135219699962
3.2936342716461127
3.3730568824594185
3.3829217367573094
3.3927088901367695
3.419323835622426
3.336146047831572
3.349234484385164
3.384006448079172
3.332527109881177
3.3951327869374692
3.289190731711254
3.3519704942960744
3.381999552140768
3.34561964305365
3.4038475551060103
3.3967328520877538
3.383824020990616
3.3887090209142614
3.026327729443584
3.3754055927734328
3.3795771818125373
3.361380041285389
3.412107817420985
3.396722665948657
3.3024564354152814
3.37260009211366
3.374912382803079
3.4523693039790784
3.367603095426803
3.4435996140891505
3.376609729135036
3.449616961139469
3.4415045403006372
3.434792145988699
3.4034590185485634
3.4311261428121553
3.352547157519685
3.327598823380743
3.2521200722009285
3.4495481135285884
3.4430315906641895
3.4293605052169225
3.4333064467828094
3.4035459759807187
3.3967871623617754
3.205177469660949
3.4223053159450685
3.3758549191014553
3.4258757676143157
3.4128982841545166
3.3825133577359785
3.4382221461521736
3.426303894746758
3.4271552913825323
3.429069905577792
3.431971030550933
3.267417894332121
3.280712103253387
3.3936430669973334
3.3485378516808453
3.427755279539501
3.3311930010224016
3.3082412610003105
3.429585932114933
3.4257829963799353
3.4323925927434877
3.418031459629238
3.3294132157973393
3.257368345718477
3.2600201131645457
3.332539685731767
3.3548649237711246
3.3677725033254324
3.3313740424442955
3.364961780340373
3.3987662133474705
3.396962013698456
3.4323672905449003
3.4259116822724325
3.4638526708586452
3.4218690015891915
3.4405466502442708
3.4695394345646817
3.3134197032854296
3.37259281396299
3.3072309478809387
3.390716325140251
3.4096694640972522
3.447909282104379
3.457562378650077
3.4070043221637976
3.3909295901877896
3.2856140944855183
3.3468853925216435
3.385082211994978
3.4039875331763354
3.320103586848653
3.4071372798548225
3.375528981005823
3.4007963654527167
3.4351388613964504
3.42314146199149
3.4180747469287027
3.444158863728947
3.4220063869253723
3.462523074534353
3.452326481690089
3.416731789152505
3.4280496019545326
3.362103331961945
3.409621603896819
3.318230376702753
3.4474279227630333
3.347804675468615
3.4231707940013067
3.4046439681200105
3.3881874783102495
3.4290184498471765
3.4450728127901415
3.451774894059221
3.414669993944456
3.3500361853596514
3.37251100988217
3.4360455647276327
3.3367724716287848
3.4334667781115145
3.334338250979782
3.4260473307828976
3.360372414127197
3.3293912480814756
3.3645317176856446
3.3471105688963396
3.344663800553268
3.382516249430055
3.398012442156451
3.4009616892852668
3.422822322377319
3.38383160926767
3.329726072353755
3.2836640781871593
3.358703137111204
3.390516228856673
3.2601176654255513
3.373859464038317
3.3291574073739225
3.443723319851884
3.387905518428282
3.4252944512577073
3.3976428618009096
3.320390555389545
3.331371531929058
3.449024549724329
3.309938911940128
3.4309827865712292
3.2741037682185548
3.3574226456100904
3.4256366305635417
3.3786712772836816
3.3366986706563124
3.3703844318852747
3.413276379631762
3.451418560776419
3.3619354927372065
3.4191118264630687
3.4130250958322477
3.4019405101584157
3.3197597169230533
3.4444844353001685
3.3143300808904512
3.457826589741348
3.433516678813286
3.3827977321457907
3.4741698242142696
3.377611399942731
3.464730206798271
3.3969087917233325
3.422479490858879
3.446817038804433
3.4098774497794495
3.4594738681311283
3.3560337539701366
3.4722773545436767
3.346167942253031
3.4376536557674933
3.439211237200113
3.410791213809854
3.369407739564083
3.36463264185529
3.2390178270922263
3.3610284154378527
3.3515201158899237
3.362631598749347
3.343936151498949
3.3875036833721217
3.291511133217378
3.4100510204772605
3.395314379126634
3.3163347376928654
3.4231395862532197
3.2982493676051163
3.392740401264336
3.4361712064792562
3.403487333431479
3.384072208604292
3.428540571987903
3.3882205794502256
3.4363996772959298
3.31892325081011
3.4396709483642347
3.4682665426011448
3.431899491128152
3.4252724427785415
3.380802145669638
3.43512495534233
3.2284412483366958
3.414289866413651
3.46015037462321
3.4323665343097645
3.410557443809341
3.4377311002565336
3.439550938305552
3.3255050776387014
3.4340775429934967
3.374366441923063
3.397743688508382
3.4488790648169925
3.4200065989788
3.411216240658832
3.407213344007375
3.4372646677390137
3.3972522794191433
3.422523699113664
3.419310881068322
3.4147131751351196
3.4210682486145023
3.414070790532912
3.3996061415360295
3.3869217234606523
3.3988312770821083
3.3604319995764094
3.449247615815298
3.4443325322721443
3.3982789328485183
3.434341812355195
3.3542895983280667
3.372857051347289
3.3106122202693733
3.452834502333289
3.400019198415845
3.465919028301813
3.351909553588004
3.4297262416271566
3.4682827923175887
3.3453182867278586
3.4256666291962445
3.3900271056257045
3.397328559555028
3.470640844277122
3.3711422574967385
3.42991799423326
3.385559240905367
3.420628092735175
3.2995834645579207
3.3198137281539872
3.36588158397429
3.335147446534413
3.350486857977006
3.3225714346672497
3.346244901258114
3.263876246867202
3.132025550253185
3.2225479340419256
3.2687011572194784
3.2755390598123904
3.3142340889870576
3.3055193912170218
3.294239023913086
3.206451530991333
3.335801982882022
3.2344061311787966
3.4344029347466276
3.387809793963278
3.421362103641279
3.416541097299281
3.414368878995308
3.3444275140067163
3.357280216277883
3.319703250152036
3.459759440482255
3.4189979924220255
3.417979534370569
3.415743035659092
3.4144817275338943
3.30009070591077
3.2925047484865786
3.3475735171621297
3.4557114013262433
3.4092921590854353
3.411225471215791
3.3939859927067757
3.3380077093822607
3.4365451584055378
3.392187458269001
3.449131087921033
3.447341244699725
3.466801269095241
3.4172603995907354
3.462008308078309
3.46341407957038
3.4244391875013465
3.465450469626859
3.397721578283573
3.456890902350429
3.4417058743722975
3.4528506694669074
3.4389169792216308
3.443597269467422
3.2581035366224014
3.4617310182517684
3.4391344046223993
3.4492022061852197
3.40842844258223
3.440913136151642
3.435081615024491
3.431566192585284
3.4727186171822497
3.450997428984631
3.419454911756405
3.4678034494811207
3.382752656969546
3.46667013724487
3.3795801619853565
3.4263732282615216
3.3782142004592792
3.4315372379938403
3.4328733181172977
3.4264137036283713
3.375818525806621
3.3497229999203846
3.3486090132394986
3.38551498416766
3.417421893250572
3.414167929926955
3.3708677693884987
3.415284898733254
3.2505602616483147
3.3394954627192996
3.18422479613173
3.265341580234255
3.3301642762252173
3.2044037317941987
3.3874806127311343
3.437368962042253
3.42979758841618
3.3941739406957723
3.441520367277069
3.462464704449931
3.3401085080323774
3.450507548016593
3.468126932900553
3.434364730788732
3.3866674741592617
3.4573531579775745
3.434720599676801
3.303888826402141
3.4607329809537903
3.37938778190545
3.415161737791834
3.401070674576195
3.4280479823886454
3.4357524228528113
3.4513368767647696
3.441599798449843
3.4455652319458023
3.4365003881746063
3.4319807311238053
3.3869571675570755
3.436111309101988
3.4481561313625484
3.44147506485468
3.3972327906442494
3.4737417688893886
3.409466234028122
3.4653918795243426
3.4207104145760794
3.4286004018821523
3.3502696103403986
3.1976979118828313
3.4389697164965534
3.4525830753646476
3.423189970280074
3.4098318925768694
3.442500380360247
3.436622511920352
3.4563212642138694
3.395022158375889
3.452869704953099
3.4504903245117626
3.454323133624827
3.4102425299271912
3.482863872669367
3.424574204196321
3.4237025354105066
3.4153133179280033
3.438045836030245
3.39002581088668
3.413282757896682
3.377359789052119
3.4334619701240525
3.3909222219520117
3.4592044617411517
3.4337511333805977
3.453878260311032
3.404216840956471
3.4521304271577096
3.4315480500700106
3.369965754309458
3.434397979277797
3.438611334578455
3.3881231515531853
3.4058023155518233
3.4269274681960598
3.3781121009077437
3.4159498838282074
3.4420115155015623
3.4220253630727355
3.432728966501042
3.382323980845856
3.393436006392906
3.230203907806046
3.4202619853898186
3.389550717179027
3.4192599783111772
3.412221185137735
3.4209504944046927
3.434073524889159
3.408638069873708
3.4372846877339347
3.3817047486342866
3.4218379294374572
3.4734575487561785
3.367362102870554
3.4290404153259786
3.4560456859940936
3.446201574818054
3.434296051888334
3.4556677177628146
3.4519471624997755
3.4378467221691773
3.391822404197459
3.451154684262268
3.4182535650278467
3.4203146578030386
3.4074986359440067
3.3864078179123185
3.3064551427419473
3.451121850140055
3.4124531360490016
3.398597601989144
3.4132807355494323
3.295264414280301
3.4068088308831848
3.4046230630591565
3.4407503427266577
3.3968351735385043
3.403171427922662
3.3832283991897194
3.4149873983849255
3.4178220775927066
3.4378327684095824
3.4383714617164025
3.405049586812983
3.3956697361392365
3.439375105512081
3.4168272241006945
3.4293359819924243
3.4449355570457585
3.451413550656121
3.4348811913839215
3.4561849190811045
3.4082349675429526
3.4518117052731383
3.4611324946673427
3.4243167614227827
3.4303650214140355
3.383852281922384
3.4121882645352044
3.4411116968898092
3.4026995881702087
3.4212566241149025
3.448376886245574
3.3638970629119327
3.41079847825959
3.357322543227877
3.4300237108518923
3.4148537804554864
3.4363100171989545
3.452010844552621
3.430110729590653
3.419310588613063
3.4656642934895254
3.435117556627007
3.4595909832891323
3.4328610603063354
3.457489144753032
3.4464330766638014
3.477882791262334
3.4346371739143984
3.41660055469202
3.4840107705956753
3.4180628154428634
3.429635978876324
3.483382890304687
3.447484362286432
3.4341348146260673
3.367340571786813
3.4398009692309564
3.444370215781017
3.421621222871874
3.4543817487260555
3.397658616870679
3.437707538963447
3.402547458582498
3.471087725977354
3.435525812125556
3.423520755711626
3.441168279719048
3.4552884997108437
3.4402398412537885
3.441108024347811
3.4209210799655154
3.43344492340701
3.3358972344233564
3.4437892262276533
3.424280298957546
3.4094737334461698
3.4592926374017763
3.4414086110765267
3.422333185416771
3.4588500990059847
3.4229852114805284
3.4471263714240363
3.4355427470102327
3.4520511199764146
3.4380648529039974
3.4715206421244487
3.4138794320937635
3.4716328495768893
3.443187034127809
3.4509859713396267
3.428730067742111
3.467177463798559
3.455272630544436
3.4495708536884266
3.4023884011228476
3.4525151592789336
3.458534050159699
3.421944016706314
3.4575343844098776
3.307785316888731
3.30492439075766
3.4382472208290578
3.343266245398188
3.3889304717175506
3.4288259918421105
3.4443690934442257
3.319604599243983
3.459877122340276
3.3469396159737785
3.435677336065768
3.435645971369803
3.3960674064379064
3.336667825773437
3.4400337269472345
3.375253809169852
3.303104908243457
3.3921443892109666
3.4373644000991335
3.398128120140781
3.3457917004178754
3.4103100051344173
3.414264187951761
3.4472190368817004
3.4018211537735055
3.398499220969027
3.4169650871030703
3.3509082823498653
3.40711955447408
3.40206289265522
3.4544891730706184
3.3792205238494804
3.436282206876237
3.445609972455783
3.455865854488242
3.3236272794253487
3.292126080526722
3.370548087077766
3.423139471748635
3.292550796213672
3.305393594002149
3.334208919526476
3.3040754673434742
3.234769236365237
3.1742675387714194
3.1570031778543557
3.1348968646870525
3.1695826940146055
3.1998157583005344
3.239084310165346
3.2885191890111023
3.295358674123689
3.345082640510399
3.352740702721815
3.377688771140099
3.438008036630238
3.467640528947112
3.400791797649949
3.4488542967313407
3.459882224250285
3.4075178771833157
3.458776536263703
3.452844565930684
3.4391224191920906
3.4332667948313884
3.4650609480317582
3.430087071053584
3.424643351881701
3.449483038399741
3.4494559980469552
3.44540148660174
3.457693180390148
3.376635345786748
3.48974651939625
3.4539161532800238
3.4208838916773017
3.447962900407043
3.464744321460782
3.4383940236948805
3.452773535606137
3.445834079830721
3.456227337406149
3.314723989117968
3.293342169688298
3.398073885936846
3.4476435546471125
3.3415808213152287
3.3490134369834608
3.412784166892627
3.3059313672977786
3.2968286555206676
3.3770500039276414
3.368139041722327
3.39749578370589
3.3891385058214154
3.408933683431576
3.382792806254699
3.4085817420977698
3.3981781557177344
3.4283492629451713
3.4646387083624846
3.4012606586785354
3.4553391148532766
3.47180627755045
3.3897671676459034
3.459333870052189
3.453561204523828
3.425155246487184
3.471603888620591
3.4296876935626015
3.423595430944966
3.4813630530756967
3.445465014014502
3.4193285065507317
3.4623874014342135
3.416173013454352
3.4663357302140425
3.420212655290615
3.458432445704676
3.444789797474491
3.4292233146133952
3.4551502740929125
3.3534734261710275
3.3590903063691697
3.3844496878843104
3.461372441268273
3.360763520510653
3.370205381629244
3.4130954956866204
3.3621314328750196
3.3664685238039795
3.4422559013792315
3.3998296541227306
3.360870361393603
3.4449139800353867
3.3576415477317973
3.41572092042329
3.4332467375519187
3.418209396452659
3.4264887321457542
3.4165648010791854
3.4081394646449885
3.4552863772060016
3.4179891353572778
3.3875801431486927
3.4736460725856637
3.4468876035981237
3.4342700910222064
3.4369426582700813
3.3895885548962865
3.403560782541264
3.4660343960117346
3.419969833945469
3.445812581840454
3.4437275263901697
3.334990530716105
3.3942829416429405
3.4842418323223683
3.4199778408373875
3.432323242991359
3.439079664460072
3.4340997115256426
3.405927671776555
3.3725988571326924
3.3894020457836405
3.4331431614112704
3.4560227798189005
3.4239893508359556
3.4209242917544884
3.397164398654188
3.41771887827953
3.4569141652650495
3.4164165729737297
3.4326207554712815
3.450354580099865
3.437139056138382
3.405428301758878
3.449807985852975
3.3644698950632232
3.389937258162049
3.3604353618629887
3.2688738155939348
3.304331651112771
3.4379458016436173
3.436228520793113
3.370849287757177
3.4241052682922186
3.3077882290935876
3.4229393181876744
3.4468670995355
3.4333479609936384
3.451741533641809
3.418740085568558
3.441154662807532
3.318814459348384
3.415786683765977
3.4548436450660454
3.4113953454092028
3.4159023433849867
3.4402905547466522
3.434670110398387
3.3721877870231984
3.430531752508532
3.459258619036207
3.4500414689889403
3.3793626337064944
3.4720313919818495
3.418824761774141
3.4235150490957182
3.432655410229576
3.459286065872162
3.3287911062014492
3.430846908067749
3.4678313367046414
3.4233423367883127
3.438182186935933
3.3280250977931614
3.3380890655291737
3.453478841169757
3.416749471976756
3.3841272242449802
3.4603667871137107
3.4061271138090716
3.423664068052213
3.3253255021382664
3.423589341181187
3.4657225715153315
3.312785998134177
3.1752401679222926
3.2325161974631884
3.400790780734237
3.2623954012894743
3.3022142224817133
3.340298443931269
3.2195682305872024
3.1914519426626002
3.228200809395008
3.1587384588493514
2.9942240475264397
3.1828016992170243
3.14283336949848
3.1898873212258336
3.1992659582706544
3.3564535417472405
3.372005780290497
3.2807428054444023
3.3942691836323307
3.422841366432163
3.368655172132963
3.1908158987785957
3.3936064731773525
3.46026364439145
3.377568001431878
3.40379604733486
3.4639470501320675
3.3196942332767314
3.2054536752653804
3.1303349042881807
3.1499827391633466
3.109886854789525
3.1972962331792885
3.2170423290595793
3.227339371607941
3.2508234644893754
3.267378341345193
3.1889367545218077
3.3158771784536945
3.220068470136829
3.192870128654797
3.221136405357702
3.2032170943464555
3.214914790075163
3.1799024238967117
3.174033458489819
3.1104189510544793
3.1428611582454513
3.1139528848494598
3.0993026175782434
3.038861100751519
3.013274070232451
2.9005242699802
2.696406247248748
2.64968826843564
2.5429185629901174
2.3738487034134237
2.3587052282166336
2.0474525563274613
1.8997435532651
2.0440067427282216
2.0237917927559885
1.9304386562988805
1.992633767257462
2.164627449202418
2.383880193146458
2.4649001311535956
2.318681095515786
2.2675958855332987
2.0684044019331718
2.110010101204719
2.187986287711065
2.3273450016347805
2.296625174589514
2.11902950667204
1.985236971659139
1.668877290257429
1.2779567882715868
0.9942250718608698
1.2825143238971777
1.3400306831581645
1.6634695484792181
1.9568959930970624
1.8929686872909897
2.117839396697428
2.2716771459418963
2.0484561170854714
1.8751868692164186
1.8644894437737944
1.8112435418479709
1.7101563000315387
1.8307669081575348
2.013039970095366
1.7324547802479984
1.6175753200208915
1.2107074432154858
1.2600360720499464
1.363420448544512
1.2508130501563155
1.1114000512664226
1.282591881818588
1.650754839915906
1.7592703494595994
1.7323790393136942
1.7782171276306982
1.6518223430259789
1.473268490465381
1.4499431309502835
1.5511557660306363
1.9177599465940207
1.922097266454828
1.6229502358556178
1.500376142031093
1.1267146833221584
0.7973802249350899
0.6168656540465124
0.6265010749590291
0.8518156396555219
1.0647255665040862
1.0862300122417838
1.1520546107418035
1.0653429557160679
0.947215805325999
0.9959462112214321
0.9105070909762615
1.271274509649641
1.3120498736203494
1.1710757898525626
1.35715036875536
1.2254099176584141
1.2191091921336246
1.2309904714533133
1.3251754439002044
0.9708085448994502
0.9198440407883439
1.0418020400536823
1.3506599543780495
1.462887924495011
1.4480435913173502
1.6269069993131346
1.9375244227710866
2.0780107826758165
2.3841943727091657
2.5276220188307255
2.5978969044223397
2.574530341806389
2.7435276658557384
2.739095784807252
2.6364045385468904
2.446670688785055
2.49628146006776
2.6763272274565373
2.6707569173261376
2.6306923174080006
2.5756460996548296
2.5182372099715393
2.4468428819837635
2.2763246371879062
1.9547892433653415
2.063220218663083
2.2652314311065553
2.2637989138141994
2.177664155104798
1.8085169653638684
1.91427177417973
1.9431448723450235
1.9079528504562318
1.9846212992672079
1.9427010432010947
1.8172119207392665
1.7960018807439464
1.7852880639919273
1.9060959963069768
1.8559256495794607
1.6564146856794655
1.446612259099951
1.2520686407358077
1.3166652945728252
1.6177093244437906
1.668756582728843
1.9073894436077667
1.9381793984309295
1.806506958613196
1.7667011454638117
1.7224048505104306
1.6321481870864443
1.5756595776365454
1.411304711303774
1.3939296664632574
1.6441007378936117
1.6150757515444436
1.4567869736885168
1.8399013477565436
1.9937340870401878
1.878801001739678
1.8968749806440708
1.9370617696740937
1.6557113826320204
1.5008151964178675
1.0646383277922002
1.0830620924262537
1.4780845403209955
1.4415312037872907
1.1553427590647425
1.0187643334798908
1.2096838243265993
1.0853529436813139
1.0422475114498977
0.9960203188060365
0.9303825438782152
1.3307987111433437
1.5061447036330935
1.2657490970215224
1.4718062664176057
1.5836758827461688
1.399423035451251
1.1689525367862832
1.076250032476293
1.3782831038423666
1.5667978713558848
1.4961788748227498
1.3263623965873799
1.1830637178709273
1.3730934374603838
1.6361485650404142
1.5218375356624834
1.422623261652258
0.8263533580733426
0.71370812867481
0.8827172217023702
1.0462171317127733
1.0474302564192228
0.9206324330523856
0.6923196811748209
0.5067195001742457
0.3468114330435407
0.5083155590853521
0.5909635490267755
0.6687310157007643
0.5081778093095275
0.17566610680969993
0.10771438586727662
0.3457692815260323
0.5557849387834845
0.312371978973507
0.21057802498097278
0.20729348378953966
0.1740030594054085
0.00575005604233283
0.0462048637266987
0.361959908793683
0.3770878483879384
0.375197644649692
0.3813446631161961
0.37105514084179186
0.4277152645543957
0.21039937059384056
-0.09452335564551592
-0.31562534131499137
-0.2955039163458356
-0.3059883915881749
-0.2118052977284827
-0.1708575549362754
-0.11323939981854457
-0.20614601992033652
-0.1750990356530968
-0.4117615393852224
-0.4038027634448726
-0.19804510467829264
0.0017848151341047112
0.31011749880760087
-0.05303547808649363
-0.42887622057690705
-0.8246629255771329
-0.7836364510809519
-0.6011959184081419
-0.6144764664432504
-0.7695692151717839
-0.7676649890105505
-0.5266996778735982
-0.5171836073074348
-0.5948419497788799
-0.6693835427985402
-0.7122944632352579
-0.7911005588651147
-0.5639275133224311
-0.42433262928126697
-0.11043461191595175
0.054114318926173154
0.1292007909993405
0.15713431474552184
0.15031484095343242
-0.05200959679186923
-0.0575412477895977
-0.09290804186697006
-8.504252777084886E-4
-0.09948078948461543
-0.0851015999268295
0.18210769176395142
-0.03204010927885168
-0.15293951868024996
-0.07151781039733204
0.016272664522565528
0.0725461224218277
-0.22243895034445577
-0.37052507688345715
-0.38860689258801007
-0.19863684436330561
-0.12606943095610817
-0.19898804181913424
-0.1620056463148442
-0.24141297751790206
-0.23477338999135694
-0.5573365094453246
-0.7550764819731421
-0.717538890989646
-0.6931617530127168
-0.6024774708686189
-0.56632909941781
-0.7187844502384773
-0.6862091177998123
-0.5556507432953783
-0.18851201738555137
-0.4038629101357052
-0.6123563331476353
-0.5977448119257361
-0.5562956431386838
-0.46514565923275314
-0.14039585164045237
0.0270132365009939
-0.0049961454551155525
-0.18767013563848156
-0.23693131086052993
-0.35619845775173464
-0.1903985497951906
-0.20491516448964528
-0.3570285361494788
-0.19971300871611053
-0.2235347773248119
-0.15814198823428552
-0.0036407417784007023
-0.1388740268729908
-0.1035665666359094
-0.10946268879310814
0.03032497871857327
0.02837689269473493
0.3656039798745182
0.5002274114703307
0.5836587883032143
0.8037846501734404
0.5965974210604756
0.5467451531052507
0.5144807980355747
0.3879063434896839
0.3945768787335943
0.6884944532062572
0.9439560947774109
0.9490767842683485
0.7806215962293572
0.5925365943953008
0.5477469049737109
0.6478263810883831
0.4357728450379522
0.16790308739794355
0.216551237306383
0.19487111852797323
0.20255297976354675
0.14857102512212422
-0.0389141366914707
0.199077591590391
0.1846385830028492
0.39724725379897696
0.16447092064222507
0.3184491892577057
0.39804384724461317
0.3878501728207128
0.38201055611372875
0.330022366082118
0.053817809680336025
0.030182429481787842
0.18797243945854217
0.3371150439842697
0.2488616053618314
0.32221385287844556
0.2949085805368684
0.2834138654174291
0.026816871369193862
0.1616690907380745
0.2978191423372323
0.5447823893481042
0.42885585662293196
0.1844773977769094
-0.13397514066797153
-0.21635378301638308
-0.05841637259709902
0.16414714240768458
0.41119706211795426
0.19473423659789812
-0.00874840970787183
0.26217304928508567
0.41724441763045783
0.6077585563327107
0.4469534322622942
0.4613541707192835
0.5262064516884435
0.8191332904079764
0.9933670016189293
1.2097882074907549
1.1659507515954624
1.1276180725137182
0.8836689423451698
0.6428338816512621
0.5943756534292536
0.9249131255851994
1.0558686297275965
0.8937666800737679
0.5595800564985801
0.4312684566735319
0.5349734773156072
0.6687579329234458
0.7290039396048755
0.45865113052920586
0.3328652123875317
0.5934636985920612
0.8327133115237662
0.6602241741785214
0.48261131949328784
0.6311217449172037
0.7936023162196885
0.6343895499503212
0.7038402702508284
0.5761299859064991
0.49803657285516956
0.5845414904196394
0.6212503427261238
0.6374778866114731
0.5374448805294938
0.6347236456034547
0.8277643569351859
0.7695693241801773
0.7978430788885238
0.8903476565554694
0.48041458879533094
0.4605184126003909
0.24551095387166838
0.08159863672823989
0.12424449100935142
0.119004010713361
0.16121552341047796
0.4806522080570639
0.5825703004516759
0.5778996480117348
0.6415058201549672
0.5487328258638451
0.6329491104430245
1.2285986551511177
1.5606376015411803
1.751882139878258
1.8136531875941633
1.5791940304527663
1.7616454766463594
1.8664234241125284
1.8912289663112167
1.974915782755099
1.907697707988742
1.8166043918933492
1.9699507000106546
2.090842539669814
1.9694036800857924
2.065430348319235
2.049572869599257
1.976953296454831
1.8716161617620715
1.6093112535260758
1.801780955408927
1.8718456913987989
1.986073390734871
2.032813384761414
2.0145935941270663
2.192834021826733
2.4603412346416755
2.2481129587902187
2.313405557726438
2.3083663899711047
2.0511511640752063
2.125845499495895
2.3011107691855113
2.2304358111555507
2.1494981888354716
2.17851582845931
2.052437073986063
2.2192196157424164
2.4281027668831463
2.662872195098428
2.7307768130106225
2.651281471296995
2.791581590030427
2.686915760471511
2.7764981260711212
2.862629113024828
2.7756469129771655
2.905911634866168
2.8984308098335587
2.8719646218095987
2.763847654333772
2.886103323238845
3.209823361396851
3.2253074798965735
3.2884244133122555
3.217534848389113
3.159867094858678
3.1472378527720792
3.290077777541737
3.2221051363156534
3.2543162716319975
3.3913947813311447
3.2985947200712835
3.276500729818879
3.387766588216853
3.3331459598831343
3.3700641843956722
3.317765342096574
3.3047089775320644
3.3133750973436755
3.293330590468881
3.341168031412077
3.3361551078015914
3.2462753231590837
3.312837628121561
3.139476750883153
3.261143917449567
3.2380052594434856
3.0968507971492434
3.192838707824019
3.3243640384793602
3.3045428604774614
3.272902139818433
3.139389683628665
3.2379348674794826
3.207324579251826
3.1752158958645205
3.16817306001865
3.1785380973537776
3.202511578340831
2.954776945396934
2.6601200146109525
2.811341723016885
2.980194936819596
3.0985407130914515
3.124778462637972
3.24744678272733
3.3411975550480606
3.2633678585492207
3.1444482671936718
2.971095445375311
3.28827649600849
3.271241313407162
3.3787849422922434
3.2897604829326412
3.353672353162243
3.299153625937727
3.1709774135649287
3.2572138911373143
3.2359346114263814
3.258694772750238
3.298233409105708
3.4053053447003654
3.350021189833902
3.3321878435677403
3.349840238429266
3.3867075650348584
3.4121092643235373
3.294492445227953
3.434102758436704
3.396534475542391
3.346991440627792
