-0.7179467691978013
-0.707155334784846
-0.7091013108873061
-0.4916986882911991
-0.4147862192297015
-0.5353863865770618
-0.25166817989901663
-0.035398548866967805
0.22442940523507174
0.2971018154946131
0.2691550276538709
0.05002159878713623
0.03003452108157862
-0.4096599736275171
-0.6553596132362666
-0.570231784065786
-0.501232767691812
-0.554638927711377
-0.7365764754508676
-0.9526803427848922
-1.074324675682939
-0.9369598214285257
-0.672475879660057
-0.8490234830652081
-0.5965031269526826
-0.3555051297694781
-0.24203551511396676
0.14735071612816633
-0.0871519155222102
0.07956304972504294
0.3835771550688901
1.015758656883668
1.4293723614772045
1.3966199598499573
1.1088406915141804
0.5962236278235813
0.832272346942033
0.9628092648474262
1.1745177617350575
1.4186216877385527
1.646942252148611
1.8683545526007115
2.0313304335225326
2.2670968903589586
2.3359779520275077
2.112807434098722
1.8523956855024735
1.7306285246521065
1.8904445734862168
2.1562041641112923
2.475916165295728
2.730643220407894
2.8591191135120124
3.192088016752918
3.4691387555480753
3.287857894964948
3.205131988820196
3.4193827644341837
3.7924956805331353
4.380535670623902
4.17804810562248
3.912681160657404
3.834558238188305
4.062839323250894
4.198006450425917
4.261609534683153
4.634831247704566
4.914776842319673
5.0988241059297295
4.820526783920528
4.4684254084029496
4.533526712793499
4.9107902856099095
5.58982639623702
6.25111426225629
6.545048965901377
6.3090984963376915
6.055121048337713
5.895718397919133
5.998509155836384
6.232615691860007
6.3439242875714665
6.422675299642248
6.422628045691729
6.28034514412642
6.347468185494098
6.55846481243718
6.572946669585147
6.490187488468484
6.287651558773179
6.679504424030723
6.522970397732993
6.527931587906153
6.3390053572612945
6.512360784304903
6.5008963514370235
6.438555018747546
6.436381905484697
6.359675559639095
5.976524416494989
5.861287258846668
5.520939507041097
5.17950738628968
4.761013501455963
5.005441388435588
4.798863910869254
5.061666397105002
5.055814637458738
4.893611751168439
4.75713576161206
4.746144581533672
4.720422276127399
4.7872666694860175
5.199576204061066
5.102410290111921
5.157788246850037
4.900774528492406
4.977995607466582
4.685956475153231
4.39062037940275
3.9437963832823284
3.849811526235145
3.974416679754445
3.653877226493734
3.5754881170709716
3.971724340583321
4.394123808608429
4.922427109708708
4.871258218880288
5.3124655904406834
5.21028815169421
4.788543406737257
4.603287452027105
4.529760746129708
4.663626296542553
5.000356085329035
5.4319104302136765
5.534219999202058
5.416505818994764
5.758001041709096
5.981485387572853
5.80642229946155
5.914834668195935
6.06556131794026
6.240151167295364
6.47106237728911
6.40811050357741
6.458106237152277
6.648009815044789
6.514621159812964
6.692103220053754
6.543938134187073
6.658411660932289
6.556978353338326
6.45232870940045
6.574004012413029
6.7553521557697085
6.601355176350127
6.4410366352532265
6.620554434311027
6.394375205508885
6.591496286627037
6.394941418472529
6.253031497502794
6.563436645716472
6.489407879277619
6.25563029456089
6.550825139838345
6.615816092990253
6.615170087575488
6.77888304539668
6.730961814091437
6.475230809036009
6.583109175495279
6.547918960191888
6.215401928754293
6.380739347481646
6.625803709968411
6.526154981127161
6.518135250503617
6.516460609957155
6.265596193186148
6.24173477743693
6.180540353017039
6.331756214362654
5.7231881645841645
6.192658799513055
6.425770661190515
6.274276259107326
6.131868733763123
6.196845788563789
6.483931137927081
6.622465245736417
6.736624871240378
6.785484533573628
6.7354204975591045
6.546030204669478
6.557183129511833
6.765150182506661
6.622784834154118
6.6562977026077785
6.6278710470928655
6.840107828876699
6.818815141464955
6.63334454880045
6.63721865856716
6.735593491363458
6.697152690785613
6.726788632324808
6.554457291613792
6.6427454014943494
6.803219442315933
6.66538212445824
6.599699552455713
6.604128602086067
6.5909965400427835
6.6142590317266805
6.349460132991827
6.284505025900913
6.204969155464227
6.3537866415212445
6.372283564559316
6.166320754889833
6.246440648478428
6.311513040335062
6.286453063676051
6.552874666737415
6.54131941688493
6.6180930226288215
6.639181713771137
6.562709763846999
6.146531434933156
6.103557548861734
6.02298045463492
5.861518263896196
5.744569134071984
5.641349859958166
6.021418282563716
6.159643227328912
6.183251111064169
6.2533540689840805
6.243745673136141
6.316911350791608
6.4322551071933445
6.562848947154545
6.541496656904995
6.146220098277114
6.210090927890897
6.295290394050148
6.325701132606243
6.374885154115219
6.07477106631563
5.935590195349928
6.036466336623645
5.894811564709741
5.951018086752413
5.665921052937135
5.3069042245773
5.652536123695321
5.434162499868989
5.37255680622284
5.206127537914545
5.0931584762417526
5.173552701120384
5.25944516494138
5.431485042810651
5.491824984361361
5.363406844106743
5.682651044596768
5.945386893091319
6.120078449801986
5.842046410136364
5.568748815587947
5.7769211928810735
5.699225185246242
5.257614657650457
4.978913571950776
5.221238814078651
5.047057019146434
5.1101036232832895
5.18341299865642
5.2351218337112595
5.217956990895219
5.154193557910636
5.1561995358340535
5.35373198662196
5.242842538819287
5.106660671601048
4.798186760911218
4.667145706589524
4.589522297957254
4.471690387916711
4.652960623375739
4.704694988672964
4.953284006772337
5.342449662894234
5.381861037811906
5.465335523009882
5.361623539811374
4.7395904909754565
5.02467689209872
5.5083642959539105
5.52195541245506
5.71527066894974
5.996094579806206
5.973355600228805
5.777057623755645
5.556121279769612
5.568008709020914
5.728738958556136
5.672278433601024
5.786155497788826
5.603937777944787
5.546506341795938
5.655737522498635
5.8871202802416125
6.228653245768381
6.0424985815280365
6.150135151148308
6.00048308588846
6.1167681595584025
5.854924292527821
5.8776831713014115
5.759458124508268
5.639695941771956
5.9465472428272275
5.933836138450981
6.043369890406912
6.184113658165609
6.374106329966949
6.370122233877824
6.472277498750147
6.20146863513443
6.466757272660994
6.623767261899481
6.718401826586662
6.557624377146686
6.5696105513209435
6.631720537052708
6.503339786832219
6.606808455225734
6.620567858025313
6.5937219199538735
6.6180963983962515
6.710112859331166
6.562660907680355
6.657674326328916
6.427478951122562
6.706403620337623
6.683633819322672
6.394835047059494
6.495168446942374
6.185463734477819
6.701496350145274
6.582108455161922
6.608206011720833
6.670801049749008
6.704579278600936
6.648168039330079
6.515998547505211
6.668872455567799
6.79739786498987
6.495699425885516
6.566375513194764
6.664498082199287
6.549547403792161
6.648744238181321
6.581854548931377
6.517860253640507
6.586061910099467
6.692537000776872
6.739284685892841
6.642037690776784
6.595801927082716
6.522761469889019
6.655354399001905
6.613102114435665
6.466325552000588
6.293209724571894
5.949647928292767
6.215293425691202
6.389171477423349
6.216410387983967
6.245493456417797
6.348118425513407
6.478734820440286
6.38541170897599
6.402716121584328
6.577779454564224
6.603765326345834
6.604952322564188
6.530212715303355
6.252837403291403
6.524455474921832
6.479190370272384
6.2676824118406005
6.473115233871435
6.335088706235313
6.423843743392114
6.483113111369617
6.492267816616345
6.629339698822375
6.444786440492083
6.5991674865489625
6.621978341305573
6.538341473227538
6.4955645328061
6.34227235900661
6.67428277075472
6.397520822554358
6.664869918769218
6.4191486819734065
6.421826914785645
6.207844254554713
6.11636938796441
5.976815694203079
5.876640628571202
6.092443153074595
6.100118737798175
6.0575151077672755
6.177054428108896
6.284342178507333
6.2859218036950155
6.491120454247445
6.653485509051504
6.692262105832316
6.356450587268698
6.212059410785672
6.510432993303624
6.3512830546898655
6.60708896719525
6.512974881983011
6.648103379096332
6.241503184271859
6.393952776333792
6.471397347936971
6.347459913248342
6.4993906506877055
6.658764477544733
6.456868624458414
6.435806748140014
6.269831058641064
6.404789231092079
6.5481137747519345
6.628962426887304
6.550486694035525
6.8207179142552805
6.568719390507963
6.719947517656825
6.5486271930441475
6.527127764587061
6.480786701252258
6.3109108275004475
6.406933053053069
6.450947350613868
6.290085324293836
6.533932719735458
6.552350780975333
6.680588867804812
6.591324267860334
6.6899648322554786
6.57175623392734
6.536172370314892
6.625752145360195
6.66799769996435
6.7117023714284105
6.706753491644396
6.660366415168896
6.483473561094082
6.640774716333569
6.709565348205767
6.551581267744075
6.7430939718785705
6.515979170421865
6.601915086032093
6.471126990262832
6.33955044334906
6.105120728026288
5.9215413258814715
6.119525009322207
6.272636105698588
6.152116893600128
5.88968303421867
6.281868000646741
6.29204678942356
6.187890675145738
6.301032988431621
6.3689979513132275
6.26072995725033
6.08139912433492
4.500239160052003
4.410614729654328
4.496300810683463
4.482811902608555
4.441246935159489
4.009896164356077
3.995254973489864
3.7091583856975996
4.130769753438917
4.113436648534539
4.103414926898988
3.9454416793472356
3.8258859477877247
3.3738377900977263
3.0666311025776487
2.8258472538989574
3.021609217895674
3.264493395579727
3.4677935236879875
3.599493710000004
3.656089979880911
3.9126370472332876
4.017662926950908
4.043682663866286
3.834435983159084
3.536175813475018
3.021523950285683
2.4886017426601454
2.2515866184482825
1.9229707248333345
2.3283317520422564
2.1426122196317534
1.8575949007023258
1.4007755527397816
1.48546457662017
1.1030967564894105
0.9094018051882363
0.9518427234365338
1.3646941217114799
1.6771264598500928
2.0571457465408405
2.2944470113345217
2.269524341513944
2.1573245726369366
1.7598051802189798
1.4954608772866163
1.6501665281203508
1.7471371518813872
1.877712950967294
1.999234480520165
2.2074262887297933
2.4470260597139353
2.7965276875958307
2.772266210595528
3.1915626679662568
3.8434716745699378
4.261042795680288
4.370311075637398
4.37262204631852
4.577537011927376
4.716598349062194
4.623749300523961
4.628227080706637
4.446772378608278
4.4128180703885835
4.470856744471021
4.463378380819476
4.451791801819625
4.271697481374862
4.161585280696761
4.226059160259956
4.253436337465431
4.365974596621724
4.19660814433833
4.1850187005530985
4.537610201177318
4.692311590000638
4.715640739818528
4.624874918178463
4.63533992152296
4.673640586000967
4.47607897768053
4.596565739114164
4.688324146157612
4.541599080642095
4.770914690087318
4.612536015706463
4.620942984888546
4.663007121592855
4.700860604722354
4.532449756551126
4.422655911092158
4.475077186875798
4.466190673208529
4.396680350624103
4.520901898384513
4.433781899937013
4.411032751833134
4.648514104420758
4.735148200268561
4.548920882484369
4.702497570337465
4.622555519233439
4.548176874115091
4.656217636098484
4.5446418058849956
4.734759129262754
4.520591612763176
4.8258155517416395
4.622758436330133
4.312351954882264
4.73232604015813
4.769035492652025
4.696077918467724
4.565108396636868
4.4968031709176834
4.59788228054331
4.700165753309183
4.611150086607288
4.727297449925273
4.788748129129745
4.5884042314148505
4.676015488838365
4.616290416061339
4.438360567696573
4.803080230516589
4.690719156409886
4.613718047814767
4.596287654464346
4.671968565144016
4.492908296296241
4.6741642617467365
4.697488320521422
4.632998656759271
4.754320753069135
4.760839179366483
4.485850975231659
4.768205777083869
4.677593310918482
4.561735684171669
4.482962307512146
4.605804027756423
4.560444606602263
4.585043516084547
4.5895851712049405
4.607074788888559
4.645310521156884
4.489796466294198
4.3523222474405365
4.470223784523424
4.654236362378536
4.570743065613813
4.540456962495507
4.623512753584932
4.6334880230610365
4.48904398390942
4.6008184271106405
4.444376600067885
4.587771184778083
4.608748110033344
4.727846568610224
4.660369999729662
4.787356539857106
4.704847111606506
4.699579734568273
4.816669148997519
4.623670736502946
4.668456876918375
4.719075897566038
4.781213233609877
4.639385105876926
4.7727039066661385
4.728695853824651
4.762513288696724
4.69530232275156
4.719259969540208
4.834898561070529
4.568654960544246
4.628593530027399
4.421145209885818
4.696233847373655
4.490730050622671
4.691539087329922
4.6485831074186645
4.642793911809584
4.694637701084586
4.690639931720314
4.605367218970112
4.764385923760145
4.561016960718871
4.674059625265512
4.745672866579347
4.7288969118606925
4.467485220281537
4.77579726630109
4.657964776051394
4.694990866633087
4.427159942047501
4.434938469039078
4.428809156143096
4.431467885578046
4.507401653660269
4.3549450323720595
4.439664706455341
4.183431912303865
4.334030858365378
4.186843121930108
4.27235567372198
4.372364849447259
4.357903533408734
4.452231495514885
4.434539916838252
4.312775138653238
4.439320644794209
4.487104817914487
4.392096333769961
4.30009421462253
4.459461592995046
4.425383556095949
4.4633255803419125
4.187503635268508
4.180125946354523
4.387196448336597
4.477880588269277
4.635506529646742
4.628585312076048
4.508397089383784
4.4053215641356545
4.627969150000508
4.654886970522924
4.641444086754045
4.726615624993362
4.580127756505694
4.797150017397241
4.5128230720913916
4.683072251376231
4.661508506901943
4.52599611240098
4.505401242160964
4.629727004881895
4.638034438546404
4.3304532873959705
4.5950466353222525
4.612100260719295
4.7008888350064595
4.612179319052425
4.688481200449812
4.5601999653589855
4.693347949179582
4.704092134291517
4.703995453864343
4.691829337748308
4.674966967010988
4.598811888093301
4.501873780369766
4.605255996135639
4.640723963050825
4.56969337906407
4.549835164996216
4.536845391951596
4.677980881833743
4.520063183985668
4.5102413254387805
4.412280449758548
4.518485911670453
4.576760048609395
4.537319316172498
4.516367816369415
4.486393826248373
4.599011542779896
4.514395972400525
4.490024188532265
4.426842208084229
4.34352545176439
4.397741508388306
4.289666689530182
4.491914029534217
4.4038980127548735
4.264194671437295
4.418019258846284
4.477830434400465
4.5121702466503715
4.3944781579584005
4.419348717900988
4.620037777761401
4.5180088356749994
4.680396670546303
4.521111214161655
4.52664073171065
4.377693049083697
4.629879544036417
4.536612524119866
4.2639111066601245
4.593148154684428
4.608088488900596
4.683121253771278
4.779703735587205
4.71538878399687
4.746089501730539
4.763651491721972
4.666042603237677
4.709019393369799
4.74305304778808
4.662025782625092
4.598502688288103
4.737318050464287
4.465031897997302
4.55424466455477
4.76979062652911
4.755386970485981
4.6899841352254255
4.643055255102715
4.732886891069251
4.734683922104627
4.798801030579169
4.635595118818125
4.765325651993054
4.722299190706437
4.766515273443123
4.758052229467344
4.628227054941829
4.6691857182583565
4.757605333279227
4.6574520561067025
4.677151177402897
4.620480225695134
4.505747936059173
4.7964905109877005
4.766102469871842
4.4834634011286045
4.582964301538972
4.740557581826209
4.454031451547094
4.701252381249256
4.7825522576598445
4.593991545409827
4.744853642198901
4.755185433969666
4.671188880833994
4.700450853143191
4.7791508764420145
4.6478110341989
4.817460979702715
4.558020081236827
4.817425503767479
4.671472504674151
4.588524804293677
4.670735248645408
4.64923095254796
4.629220503551666
4.678312762326913
4.660401464670485
4.6050371718026355
4.740942711949922
4.648849918155755
4.757586736399004
4.756162257904584
4.761704309510329
4.716289024617113
4.652108763711179
4.661006443010406
4.542631478337222
4.599315257538278
4.614872464908133
4.549049007775875
4.634226641763071
4.784343010395719
4.77111740727166
4.73766285178206
4.61997377623886
4.582055595767618
4.709332821278154
4.640639260874747
4.577097891728417
4.471952551579127
4.667878968242549
4.5284329786498665
4.592425130440961
4.575767620531247
4.653413966595775
4.510452758143987
4.6679602722707525
4.647383034259176
4.663230960285317
4.687636833460576
4.772251844063267
4.51373126283884
4.504079050092156
4.672093146152271
4.552416087956978
4.564044805312958
4.568883124474555
4.526264242883341
4.729368688512109
4.738191568777814
4.749796575877231
4.6007242633763
4.733220702167773
4.607643324946573
4.282003377156739
4.640624802287152
4.685396594781283
4.715529383249375
4.607898724142077
4.555000324339831
4.342862375530873
4.39866467399801
4.615690391390061
4.580197232393256
4.7056560112165435
4.602267055581613
4.673508205988675
4.685740906595967
4.608767072769796
4.671585377298245
4.65444178617107
4.60500709022915
4.731523067893856
4.698680407444046
4.558180676230582
4.698690753996278
4.580094421701096
4.671686520152493
4.536654524334905
4.7656255834434065
4.449951167203645
4.707632512041633
4.530075995251865
4.284777540626862
4.561973129939451
4.575942770610732
4.386931784605414
4.717930577733992
4.777584813599612
4.796718582635635
4.587576396145186
4.778205670657642
4.72287682804221
4.596291160623688
4.691838315994761
4.611182156079865
4.350841578992335
4.5802980226934835
4.529882609972136
4.6828997519548405
4.605930622371862
4.724825504598387
4.5239378571610125
4.7161729652284645
4.651683757388664
4.683260816012115
4.537846655780288
4.665698384283572
4.799190036926563
4.754623817674705
4.5827280990884365
4.452263234447884
4.4552617502069705
4.525997841373426
4.407935453789525
4.451005937751984
4.450407689753857
4.46279306655085
4.4744364207812435
4.463525378711984
4.34978397557325
4.346943650532443
4.227799521547534
4.322310438679219
4.533015302383918
4.484198712447469
4.5890714389623755
4.40543758832787
4.540178215432164
4.454900391600785
4.503241892584143
4.696065483468909
4.637630740204942
4.537794693232511
4.643698153963042
4.794818723968481
4.750143976286995
4.785654524043124
4.700716989483016
4.593725184962132
4.557295553287064
4.533611300616213
4.6877271995183545
4.694967183905128
4.67059061044723
4.582971717447892
4.5931775344269505
4.5393541521708745
4.5864006934355315
4.617855927813926
4.712330290076477
4.704213363868908
4.625458891822771
4.3491740088398245
4.548405878607749
4.607357803230623
4.604268473210139
4.624825289102468
4.559174573636389
4.581769850682066
4.523975198793553
4.421197097849186
4.6656142772434865
4.582550073329874
4.791879693120945
4.591530435461389
4.504315694757426
4.506828098381469
4.38916490932301
4.681788786326329
4.5515927218876415
4.349058204266685
4.45716595359735
4.629470762414288
4.422522430593701
4.611163183444039
4.562068630958505
4.472284941001989
4.5331570316157555
4.419156619791972
4.594969748416049
4.6204585749420195
4.63020055275028
4.295585207882293
4.392494854883813
4.6090584426014924
4.5704244150657285
4.622696131592155
4.578014488328843
4.6907740111384655
4.583316466309463
4.63645334393018
4.392082559467935
4.357759112044543
4.670635676997496
4.4966979888040495
4.275772536798975
4.65274103239002
4.63768528511423
4.595651933067088
4.628864881976133
4.632233640274497
4.642218178403544
4.746618475599854
4.4446036603894665
4.692125267338924
4.674175591807577
4.549842308535783
4.332575389256422
4.2371921247943405
4.262478435714572
4.470956512026559
4.373187559607691
4.472529326988889
4.676524670664297
4.700053062906983
4.68213946932582
4.702847888743115
4.5267482966574475
4.625856449040493
4.63287178542368
4.612890597090704
4.669843587024881
4.473362935548339
4.391859654266325
4.431805999448934
4.469505125868253
4.318007162283083
4.108262888850717
4.334834590481973
4.502286486975627
4.218797115845566
4.569343059646464
4.580330900879041
4.567778623785766
4.4444466371414295
4.467876067626502
4.52420858518442
4.298813990219857
4.532666102063845
4.504516744706697
4.371194800907459
4.664927901775451
4.705732675531486
4.544871137060643
4.648209588469872
4.622508199805944
4.5338031439926345
4.528029665898153
4.5627623730787334
4.587945201525173
4.739541756338564
4.653364772827931
4.775161483043464
4.757963294809917
4.6422123814520475
4.72910384638361
4.6664782756744385
4.675752441386585
4.622186037473102
4.574077596401852
4.600235803958088
4.554277079815622
4.573244922062527
4.664133569016924
4.648119100277448
4.581215968005412
4.695891382691056
4.738212721485366
4.724176721602514
4.673227871741792
4.7884509019013
4.773525387583996
4.773894998056096
4.568704319711931
4.701866773004797
4.466980405046925
4.450152773509548
4.47517546061044
4.266658640032135
4.052666018198746
4.277670813054236
4.3895636006527265
4.653618881287477
4.668231549509408
4.7880803869541975
4.683040810908404
4.775291161347553
4.694989292934821
4.771250309789548
4.732604197885815
4.728790119765518
4.556191356652337
4.6072630060844455
4.718310885484856
4.6101686338169525
4.447903413409173
4.387050960922066
4.565481518026759
4.47608292179438
4.6765948509251505
4.655907136187729
4.781940092642221
4.617969396540241
4.825394877997004
4.666640752645046
4.503617621492621
4.739546117006379
4.687107300721431
4.530331812057045
4.4105779534342275
4.543737479467882
4.738706563132068
4.610087698443716
4.7109434504426355
4.61630725864538
4.6926619342811975
4.581335793924798
4.575216145845598
4.533440073406165
4.2892006607883975
4.499195209129569
4.511538416882601
4.496656413831239
4.595702613179168
4.331024812661641
4.203198841075775
4.012772769056864
3.538682325625248
3.730661289302257
3.9403430552855854
4.04227720458959
4.360949279551483
4.37719646545735
4.4925613158783
4.5823200130808495
4.576618242214574
4.562358993374842
4.482972156822254
4.5801845444153235
4.421405074414922
4.698602796759282
4.4974228285861475
4.4861034865253355
4.421851938923958
4.538967196955571
4.4764041137751045
4.64109618411882
4.637152341411385
4.672963644672528
4.72120737719572
4.642646732876765
4.68290332646895
4.569204394502275
4.425455572060611
4.27430113342141
4.024472723961777
4.116473757477905
4.279488689831675
4.289961358098925
4.397498854562736
4.465042791997854
4.400790318897146
4.222803953495999
3.9368055718732373
4.16912112406065
4.15831191943023
4.114872143330374
4.2534491796060285
4.435793564479939
4.594121314987151
4.646663156763388
4.677069354553008
4.701311813831648
4.745333397172937
4.596894349593983
4.466729974368454
4.363121732929349
4.547328562070199
4.766010717365956
4.733982853098529
4.714734341955096
4.668134789834921
4.49377115300032
4.495248042399008
4.616432079763882
4.7161022086672775
4.747529824318998
4.7452592451727424
4.761107554576812
4.687794565815812
4.501670106562081
4.712523996016536
4.636994370044688
4.733401039423569
4.776343988205101
4.793915293298764
4.754724032827997
4.662752236786258
4.848846761117693
4.696101136433898
4.7436429250986265
4.669306174128383
4.7294133035129615
4.716304614477332
4.834169054389143
4.720008731740656
4.663313566479934
4.745522598954494
4.743208875385764
4.466276276088584
4.7857194133925995
4.678280409415678
4.6374239768777406
4.715194761047689
4.689277713964796
4.509482882795739
4.65551516153077
4.635136820217556
4.773677243758014
4.757681168106961
4.69597994027861
4.800710377762886
4.63950584973445
4.836861306882241
4.623767225105486
4.781446851726125
4.72775905501692
4.723776934835251
4.671379659271437
4.611823191629869
4.499750358581513
4.4163989490598725
4.416536446343611
4.340634954153385
4.055420146224763
4.106932409768956
4.176980306200639
4.108954475561135
4.0826437361333365
3.9132416649230963
3.767455196983818
3.494183749141115
3.4683998306316055
3.3727194569179746
3.3459370745030164
3.538708949288818
3.7361043911387424
3.9293119583238316
4.055484318862609
3.8693267348697624
3.8884532652391868
3.87909304391858
3.9673539441240266
4.028901791958828
3.8358549864336378
3.808302718397461
3.6282183598229105
3.4614730210956943
3.286900757407757
2.944987368907934
3.0609228361179497
3.137982356394112
3.4061846512331315
3.7139482329243156
3.8009003469177904
4.023010441353989
4.147623901500529
4.28368805606385
4.376050759015766
4.482116481393561
4.4619776701735505
4.443716604979848
4.5284444894145235
4.565198855615013
4.608299883735809
4.600889369915236
4.620261791393043
4.502607822036916
4.285425925182183
4.278199070307538
4.36298718260567
4.175139780198473
4.4472663740160865
4.514601088471662
4.273522174431593
4.122606419508449
4.26097611936942
4.345080890638279
4.298184342764403
4.369167275891222
4.044921750491845
4.039699250655903
3.9789026778896037
3.779538775139623
3.9711171839363795
4.397791134886766
4.668297258324853
4.741898778203376
4.667496679117749
4.744785763313821
4.637292681361681
4.719629484034818
4.724977471260495
4.748870225536545
4.642233176262383
4.75178090724779
4.713361749666005
4.780760666131655
4.642412790260289
4.774596161772945
4.732910726947983
4.552223403606421
4.676961668088737
4.571807016462097
4.673428168670213
4.637576544895762
4.646193311688523
4.4653255539238685
4.6339171659278735
4.526476451387607
4.534160959279701
4.42625500624384
4.451481659590055
4.529428232116631
4.554772008275826
4.544055160100478
4.57726294266458
4.4947110856077375
4.477250684733671
4.639177120164893
4.7340995431944135
4.647293675762073
4.719822931901335
4.7264334518768525
4.676185141421164
4.713811058527968
4.653627331743671
4.690256875601977
4.72758326002694
4.530419181078207
4.685494290080807
4.757837976667349
4.755728639471208
4.703413554386209
4.649913871384899
4.643522084404007
4.576096347930172
4.733588282861118
4.775179495154237
4.633608332961279
4.711148948893664
4.753031520695657
4.7348629422695705
4.653206489661019
4.768455452269566
4.713349045922715
4.734928078463798
4.731468916883996
4.748965812047778
4.6213534692432505
4.581522995452955
4.750504305788075
4.440458268696309
4.699589478179687
4.677876866103163
4.432525101704773
4.479118488607952
4.6793644706728985
4.687432797934334
4.734569570033372
4.662549835840747
4.762536713868182
4.603379111469809
4.474671135064986
4.508963858683178
4.5687933005774735
4.56483770118176
4.4464805305222725
4.464007095520245
4.552069656946268
4.550473127613292
4.361669513651441
4.627912191771022
4.501455725432223
4.722412145581879
4.737383361724872
4.711277269268644
4.699944051444249
4.544927271194396
4.605809046048288
4.507384192458646
4.463528278200815
4.381155240072357
4.3044492566925
4.405788225734073
4.54242020074863
4.484780503456646
4.477069703946827
4.462104530895694
4.357847465585047
4.182918329835124
4.187826289345294
4.505695453817388
4.591317455351355
4.433576478800221
4.301463940452466
4.367062279942074
4.3953330256727074
4.294171293594534
4.26016146355598
4.234615601778869
4.2614034895138655
4.156152240299177
4.0362904076490445
4.163544990073875
4.115173571872812
3.878094526040499
3.8696601199513676
4.211673199161814
4.359342165949135
4.379492747270651
4.264645045994808
4.389840700649019
4.155870078022921
4.477962427746671
4.46301814880104
4.299917282811451
4.323642654030468
4.380003960441667
4.348362138637492
4.293324671117022
4.493603511660114
4.623318339026623
4.563252272248546
4.737056595122533
4.622902871029681
4.796675609380396
4.711686790580484
4.72160209646122
4.698572207707514
4.468169003976139
4.813130075608264
4.6984504043547455
4.684791265065839
4.738443311441735
4.679728208812865
4.707356255481191
4.786218131790882
4.700617948968533
4.764115327960143
4.755011729838401
4.7973082863031875
4.634867128083539
4.666807904058639
4.762193678555823
4.726707807203698
4.638751102490812
4.761938860812187
4.731843624011253
4.699770136698598
4.785716618552334
4.713102711906792
4.683160593824789
4.748158161236688
4.60815609868011
4.6014246151476765
4.751005804169482
4.712639483155783
4.673480282682016
4.746788292728891
4.642218716858908
4.662095235034739
4.650812882220103
4.6185995930601
4.597445904022393
4.6842966789365885
4.748841097631076
4.786178291915131
4.69125386576763
4.681553635097967
4.592861039390266
4.815171535260168
4.606801836785704
4.687877793313807
4.619533968221349
4.643649379024753
4.662631053332161
4.817323337001132
4.705411102246823
4.746970364251983
4.71017508031765
4.71483850469577
4.668904206772596
4.548427829618348
4.453583963554948
4.443125490141007
4.189491439047339
4.069234361208631
4.219173148323807
4.320713851239395
4.347376188503702
4.321578286123902
4.391444941485069
4.357097815032086
4.31436884238519
4.2952288831716725
4.512329975224846
4.4080623517922195
4.538072834691215
4.5563891556509075
4.6708303852914295
4.488859308603109
4.5269228411306885
4.6230890013308255
4.604916907342789
4.590048285205881
4.642967720085414
4.685577708957571
4.64484782879004
4.651277202163386
4.67358916220674
4.645135485267093
4.774736556586333
4.7482379331031535
4.767168166319255
4.6862474722088745
4.781356040250445
4.771239712045206
4.626853704157318
4.72618590122744
4.645956913575536
4.818662284975398
4.7019643257196755
4.766998273317635
4.756406936083583
4.699028065641417
4.797228546922509
4.498844859128388
4.79962221413723
4.779251678450342
4.699808552185875
4.7738073944005475
4.694871347460365
4.7389221445622844
4.806531150378204
4.777433558205219
4.744987896877996
4.71657143660034
4.79132011123865
4.721269945225644
4.774330892161821
4.613348755653353
4.690777088186908
4.665449684089245
4.809321070389464
4.7877074575782705
4.6940746379368194
4.730279775997593
4.72401519891633
4.566522004759761
4.722183083459706
4.774051633388544
4.7192594136085
4.787171522841379
4.740376826891675
4.670523684365029
4.449748282266993
4.642490715871871
4.62386875950681
4.4975021507772155
4.558612882740166
4.612332861795496
4.48502635423943
4.605890525485179
4.7223120359505355
4.785261555643582
4.736436612785047
4.75539176121187
4.6720341030056645
4.56503190774782
4.5470275552340365
4.581102791694745
4.353468517849406
4.3043225578814575
4.590640721291946
4.741692337196497
4.752713243708341
4.601598260811118
4.7094055312819405
4.573118312273661
4.750363156176487
4.7525149837658045
4.756939746241145
4.728334934987433
4.78693967413943
4.73184020520584
4.619772674530871
4.607196519933071
4.726335520351972
4.527241766340227
4.649510102959825
4.802005672065855
4.772392380434125
4.726314327372473
4.757364341818288
4.469436916679877
4.7413284720280755
4.7588109103908085
4.773087170288596
4.751035107417625
4.775019209930301
4.620521935172777
4.723671575764609
4.548705286640102
4.688433423140833
4.6879585629398814
4.695155784483768
4.580536326214888
4.663208669056969
4.71059415024879
4.634424496997324
4.721308704790481
4.5916159369064315
4.701421049211011
4.718342082272594
4.817895099832417
4.587846754795768
4.731570627659046
4.6184343150917355
4.665213640459634
4.6761298685394665
4.690436572770062
4.672131938243398
4.5701831658503504
4.5279657783416685
4.562782139182561
4.663159178863155
4.764834019618549
4.711308628656477
4.768642086105241
4.644493324131375
4.693912349880942
4.66729358436479
4.6478167353907365
4.732880618468384
4.770249199449476
4.745025326476934
4.793452862120419
4.783604514845251
4.725162763642652
4.71490859605917
4.755989365022512
4.648800798951932
4.553313187005364
4.7056575558799
4.538534798718775
4.61322664706646
4.702419727015694
4.770378240324341
4.692134817572035
4.755281621166226
4.481279333048254
4.401884557368382
4.666959270409217
4.6336010395247405
4.697260261515963
4.68748031203196
4.486344820044623
4.674812295336692
4.73409263629844
4.713681955190509
4.708829739575217
4.744738661702679
4.644199704768829
4.769980156613059
4.69569906742516
4.728087568409681
4.711657621271768
4.726605998285727
4.733194222380893
4.662839794860738
4.685953062550822
4.636304661433938
4.672415579239827
4.604137501339022
4.677649867633339
4.7173968141919485
4.668166155973242
4.667382393666768
4.726412939825432
4.520376453447062
4.676706928999495
4.625504297185863
4.788139233215347
4.820525917220176
4.733955375365869
4.813498320059068
4.787589632606311
4.74472265784144
4.750657011156124
4.570970297971404
4.780121138684089
4.630707908491718
4.708275453667837
4.649459801406503
4.536324742946144
4.7042793371185665
4.619357025308899
4.709547292139323
4.537719082664561
4.649099621469497
4.6819978757777125
4.783125583148966
4.672478004486432
4.771743039671774
4.690021525359224
4.776648954569938
4.7837826924517755
4.689671476875215
4.626240645708764
4.675995935638088
4.7014001367194025
4.6117507438431815
4.735110274706207
4.799134410256609
4.761038034923777
4.788890320320111
4.791316682111049
4.7456395348796105
4.780881203767938
4.702115503771675
4.773630943397203
4.812087802268205
4.651221211411188
4.781898761384576
4.743734011183386
4.805511007303423
4.705492079027141
4.734064379056872
4.711718749026292
4.702878011588895
4.720919396055351
4.6896001115112345
4.766426580169465
4.477718264901881
4.633934992052076
4.4911297053736075
4.731847637405644
4.711475715377378
4.675134869830275
4.675171107193708
4.794214560859954
4.507506281009034
4.796287600695175
4.614734777683651
4.76594816195242
4.732202408498507
4.74525166628306
4.664662441775936
4.686257911332911
4.790797525474323
4.700057714764769
4.767644546396086
4.754798904352013
4.769528712977826
4.59255529750425
4.787628986649958
4.6416642117283775
4.650034459568476
4.743187366688214
4.658352901569858
4.776268762785975
4.6531331307438935
4.800616259601299
4.8202731194100625
4.793168674362898
4.7702609713971595
4.787427640557135
4.588013948967457
4.831171448844382
4.764032198669952
4.819708377463468
4.803468317076585
4.758383433583992
4.771065113701584
4.751923491857039
4.831078792290084
4.68551126056239
4.810361551719497
4.799223271336402
4.747711854637946
4.823229186758104
4.676188560608817
4.725048038303707
4.667141158729892
4.804586540104575
4.657692127921132
4.793125638814515
4.779348515786105
4.755040003233821
4.686535494056235
4.691090222648555
4.828117340258634
4.6346455814034195
4.794200858804187
4.790753764422905
4.732949173358932
4.822726923169815
4.766516163863793
4.7491005082666415
4.621212235374988
4.722550496896194
4.796366879501998
4.7796481984380055
4.654889845474483
4.768180906561236
4.466034631110456
4.7212057139957
4.590642756628125
4.7892589151167995
4.723772569637171
4.619204013126403
4.72488824170552
4.744408613283096
4.665587622180787
4.5680510967499925
4.697779111085544
4.768461155183994
4.6907246202400215
4.4878490412489604
4.498642923362924
4.6609456381741605
4.793037473130079
4.75478142035698
4.772822526992904
4.627876107144661
4.671501932640138
4.604009324985087
4.643266799023242
4.52686979091543
4.6017514091432385
4.661928562375633
4.472415508772083
4.611950894103285
4.60403839168613
4.675507695317232
4.603432633804041
4.631112111772637
4.650506943757202
4.721893312820292
4.741131498869822
4.772735502810242
4.65668523214515
4.719305344944059
4.773098627627152
4.77000763033961
4.629673038879886
4.726944148597968
4.639716158908824
4.715217486617604
4.598593639343188
4.677363890125691
4.5152711565782955
4.646720730409191
4.574119065452318
4.637303516016287
4.684320475491695
4.746668405602944
4.644478671635284
4.617906645317966
4.678179297835511
4.651656212327244
4.710442426393764
4.4561848877119035
4.623060111237546
4.636959456610599
4.608463349498509
4.44665863813636
4.505403189782302
4.53528785691137
4.546231110956758
4.659264711859957
4.6214432879908225
4.564314552774879
4.473648337063203
4.546290380456333
4.636182020815758
4.637395356867897
4.650115782640296
4.692672780743199
4.675806791834857
4.5584777723868966
4.672432808508104
4.615326922676849
4.703556854243941
4.78842205463011
4.6971335846603335
4.820788666919581
4.747184767480495
4.754397139721884
4.659839330721857
4.59187539275144
4.738531528018241
4.727211838733136
4.544107650857989
4.517769029577217
4.693337600764005
4.720622274155344
4.517061188679539
4.6935957094103316
4.574703970704724
4.64031590035295
4.728873970664384
4.647875850783315
4.694950040552904
4.826881959739768
4.740502143724879
4.735318180931165
4.770241303596224
4.695272472598885
4.792816383272013
4.704349015181744
4.767649926117142
4.7609537768064945
4.645071536603565
4.728462126320624
4.686061911410086
4.412636124684836
4.439128515088055
4.5958722366295195
4.561196249107789
4.713273611126496
4.660007251804198
4.786342369886496
4.795415311168034
4.719555678102414
4.76147872625055
4.695794070766512
4.843886210217749
4.722754440659689
4.835167564420724
4.838962008675059
4.775639806837285
4.83866074264327
4.843510437925755
4.800297203754042
4.8072504965468115
4.756688473968361
4.672901347665103
4.6523133529566225
4.720680834007025
4.593424045534808
4.636424361143826
4.68336979165611
4.567639805666336
4.59301492371114
4.501225852812139
4.632538871896742
4.398337118921831
4.344357264626813
4.257539529859403
4.438253440251513
4.489788479374246
4.547417958865431
4.612935269654061
4.575846305328159
4.71104547770513
4.55831354847853
4.5702847958034125
4.46410660781801
4.558972466853601
4.599023451117508
4.733875925551063
4.751420169209096
4.744573734678575
4.770364834721767
4.823980328504433
4.679431610138449
4.682572556908592
4.550197866722034
4.470626362447317
4.392741465179057
4.67913639665433
4.722529734485306
4.685445570125206
4.744655776014197
4.777778201643345
4.7372112744967385
4.580673696063878
4.533712390239552
4.603632455813874
4.619751475083587
4.574198617678553
4.571910549404016
4.572269556078015
4.6996404185253535
4.620824475430401
4.723514346538773
4.638913423997898
4.630094834462816
4.460603001779388
4.3552762445894
4.418031470074224
4.371244518559583
4.537036523393255
4.2242446740575605
4.206152718295543
4.371128873636383
4.3917188938270915
4.3274596083224655
4.273776061112684
4.038629772637362
4.048597726041776
3.7310988871431334
3.2680722973066265
3.5059614038880276
3.573872555053925
3.4259016437877774
3.6218256864146747
3.75401367039887
3.8114846205757416
3.726646704871334
3.7685059226701
3.302433957145753
3.232219657600858
3.008604074705489
3.4048046698358334
3.7418665807050404
3.908639860739413
3.8056898386778664
3.7665162488906985
3.974273763409962
4.168718504384746
4.325352954190739
4.478381715699981
4.590688270543707
4.607501556204622
4.573992098123627
4.368631716139975
4.236237388823317
4.364273701419874
4.340730692306961
4.11898736496064
4.102477627815995
4.358438796849958
4.296505209455953
4.522782146540108
4.521453309392813
4.514716285893961
4.606869839900112
4.636498962071374
4.539860574917215
4.635870483682088
4.620428049602589
4.616912219682652
4.588500561332961
4.513197006166216
4.192206343170318
4.491125232368094
4.651186999516904
4.70546409315296
4.744968656623766
4.743818466222775
4.814135418759358
4.78889389991119
4.793693663051146
4.797127306971658
4.7899750028240495
4.802234458126806
4.694525624496147
4.775645109242632
4.705456476096105
4.742357187775047
4.697310685204711
4.700117226845364
4.632068453440212
4.573574852946474
4.6697644197344585
4.6060597008458775
4.6822036245780865
4.620942444402537
4.641408236629259
4.510836782584856
4.583154462053622
4.5247892778090035
4.414915118719623
4.48199225701879
4.491830105272701
4.626151717512417
4.559454864023968
4.655052456300471
4.575192441233888
4.733786658271685
4.673889952897111
4.718789895270772
4.775113993432704
4.644085878092048
4.829597562878703
4.770809964257699
4.724892861559437
4.694031773250965
4.802223934971588
4.778552048915827
4.7111855263998965
4.731876462127805
4.766868785816818
4.77281758133717
4.744671058845041
4.8110510091414
4.802247653183055
4.753971385586387
4.765886343532275
4.813232731179221
4.720493800739989
4.646644109454198
4.792301152491525
4.785180922413892
4.746691134448556
4.769720586162678
4.679688896407164
4.779615273984932
4.771076376858301
4.7533111809817825
4.612369615179499
4.56797453240817
4.334350245794713
4.416189548825829
4.559982063823822
4.597404231293277
4.626255925281348
4.572296163474523
4.576469728282758
4.4811769978258384
4.639429851532388
4.654059735293858
4.696290943407405
4.667702634096518
4.676502190059725
4.445499099468869
4.573853180169751
4.407223084991727
4.53353578605017
4.560924545391401
4.6137544527839305
4.605120252676844
4.65839326922905
4.636609926831147
4.680520275846838
4.665467334077384
4.704024781228872
4.7302462975906945
4.691446088680711
4.716087487093934
4.697159831503981
4.753154968972228
4.747379997647859
4.787542040818463
4.616602847856242
4.760674634610519
4.792444564369928
4.719850056888267
4.791930929824222
4.735223776977465
4.660785481516125
4.636444939083914
4.626179595648369
4.773436320757893
4.8071762684392105
4.725271447855752
4.80614736347601
4.7748468914702915
4.838961074495771
4.744581494384521
4.851519879447245
4.741995608144171
4.742515150895902
4.727193869570771
4.809208527295125
4.814059636550312
4.811971795107739
4.723954502277519
4.814756444454932
4.65367442757687
4.8292409139821215
4.826656518783484
4.711157775159747
4.813082305446995
4.664343660182868
4.845908159117154
4.764703370648877
4.830559516098459
4.794120470789214
4.819617528666602
4.752194736542039
4.836664515420469
4.817137271825276
4.803670785317577
4.8024878751814795
4.691839711764799
4.808783659973039
4.6332663929076885
4.7595228315349445
4.741754984156101
4.627862320411853
4.7671846726094085
4.667565181196411
4.736375992767436
4.72814722113812
4.712975200241091
4.774910655018028
4.82452136044507
4.733642460371248
4.647656675702026
4.7438602359528215
4.692096837102829
4.772585917899507
4.6862879828441235
4.777764270281715
4.5856718770670835
4.814912246681729
4.761232529788837
4.770128634968517
4.725626584854299
4.650474168467075
4.729807979861782
4.864968977009904
4.814692164319871
4.785057544675127
4.804790934675874
4.854009544307204
4.761401923174117
4.825127514174119
4.7817406660362645
4.742110073177723
4.721176222700592
4.818310180408543
4.740491942882654
4.8406615585106705
4.754563758259559
4.865148750495232
4.756624681258061
4.810663117734293
4.744837132257503
4.678886714746412
4.765914285641945
4.842485417539538
4.7989456893998845
4.746810415984392
4.723478306712383
4.673886847386531
4.757293230395343
4.794493903434086
4.801965707877715
4.764662736401234
4.806929906132363
4.714529798018317
4.659335736226702
4.805484201345658
4.792218831261081
4.722126539686461
4.725312222167291
4.708512150514759
4.6713324772841265
4.741262073420609
4.674226005632743
4.71773053373885
4.707847265170301
4.692224362895895
4.67896833828109
4.681351165162395
4.73395458017003
4.794169146139856
4.811348370568156
4.732312666528938
4.751696069904519
4.59245355146453
4.747581136985835
4.658115287838557
4.732051591478227
4.63951146820894
4.6625791509905685
4.68200774560511
4.778495510995969
4.694679221299287
4.796631542315097
4.7526474471918565
4.769383826834866
4.775997005420768
4.701734019324173
4.745536240999729
4.705116647198243
4.802688792631649
4.756336387698886
4.781168771380152
4.740894349601814
4.720606961727503
4.482438770928839
4.63643369440154
4.660417758505522
4.664151148079908
4.573406925060334
4.65504118884988
4.729729467919784
4.545464651606238
4.687277501205652
4.636202607912238
4.601158485064195
4.744769574868705
4.733489959755532
4.747226966111745
4.801644056530527
4.74234421798328
4.710868119642206
4.755736082922852
4.709372624853607
4.832030083181955
4.692315123494524
4.826887763387221
4.772096938422966
4.812018495168621
4.796442594826688
4.828010876389604
4.816095325320184
4.7786689482981375
4.827530317753407
4.691113518518439
4.846667278875468
4.569612201201357
4.757484173335461
4.761375055390241
4.793305922009081
4.767438530585834
4.657697408357374
4.788058031208026
4.581207922799884
4.759243702332228
4.694355700419158
4.740646593811547
4.499233274430793
4.697053011819376
4.682602328925858
4.618247996896656
4.713955836347331
4.576894287083929
4.616261932238531
4.6215524995612185
4.55493520165056
4.690562898757996
4.599305721024346
4.670204424683254
4.591207341727352
4.681369827280311
4.70762665075835
4.62252195263172
4.7699421248014655
4.7153480868712085
4.785347627677853
4.7458540103469655
4.8048375438126
4.688923602793385
4.798894999434712
4.729655128774657
4.688404080173567
4.815511223076629
4.7186976317467195
4.730241120048963
4.7861242996116955
4.786496996117212
4.726782979301268
4.631374632052274
4.808032410085781
4.749358978971259
4.820465047286235
4.766434700000535
4.7127944128288535
4.778676550599528
4.790512206083716
4.796096158905714
4.753877020570404
4.728764121901179
4.744678880298554
4.78400644582378
4.507654167773225
4.660504457102587
4.683265488963263
4.670850251215967
4.60248552827382
4.442075868628807
4.551573006096399
4.595938204178214
4.664898984442461
4.6210255593090235
4.612260185848163
4.56054453325177
4.628528281076215
4.626228092226522
4.811824871287824
4.773985253858238
4.79004581591105
4.822679247255591
4.762522249163463
4.794046747602844
4.630954145847847
4.722429893955161
4.685178821921258
4.622270935526194
4.7543168477752245
4.798822329219421
4.822965427669006
4.780195606919366
4.779948441011685
4.800562216912104
4.762818125150893
4.781926686557618
4.793699854604834
4.651217020143484
4.764325250126061
4.6060579657816145
4.753010257298522
4.661084565362897
4.573986179024533
4.728499461561962
4.544314580130502
4.758610288448162
4.698748040043523
4.782175989449412
4.692326704660466
4.783428326608532
4.710624847534362
4.700397424852526
4.706167436262723
4.8029160923821905
4.679585788219115
4.7705194539094125
4.709006747201341
4.6679027119286385
4.690459100654783
4.848506203909042
4.78193647044405
4.781508660409718
4.789868580701872
4.715599106736706
4.598546415427212
4.655000451485231
4.651428700831575
4.760649596546067
4.634773501851074
4.697554683391107
4.740277521196125
4.757685142037934
4.6959710465763695
4.677626525247515
4.619300718694343
4.691158079270019
4.702487400410405
