-0.09824701635980286
0.3098591710710216
0.1494468356174085
0.016188965604903415
-0.0862324295473714
0.19224507863740206
0.24994824640532157
-0.05800987433848989
0.10354357124131904
0.39719043996479747
0.3129157264584409
0.3577769307344412
0.5431783204321565
0.7655389127298161
0.8906677124213431
1.146456597897108
1.1772644287311127
0.7754693216303042
0.7339920849718575
0.7730484018930573
1.3371310353837451
1.538166566690153
1.5505195300997068
1.2880547100642656
1.5625330105381194
1.676018598950349
1.9075457141252594
2.03000228807226
2.2358260059719273
2.6884813948006046
2.5797768522726834
2.241825266089969
1.664386055668458
0.9449009749337002
0.6492213462747509
0.15853551371934138
-0.4257163932627158
-0.06699169425056013
-0.3963967539867788
-0.6481465262238834
-0.932863823605431
-0.7936505152933128
-0.5595483334935902
-0.09152192271332601
0.3933089573034906
0.6438358655927097
1.445412424860455
1.8121945643363637
2.182838505216138
2.3129484471428166
2.219739500045545
1.9507297337718883
1.593941379565012
1.233430349865607
1.4589807618818535
2.0098586217602765
2.126070348992489
2.123031156959499
2.0456232096542273
1.8501642478977778
1.55245311769762
1.5467045245073987
1.6286985232482358
2.080583591476741
2.5386085468370467
3.090595647095588
3.032133189342654
3.1566459724013027
3.163560823902849
3.2352404659042184
3.5790303727442887
3.9090169407874287
4.165419784496391
4.47831193688108
4.421962137217273
4.059980804305442
4.166287115321562
4.528774166100924
4.394522816441506
4.315556812300515
4.675377712431407
5.208573138813316
5.330570220898141
5.4106932556873115
5.575314783020684
5.73161235132287
5.670382907042139
5.526492228687041
5.627113598681392
5.482594427565276
5.847844850785816
5.826228939747054
6.0350814491038225
5.934232136627989
6.081861042704821
6.0958644190538624
6.401427592647212
6.281351323523656
6.437491062419724
6.270884222606613
6.100289557387237
6.082183399268976
6.34265370948347
6.534613336583014
6.492122671725897
6.577608293943092
6.714563088502983
6.6968986698922865
6.460160290862548
6.668740664815402
6.400122382733491
6.62658789149405
6.786241933716762
6.705769545094881
6.514287150879443
6.612533448097773
6.78447664768086
6.626422429334232
6.472477399960442
6.552825222060173
6.561555574639115
6.38729957031244
6.4237884013409685
6.512951584054659
6.5029630336444555
6.307592384324096
5.874605308730806
6.14738148512933
6.482578806340873
6.382215094317412
6.57876120996861
6.708722201543937
6.596998283720208
6.2432786523464925
6.204400835425086
6.257509560857632
6.156608860582409
6.550436738490437
6.473751845569277
6.371870881237055
6.483144685179296
6.123710062231199
5.893553532332767
5.878039635846645
5.79890905163745
5.897814114851732
5.959872197888113
6.112517030650465
6.250133149088977
6.470708634830463
6.680061831835978
6.513877258037008
6.456803121260617
6.5499115308290525
6.524067710051918
6.469707017540392
6.421386423422787
6.440600185062555
6.3729997081405525
6.327000838969838
6.326035103315159
6.13415627334726
6.177673809697345
6.183242139216022
6.228960713318001
6.134669156066505
6.056587726376972
6.24522340880539
6.228943669606478
6.322423582332367
6.3619800085596
6.2290126234278365
6.211277316033559
6.163129691157284
6.472719567243462
6.373691717757276
6.252078895547614
6.462422668315973
6.54814795623309
6.424444178858105
6.374247805232187
6.499712841031467
6.405756048631375
6.280874135842052
6.383254209796888
6.364639376695214
6.193724235602048
6.148897585164906
6.120679076038391
5.892890314171351
5.584126375787414
5.4710358427727765
5.598041033709988
5.534751001185837
5.886327629194077
5.909848236588894
5.734487932341033
6.331334214953712
6.361732812634839
6.438672525429517
6.535110568583436
6.415543709235446
6.48561688935059
6.513398218457925
6.3816574980671135
6.718209285079135
6.586939817830678
6.348159137890121
6.293197188086468
6.379567317844609
6.344634743492611
6.365249738612034
6.2649227377334
6.206099447523262
6.111559469189099
5.8865891259923755
5.878944960617997
6.028580227786193
6.2869487733985805
6.468181695511878
6.524609654226268
6.226962349074974
6.200591375233837
6.112815497296161
6.134808391313166
6.343868572599819
6.588359504923384
6.641974052322595
6.373508902897244
6.107480793526817
6.202919985089275
6.006309138055025
6.008845245062861
6.08351941732806
6.058565534603341
6.454403398399523
6.27215769385341
6.052408057431306
6.121255059443916
6.028702660454197
5.690063803292866
5.349182605388984
5.106793317700374
4.878957704693384
4.7638461123828915
5.028420303173257
5.1422767461019525
5.52850740707712
5.78150986318512
6.106920961501551
6.276830997009704
6.2878740245108435
6.272850975645658
6.211308044799201
5.918828411694738
5.858901712234341
6.021848519345816
6.231686908943363
6.061311256301444
6.352012140607103
6.500065139242858
6.454542749170422
6.535268978241106
6.276141297956064
5.990133670985633
6.132967170076222
6.0612569229725635
6.143570448148301
6.267368716252803
6.316138813693556
6.44163755306608
6.075632516650179
6.327388085505494
6.482181990657177
6.450971209887385
6.458773207198102
6.611259271975844
6.359590137009178
6.371823493579795
6.431817552405141
6.169540893375614
5.805896456302353
6.1439474417516085
6.489951315758512
6.561560693742879
6.271043158584935
6.58797139693191
6.583327472742934
6.593714008439834
6.684379874839865
6.550035750123762
6.502492434351271
6.627262527960805
6.583852502197071
6.319522850562243
6.521374425000832
6.490755384053128
6.2730050629700935
6.2922587499282825
6.428746014917723
6.297979775060884
6.635720851027654
6.487990511747723
6.337619289338599
6.4582146342630065
6.447276951119811
6.763379815417712
6.3317568928249415
6.514080609237828
6.673501839438901
6.65593101644547
6.6624268642512
6.780362366448382
6.657245798981205
6.634884051786509
6.441111033048111
6.4245728835221865
6.267201779931684
6.325763518575483
6.338385979758689
6.189703386984493
6.116287350559081
6.340652799324746
6.411912454986364
6.40040770458842
6.4838068666211015
6.480078703994623
6.546314772428909
6.102125357262044
6.306514991089246
6.260147231755884
6.379080494551657
6.286344083606544
6.154230838198441
6.1923786134919165
6.544326535041078
6.228775932178831
6.588656409662841
6.402825132391435
6.260968284472161
6.55552239814584
6.662233700168502
6.435466593550357
6.547652275470819
6.695120327626955
6.623115801871251
6.46313666511752
6.223865428753233
6.143190051090133
6.234561249071028
6.390395348656277
6.45756036728317
6.534312733944427
6.5949263648322045
6.732502588542047
6.495980567170108
6.457077522955427
6.684060161194526
6.584404977054794
6.666548444304138
6.469379580440121
6.319314910263408
6.490142524179288
6.44851296371407
6.270654153265565
6.182817154640159
6.329038354996808
6.461464690081089
6.512490005912449
6.255669763223106
6.371590165778992
6.375248359431694
6.522039856194569
6.620235095873332
6.585852372204476
6.555730466531843
6.313502928298412
6.554923822919639
6.34446411685934
6.2899234954261
6.396840393308571
6.382175300805517
6.279182571736234
6.124476359273072
6.007383127683174
6.200358341662442
6.4145210350240776
6.431292332370171
6.220317738981376
6.428772963534162
6.371464454443425
6.256394135280232
6.465368092802575
6.470972660919517
6.3993744411076054
6.5876899877273845
6.29926683376058
6.360932920584302
6.495163452956898
6.357060292700987
5.787433015857666
5.6732710152462005
5.921397510519007
5.612346427162491
5.759491681148276
5.772873644011403
5.510988562570118
5.220867330017009
5.423873643212882
5.123296093915355
5.008733416509868
4.853349919417007
5.114607878767295
5.343638134804112
5.565475935992639
5.62230927530223
6.169701371873127
6.455996734127129
6.4320574473429915
6.221180119744817
6.424589061184977
6.39538071281268
6.446841994508718
6.451213193144322
6.699416216640991
6.630366901894064
6.533475561118354
6.688170432264718
6.508624506725295
6.3015717750163835
5.883128054623657
5.669951974531155
5.416065498700894
5.336163360905653
5.106829884516928
5.2161606036819075
5.293131065178486
5.217514217109192
5.116036255345796
4.901517844259706
5.340076231711835
5.3369268162580425
5.353027738561865
5.3698375543716335
5.185367741314745
4.7570173253635755
5.141506323522052
4.640148171499896
5.066431924391706
5.020557312966641
4.715925271922924
4.718223732581879
5.381066697358327
5.523159813358403
5.794730755876311
5.8151677323522994
5.625220451412344
5.587960390862812
5.434986464085538
5.486567002753306
5.343443103761969
5.037758877532292
4.790465488481616
4.733512839257595
4.501675770915783
4.690762880673543
4.657221804554889
4.739242499112747
5.098265174442618
5.542648947145034
5.815377824750293
5.727036949267452
5.495994663725452
5.453410443216238
5.34996044482276
5.266296724407125
5.616787177883389
6.040705502805322
6.263900683571814
6.362174877726099
6.338410638649654
6.227285214891021
6.0662201245248735
6.194897874712555
6.521436904346105
6.297795932129386
6.33669814919023
6.273302587288176
6.299465503568622
6.44947018273381
2.558502068549278
2.4916395551796597
2.2563992318665225
2.2713368149728845
2.222317952465496
1.7982360142565241
1.53606572118252
1.338901540847193
1.448985903804934
1.149570785365198
1.0273751855177462
0.9394942635113857
1.13376323957284
1.3559094135453127
1.4891499393742473
1.5649568901888369
1.366827454036165
1.3195689205289933
1.2870936724577153
1.5260631363966346
1.8970322967694764
2.137936627921665
2.108320615623982
1.9143088942324602
1.986840913250284
2.135798261322166
2.1852514698829437
2.1406499237831516
1.9369176245076516
2.103132395868314
2.260259321480435
2.390312527020268
2.3398555932556517
2.304654796924767
2.200639605051188
2.1092791771183705
2.042022000815454
1.8467982196617068
1.9051205099852728
1.8518042291888748
1.7717244585434344
1.8988311801403372
2.3506712905992293
2.5950949967042494
2.669087480418976
2.6663263627416893
2.577086590152451
2.446069424623165
2.3097248639985146
2.0758573419920685
2.1928317746245742
2.185256709647155
2.407316661315506
2.561139472508029
2.6279727227071157
2.692704034001988
2.6963946407107153
2.7217621666957217
2.7686346078311517
2.7520708842511548
2.7713178814786366
2.7016353328877916
2.7798202063959487
2.7214777599028017
2.6115330073748226
2.4860484199172093
2.354594706530829
2.4738563130597795
2.6112317662112607
2.6844330409281953
2.7707534865452126
2.772703633785814
2.768524730802749
2.777236900783012
2.676134268724796
2.7760056051232427
2.7867341723740378
2.7761300009107392
2.791516632788887
2.7827347951910433
2.7767802942181143
2.7756636875115226
2.788259561397676
2.783055380162414
2.767313685769133
2.7947227597144506
2.7855666774888475
2.754611751199492
2.788536772708883
2.7818115294480132
2.762441066118388
2.7868913547962575
2.7819515421114938
2.774793582381699
2.790784667356837
2.76643563035415
2.794610074544434
2.7845653895359077
2.776637032681395
2.792074453161221
2.7667570565159108
2.7942204388499468
2.7852737191681576
2.7774814774199283
2.774882004774105
2.7965957152072995
2.751561135505111
2.7899967500714373
2.786635201940714
2.7761164212592293
2.7933814707009703
2.784113150829973
2.7646884520264563
2.7924268805382426
2.786232759532796
2.768104362887376
2.7895857816805885
2.7678375950415615
2.795174162282728
2.786768653579457
2.7782881321174013
2.7500907447182783
2.7916063795470145
2.78758383535603
2.76469066785391
2.797554648579735
2.78910144731233
2.7501145171912054
2.7851446831075046
2.7805776750446176
2.7674948129218166
2.78847720730799
2.7817823166013373
2.775637783954579
2.792555135753136
2.768672040484102
2.7958272064844616
2.78634606558587
2.7799613644158505
2.7497956269888295
2.679519292025817
2.7813662222650875
2.7927977593715294
2.784041657954814
2.776170846271668
2.788714482908875
2.777592388583648
2.7646279045296867
2.7886478740892384
2.765216232518653
2.7906425635568866
2.781046803685725
2.743882853777216
2.767882810446467
2.793302922964468
2.735987340602103
2.786570319612139
2.7833338331865596
2.778365262528083
2.7755033761758545
2.7910975628063324
2.78317813915668
2.7649922258756745
2.759566324259038
2.7752443507979008
2.7270158373047146
2.765355852509426
2.7635495981319416
2.749447222107775
2.778993749183703
2.77682077239701
2.760678063489422
2.7776126680364657
2.788857633926845
2.769412009150765
2.795018834259074
2.786860698802439
2.774634121560794
2.743660628860015
2.784179942820509
2.780043361628165
2.753459357707451
2.7780241919802586
2.770877310833858
2.7230379334006387
2.7645830957418296
2.73149828078398
2.7488217539636146
2.779616298295365
2.774045229153195
2.761052795178326
2.785680272948307
2.765037958678239
2.7910214757770198
2.7648329952514574
2.78482287402882
2.7786107806027944
2.7901195275128168
2.77339895624566
2.796163633706474
2.7873189097632767
2.755823190262536
2.761570329206176
2.7671618945545062
2.793807788832569
2.7862573287929933
2.7555950289581483
2.7823795852335325
2.7578987848096963
2.7869121293664953
2.780802143126627
2.736872243333167
2.7647416950810673
2.747066787916901
2.774261187676384
2.7692039811318736
2.764519207313385
2.77736899317879
2.752105132512939
2.780749964555894
2.750052226182975
2.7718586349346888
2.7760445778767515
2.7884914209868166
2.765259458239771
2.764674153034764
2.78142956755146
2.773799015476886
2.7920301779164456
2.7410895064337586
2.7793338890316934
2.7748666904127317
2.763938205732061
2.78526749175098
2.7285706985529226
2.7704736241651853
2.766121158052351
2.758484836925184
2.780016889899558
2.682808278056444
2.7746259110665017
2.788717526930237
2.7432745790387125
2.77754033529645
2.774598881847433
2.77692938860861
2.7889475747233705
2.746854842853847
2.789096811775272
2.7553873885374633
2.779010984340952
2.7808609819244374
2.791443367159428
2.7621764811828946
2.770612516835455
2.7908262723294213
2.780949758677605
2.780537082194461
2.790384505021995
2.7123944354205745
2.7891581089793562
2.7823124491120894
2.7735380694177207
2.775848548941594
2.7878787435933465
2.72636859170279
2.7854370806168305
2.7657229322549983
2.7954881922078725
2.784361887704139
2.776703281484365
2.7672210744134964
2.785837083722486
2.7533554402422227
2.7962709498025076
2.760265510877493
2.7787877508084273
2.7727008925921983
2.790440381193606
2.782689489469176
2.7711474419466926
2.7908363575708557
2.7564961876270635
2.7577905051054814
2.786511350950564
2.779556721143389
2.7670416837511835
2.7871724517835985
2.7299056239168933
2.772037138253247
2.7189042036126216
2.757716472149279
2.756505664175226
2.7336776970124634
2.7656763093728545
2.7800649608116133
2.741067197517593
2.783503259693832
2.777471121773787
2.730842906911191
2.756334236844638
2.771368713521176
2.7655754119550364
2.775955465768054
2.795412970159227
2.785829019962891
2.72718825237122
2.7893882707305258
2.781866230800594
2.770446504017856
2.786547725013402
2.7792292393266362
2.7490327552423546
2.7942423581977085
2.786748121352439
2.75675826760177
2.7830213171505642
2.7521465839261934
2.77289347614413
2.7915625629797405
2.7808069256747636
2.7719776908389386
2.790002964425078
2.7330457291060073
2.763086726563498
2.7785228383686222
2.771558029556547
2.769190943805584
2.78735388403996
2.729226083959204
2.7740922798006737
2.755774212337079
2.7705613365302453
2.761793080338257
2.7973440839860797
2.7870220658639004
2.7779111274760124
2.7517290465585598
2.794101924038713
2.7549145593711275
2.792122654101814
2.7812184146077628
2.7636465930919756
2.763330104106057
2.7896345013366877
2.780921718938594
2.7771360601116424
2.791264001957578
2.754272621942868
2.7682368933748243
2.787901493659613
2.7470779504592064
2.780987659145045
2.7959099177436175
2.7844671456217847
2.7729449455152047
2.790563303520342
2.7312630175805572
2.788842449177533
2.7860202151707814
2.757397775029725
2.7831247263724466
2.7739404758493054
2.7608893533555507
2.7810206427007187
2.7495675902613668
2.763565890874171
2.7947045166992543
2.784227724263316
2.777457140158986
2.755859055892366
2.6806755744069166
2.785617695434233
2.792609559899951
2.7502229169091708
2.7767923072180296
2.778036640838182
2.784034251304589
2.79071721086976
2.7820928910455054
2.739442780346635
2.791904612939928
2.784678492682693
2.7692619709510944
2.788426139940065
2.733019510348059
2.7749706534490954
2.772177415979514
2.762853150754838
2.780544499426682
2.720747127395142
2.7913178654631716
2.7832031446195535
2.776028269805124
2.777661835096475
2.796491940796227
2.7864591843606674
2.7298576685722655
2.7908768085835796
2.784407549228805
2.771449907622224
2.7888131020493914
2.7627860140911737
2.777361200790204
2.7936511912129918
2.7825223197711493
2.7697555078141294
2.794090581872946
2.7849591898543085
2.7777869619761555
2.7430060141357204
2.6724609154870023
2.7832445936156516
2.7908916225411557
2.780369609879073
2.752485030959739
2.776984166835611
2.7611675840870804
2.788914842313787
2.7813425260293494
2.771504734903072
2.788850116090317
2.758602628039244
2.7755875275052326
2.7935310918979286
2.7821357815161427
2.7546003297518324
2.7817883724466244
2.7758384354224943
2.7704684126941017
2.7466668553574323
2.790183174658542
2.7517123314678096
2.7895541576377227
2.7818114061992016
2.756094331239364
2.783122653330854
2.7937094853070477
2.784661951062378
2.7622679721565992
2.7893104219273144
2.7826777129736397
2.745617646184445
2.7807537645506026
2.7792597186018098
2.736562919246185
2.7742667007273845
2.790378039493997
2.783345529719599
2.77156538113762
2.7891124553851485
2.7586482573209734
2.7905617288485187
2.7821026738156185
2.766450735722298
2.75896744303095
2.7827649709595716
2.7654248541924806
2.7824774580268
2.7738827927267806
2.7484636458271203
2.791828500066175
2.7821274601465773
2.767365285622385
2.797070300871635
2.7868399135950606
2.7788501749067924
2.7604715495835555
2.6797085837216015
2.783662756472242
2.7901759648884954
2.760198961993288
2.780438543603035
2.7750690104298754
2.7679307841413956
2.786232960324213
2.7651125189972072
2.786042450956841
2.765151714157235
2.7732708038540346
2.790158715643927
2.778281789477181
2.7533519323809363
2.7955142150467998
2.7841898144737476
2.768855879705678
2.7969803072470194
2.7852305103654884
2.767256457417441
2.7889955614168946
2.7701059250101316
2.7878829379745094
2.767516634096342
2.778583351448495
2.793466969080714
2.78258922642796
2.7507014635127254
2.796961631638394
2.7846696502288717
2.770665076048231
2.767666451983871
2.7856202543579824
2.7610499057800006
2.7965994956076963
2.785723046245675
2.7763363224387927
2.770545895616873
2.674733653243347
2.779237735566371
2.7658546076685555
2.784542635783817
2.779478782707884
2.7774359363573615
2.7750405401982823
2.76559721127256
2.6810404449512286
2.7823238161977177
2.7893709716127137
2.7791873155393287
2.772422660252535
2.764694094009007
2.677725192684073
2.777433693330289
2.7837134777337504
2.7672804267984823
2.779567392431839
2.774660643922096
2.776902964918987
2.767036587589265
2.7855674815207787
2.7635329288454615
2.7955776104670425
2.785230238473102
2.769945716667181
2.775991439032482
2.7908174427316803
2.78117331615828
2.7716751666221247
2.792724503797843
2.75066085611458
2.767299746695399
2.789626710080622
2.7807651760963714
2.7606988856660273
2.783386584429024
2.776930856680709
2.7632692408270785
2.76873352407872
2.787747073828407
2.78272545501468
2.7569973110053767
2.7843734156240787
2.7802989867597354
2.742560920167999
2.7939721347867534
2.784805771629743
2.7789994829364604
2.7566439047699283
2.797533589230009
2.7856912745637166
2.7602541097527604
2.786944467480771
2.778136223793882
2.752347009161588
2.7942834089294557
2.7843938921281075
2.775783969383623
2.761678508247666
2.680685440597787
2.78267518373423
2.789296254470229
2.7762870186269772
2.7701474452665478
2.7678759010780007
2.6778893148458454
2.7755849301922826
2.780304501034282
2.7636173841851495
2.7743041731275673
2.766161234420492
2.7562582912654316
2.790910348256676
2.7770193912059953
2.771700309863328
2.795671671453448
2.758494206178635
2.787017637104258
2.7791979325960976
2.787942725441329
2.7487041685374214
2.793735430919636
2.731433288427054
2.7768455992217165
2.7747558428682217
2.7544271694826343
2.7781532161508684
2.739607695385902
2.7268055216284344
2.765159213091432
2.7642485159619823
2.761887710482314
2.7529107087084492
2.789271875058337
2.781695693254639
2.739691031783288
2.775113293006309
2.7740345343946258
2.709395414835865
2.7656024424055365
2.781722045281757
2.775146541708085
2.7432758030788778
2.7929868124396493
2.782554916552381
2.7690732537493146
2.787958689871459
2.7374522901076563
2.79876147219197
2.7856510766645926
2.774545138533933
2.7439261919935123
2.794366170612908
2.7853079261976026
2.7500014726735253
2.797848799062721
2.787483976402563
2.775445472895597
2.7662647463863634
2.7983573557781884
2.7849924105402946
2.7522293875693515
2.798620294100951
2.7863787195287886
2.7637105458414535
2.793796153438961
2.751370715685893
2.771179741920938
2.792346699536596
2.7643847774100094
2.7853903843133923
2.7755557656261103
2.7845278706854573
2.7334965903723125
2.795331451938046
2.7821816050932875
2.7613120737341816
2.779415143567708
2.7414805055792195
2.7681193749171675
2.755375071194554
2.725628794046274
2.7876470714393498
2.7746942147029072
2.7349949649875
2.7581678624904233
2.7272946722651925
2.7513029964478957
2.693342344250168
2.7351328153977854
2.697293036288552
2.734121177415792
2.7459932983021886
2.7357365980562274
2.7607247409174063
2.7429983328929097
2.741107971357683
2.778862322625811
2.7667646471692606
2.751145213559385
2.786477475479672
2.772913760275264
2.7504052653560236
2.7737983724298485
2.7841040613970116
2.7220277313438537
2.7933632247341493
2.7809252088026395
2.7671085985219572
2.7519910498143973
2.796350124022157
2.755707159966744
2.7883671232227814
2.77939495449383
2.7465465015016193
2.7860486956341637
2.766053314764902
2.7732934288580675
2.7890153086253724
2.7639923987418427
2.7859539913459868
2.7563737839656652
2.782905943599686
2.7907696187128117
2.7477088525543367
2.7650015601347513
2.7825037088945987
2.7454353227217942
2.772316220909542
2.7314897803792797
2.7597040794026695
2.77168058554478
2.7615937784137845
2.755376701585734
2.7537126697784955
2.6977595493612236
2.7850529813536937
2.7847957821282536
2.7488526455574758
2.7709956766274964
2.75919743581942
2.7952821601842985
2.7811693918076124
2.751734867313661
2.796827939557525
2.7829356143735957
2.751754449054408
2.7973401197255017
2.783620982867821
2.7680356317681993
2.765274738190637
2.7667193316905285
2.785351836897507
2.7731347806320428
2.7854172721023764
2.76266738082166
2.790605879246582
2.7640895255750877
2.769779530552622
2.7858562019181248
2.762663630336175
2.788473186063938
2.7749879810191516
2.7336423998507184
2.784616126154756
2.7532060767692004
2.7669912160607963
2.7854707960839176
2.7726054937036984
2.7618178890664398
2.765502418891738
2.79007554206513
2.7570722049354957
2.7891494869396736
2.7806271286379443
2.743661307285742
2.7736653476281083
2.785727305239758
2.758305787738133
2.7672659874079786
2.7845599730794275
2.756870533302747
2.7770580015257913
2.7878937462967524
2.7594553111861018
2.774545978663697
2.7905093181928544
2.7465477849536604
2.768146810979382
2.7922400299796974
2.780401226030202
2.7583045942409035
2.7692998899527064
2.7721206183849794
2.792012964154469
2.7784269433304374
2.7486813352186816
2.7929855889427277
2.7823696900253205
2.7544819051810943
2.795664119742441
2.7834469066881082
2.743361088231599
2.7940556077116243
2.749132093202278
2.775246806096921
2.774909673613253
2.7923103007641785
2.750386910986463
2.7699965803169855
2.7870538865513597
2.7673746174171163
2.773458497562636
2.7878334503672364
2.7759045200532704
2.7664561415523723
2.7752694293964972
2.7884033412788716
2.757512537581831
2.7851702225974124
2.7594772839783883
2.7681718158875306
2.7882698166119515
2.777819650020318
2.737123039183423
2.7888336526771114
2.7748045184077887
2.754357967424035
2.7684328225092663
2.784127878675443
2.757931180079951
2.758588308493723
2.783100622830161
2.773440379369945
2.7482173944120682
2.791149850089478
2.7814568657962555
2.7520583416486626
2.7694425577431825
2.7850194895548626
2.7639878911305935
2.7678140076690996
2.7897094489132996
2.7576593184899023
2.7693512977514096
2.7886942153142975
2.7661635449820343
2.7782782385494422
2.7519196967053063
2.7936111339709635
2.781103095912581
2.759710160117005
2.7208239427629977
2.783453440361231
2.7674237980281604
2.7692694636158075
2.7837297072372724
2.773621674705045
2.7630497535361562
2.778370335627281
2.7861640439477187
2.7620351274918358
2.7913394523820063
2.7772841606308374
2.744224386628645
2.7989325016290265
2.7832078627633243
2.765644483647692
2.779063902910397
2.788282720613102
2.72462810154447
2.7697033386767607
2.793455702922169
2.7456552957020417
2.77409836837606
2.7876934211198936
2.774361486752285
2.7507023148050296
2.7967641443228755
2.783847488370805
2.7472050027733075
2.7944057746205044
2.784361061142242
2.749452222513349
2.795016422447414
2.781591212909761
2.7540515008156157
2.7953459375717102
2.7452758896861242
2.768660197998727
2.7676978696260863
2.6819341394580016
2.7792154391615513
2.765524803603739
2.7796075677702836
2.7696343486290638
2.7227389693233475
2.7749546868898087
2.7918212592089624
2.7271731365556215
2.792886191522737
2.7811531327747505
2.7565092645496714
2.7736890620715116
2.791705680881236
2.777609518691232
2.760026244650772
2.7953311208695437
2.7828811785618335
2.7381221363318686
2.7955785210951722
2.7835050088960855
2.7424337479737524
2.792636984537112
2.7801244273901853
2.7619519917490694
2.7673109638440847
2.785906529483003
2.778174957420899
2.7456238952798246
2.7624227130519174
2.783925372776519
2.764070225856188
2.790840805811905
2.7567446493597245
2.7779447292659523
2.7407417592144645
2.7848471922357954
2.735485392591771
2.7950429315792897
2.7800686662109597
2.7515751384158427
2.7785660920701103
2.7926858704339645
2.7441062936360288
2.7527418964059107
2.7814731156232257
2.7531985294739187
2.7671777045450225
2.7920999510032694
2.7793456190734345
2.753721926765728
2.7936090544387127
2.779600552075747
2.7229700030156203
2.78274354504669
2.7438394821935863
2.7682747546845405
2.780861309963813
2.764637045061935
2.717832434330826
2.7881387361235306
2.7733607629417043
2.7396086515200917
2.7654522798638856
2.6894238523099587
2.755691847214112
2.7493427416605933
2.72169203062642
2.6377574765189458
2.76044525118713
2.7578457978029247
2.748724539765204
2.7544658050723028
2.678090349493876
2.7738182076863027
2.7540980122811654
2.740481297805002
2.7627704502209482
2.7599421303768272
2.765373687366936
2.790186582458832
2.749025487969551
2.789499357339834
2.769587057259483
2.7767361738565044
2.7448306204857347
2.714772888510288
2.77212884376756
2.7569802919202706
2.7739824752331748
2.754548430209057
2.767532832134395
2.7525827751074208
2.6576092069536688
2.7555728802499226
2.7839454073952643
2.7732691678178036
2.740234416494899
2.7566731553636634
2.75531352129082
2.780967643053287
2.7118425780514244
2.754560543306244
2.756145392031592
2.7664701018207194
2.727421940018145
2.748616474666325
2.7643160432452176
2.7588282744758676
2.72348740259831
2.733525644432821
2.7895538376532523
2.7823121012470766
2.7171787057139754
2.7774710821189608
2.7701363254950926
2.7514774582559443
2.7898983144125764
2.7783116605091225
2.759674470767693
2.7672784253650184
2.78902760994279
2.775005258569985
2.7302419790292247
2.7823734383865366
2.773209790068423
2.73093261547067
2.758456027071079
2.7699613445994644
2.7276034672198053
2.7654801708329884
2.74954834911416
2.7393215151972172
2.7618931521384034
2.777792936801389
2.7716091879242675
2.73209111064153
2.782149637693271
2.773545480682821
2.734005971792519
2.7811851556324183
2.754747264017675
2.790800224501621
2.7583110949364182
2.773909481277456
2.7587272919488823
2.7753591034226077
2.6798785135287178
2.783402136565839
2.7672214894396907
2.7505834179823916
2.750058991294631
2.792149519005276
2.777494757693657
2.7283561124744793
2.776705983641465
2.7824966902504764
2.763186440335119
2.7752549514801803
2.787290234651131
2.7662581168966143
2.7805455998062376
2.7217204280774077
2.778740131434464
2.7516612145077324
2.7699395368450355
2.728621546160692
2.7828870209547154
2.764553699272908
2.7637760273794214
2.793782172738175
2.7601280227449214
2.7795170743711597
2.767538134972793
2.787306859413582
2.7512978324165327
2.7539577794173047
2.7651050369263617
2.7820109862919185
2.7651479609940592
2.7884855274045797
2.7675527869224217
2.7704951532105815
2.7869062264450504
2.7547779943568775
2.7577708965186565
2.7950876830474085
2.7796897797243227
2.766208677661773
2.7698642153807937
2.788458925412532
2.7515493418699535
2.760595417177549
2.7857458129747585
2.7741015385306196
2.7558165718969483
2.7684151808269726
2.7466907900467046
2.785311861951972
2.76635359737404
2.7797167275730077
2.756719074937217
2.7711830025097894
2.7646122424514648
2.7880590982576856
2.752738356108229
2.760744599585292
2.752919612480126
2.7543706984720067
2.717756236848861
2.768266850953188
2.763705300529074
2.761105497111694
2.7603748498667215
2.778684345826572
2.747508237471014
2.7818192461361035
2.7900428252681913
2.742451153755858
2.7774416310408725
2.7872641392158775
2.7492579237871246
2.7482496773345764
2.793988533679685
2.779153725812585
2.756919527330061
2.780667700769786
2.785773847523102
2.7749302493596835
2.726667671830134
2.7957899932930426
2.752271822621971
2.787270699665732
2.7576567734950133
2.760388371297723
2.7635589916784746
2.7886478717298617
2.7773527895592096
2.7454911681693854
2.7736648885059467
2.783283438238565
2.7546032390827255
2.770814679084226
2.784763700808262
2.760359618203841
2.752719995570968
2.770341800514077
2.786823555277814
2.7734618349411675
2.7396429567357794
2.7781158908588877
2.7825104084066217
2.763949711284668
2.7717790882764595
2.7863315637284694
2.758413850465364
2.788799207753454
2.7631306182128723
2.7576138018595646
2.7627179851255237
2.790255756873325
2.7764300947282963
2.7589077570651197
2.7816165353266435
2.7855928606175153
2.7419093365937166
2.7903753856743885
2.7506359834953713
2.782152670576451
2.775029191620125
2.782354039367371
2.7128423216297124
2.7959168803328778
2.783253637471708
2.758372315040348
2.7781903545850675
2.7884113711467804
2.7606511405195717
2.7704243113327673
2.7695628965126566
2.7830762270155547
2.759116075868442
2.775298749985235
2.7904593053235134
2.7769083025564805
2.727776143049058
2.796809621862432
2.782276946696298
2.756543187599098
2.7705100361241795
2.780283139874496
2.7502812688272362
2.7883253290597656
2.7210973688801334
2.757398753187476
2.765340296207529
2.780421869393288
2.7614432995770577
2.769359424859546
2.7815542215968567
2.7268042274425404
2.761497398038242
2.787536482899047
2.7741237801562226
2.745415413701982
2.773286532869085
2.7834766377688913
2.7650569403679777
2.7918008805383736
2.743195479635715
2.769328020649542
2.788071714607013
2.7732135414194503
2.7289457102108363
2.775276002617445
2.7229835206674053
2.7592732652686243
2.752499986610089
2.7265253068696085
2.7666900843920397
2.7468977262593386
2.788475144414538
2.7636300293003018
2.7766245930811655
2.7669899486446523
2.7825460462740432
2.6905037491667763
2.7681831354510504
2.7424493540602297
2.7613841666316383
2.714775607259025
2.771078297664169
2.7592278817742617
2.7456135085161555
2.792931763627185
2.77734808443489
2.7410192806834304
2.777437244495953
2.783391799095051
2.7723180881703597
2.728340455821363
2.676911370832589
2.7777844747538802
2.780401660224593
2.7506804989250773
2.7601858819014478
2.7699845182428895
2.747152466317993
2.7896425033353274
2.7747465909637463
2.76239709910707
2.7772161211872377
2.7844041054967557
2.7481904844028326
2.7919706040514343
2.7612388301654294
2.768069957558821
2.767930214824264
2.7844805168240403
2.738087816452866
2.7914551794204483
2.7650227122942588
2.7768354567427993
2.755121204620487
2.7903224017423134
2.758617763443075
2.7690515131476547
2.7914099784032977
2.777116046380051
2.737367735484938
2.794922464438612
2.7505614993771843
2.764727009136877
2.7941266326776693
2.7782382435863084
2.752095398017751
2.7641466455231525
2.7929477082826506
2.779055566374842
2.7376546559069688
2.791582612997398
2.775625384206856
2.743507975823325
2.795740922247293
2.781569867927481
2.7474724372957744
2.7916404732159967
2.763662640252973
2.7657137943604595
2.7663367253282645
2.785304654907033
2.7380552053719627
2.791581838424123
2.7808349433397836
2.7509187270275137
2.7573352513546636
2.793501554441126
2.7777165153638053
2.7445610872546338
2.79453499330198
2.778635150054108
2.742846540315985
2.794682454020961
2.7801346385880743
2.7597595382992224
2.776472508043079
2.7838050470945688
2.757782133453472
2.7665686148719835
2.783553640694366
2.7414498158924596
2.742733806401118
2.786997471632847
2.7712211110429226
2.767580024738856
2.7774289206387444
2.7833609226685776
2.749457845698668
2.7928299805112333
2.7445636322047604
2.779728465149622
2.762777345734347
2.7846098397234123
2.7687128543393498
2.7763764868453413
2.7864826575364825
2.718602268207039
2.788001229837117
2.7563031359544126
2.7628300012193163
2.7635094542950034
2.7872511434374383
2.775700685332899
2.7425674633086214
2.7788496325731495
2.790733632396079
2.7760519301599116
2.7282033724909054
2.79659490481857
2.7823836258802173
2.7497722873573864
2.793245482522226
2.747905036944183
2.7777535818522496
2.7580364397074293
2.669618010539351
2.772241392810966
2.769926181481776
2.7606653731753665
2.7712881919364367
2.744213805454634
2.7821835120312612
2.7676119707133693
2.757816608846182
2.784983623785641
2.766064001880114
2.7601319606036183
2.7648227107985552
2.789480156134301
2.7557605523382755
2.758928855820378
2.7777972340897072
2.787038336772647
2.7758867487940106
2.7256788457770407
2.797079347463481
2.781987118813714
2.7481126699076164
2.7939810876171602
2.7776626000597124
2.737468060021217
2.7732811550057703
2.7885309649226344
2.7681674047599842
2.769509526402293
2.753999943728472
2.7824547172523864
2.748671197320887
2.788404175618042
2.773780078877844
2.7545950190266546
2.7894517336433444
2.7287208228357693
2.7870084221167764
2.778860580026442
2.7485400695854585
2.764195605626967
2.7755123752526094
2.734293111359361
2.7572439596221185
2.777298736621915
2.759078573358157
2.777173881270696
2.732817715878557
2.7911626353276553
2.780694339978943
2.7607735110054796
2.7679591234670426
2.780798815679993
2.7579089899783593
2.787700478440299
2.7478767096556425
2.7776917758617468
2.7509008308022116
2.744595115451248
2.7704035704173857
2.761289897166119
2.737609930733746
2.7607849097065946
2.7778603892043296
2.7546029947280757
2.767083895043933
2.7450108780809903
2.6818338168934934
2.774238782888834
2.755976557546007
2.756531611666174
2.7718069321883343
2.7625297416373344
2.7487153388146575
2.774122364358445
2.7806134375663563
2.7396593316389626
2.7902401735043667
2.7775362512028323
2.7449731383960954
2.7734183921956634
2.78231344121325
2.7670023228139584
2.7700288873051546
2.7831096246288936
2.7464424793370883
2.7887928036278447
2.739132323977804
2.772243602801878
2.761626469175875
2.755890638671938
2.775280886741647
2.7459840066844126
2.789769213320821
2.740293816105192
2.777242063795542
2.7543712038903196
2.7772687409267847
2.7758031569799786
2.7792571781038675
2.7210465104972097
2.776044730474214
2.7182887660230377
2.746592566733452
2.7538315122008408
2.744252280504683
2.7374980798885247
2.7644861318329084
2.7834037723867717
2.741527785096046
2.765761501329478
2.7232314105808397
2.755641538309779
2.7521986496552175
2.7514787411179737
2.728084071364385
2.753745473464641
2.7233607777957705
2.703700826652495
2.6668046457218657
2.697044238426274
2.707796028827769
2.7375326807809595
2.7620805426797608
2.751864549325566
2.731798151220861
2.7156239028352536
2.764771574481172
2.7707052141057593
2.7669795874636733
2.741445100366957
2.6078603451036657
2.7634081566057067
2.784902355375393
2.772725732011029
2.754157264895136
2.761201138617545
2.7761770150429137
2.7315583923666784
2.790767549944248
2.7812621714486463
2.767665940758468
2.7820451352014235
2.766535224749899
2.7588985683177905
2.787598084453252
2.745598760726529
2.7327350542024065
2.756020313082243
2.77222344065271
2.7582875707178225
2.7372837685040867
2.7794435219769595
2.7150816476690056
2.7823768976925782
2.772662041795192
2.7323486627551197
2.755897423231153
2.768666794119303
2.697234368302552
2.7685003859402935
2.7467285264652004
2.7496839532249866
2.7423856997532106
2.765903557057867
2.7356079316396262
2.740639985514636
2.76820682568363
2.66066391241769
2.750508598169948
2.759423456869241
2.71979826253013
2.7586276895249577
2.7419114874277435
2.741958247513755
2.7664739366889406
2.7396992768754274
2.788167026521163
2.7055252867402397
2.759058162222334
2.765673122547567
2.757107646795368
2.7388118859998056
2.737767889943736
2.7413176787809204
2.773043444325767
2.7078660241512393
2.74375594780589
2.760890566742657
2.7261644733186126
2.687010443505528
2.7510455665652263
2.7322602477515625
2.740715909014997
2.7616043694996795
2.7507534087528924
2.7170411500272587
2.6182472162118673
2.716977003652721
2.700122138905992
2.7077504496946987
2.7470981304917994
2.7568041942361634
2.7357924926108024
2.7710226822857065
2.772420538228159
2.7682944935808123
2.7713946197595813
2.769532747728994
2.734738036465067
2.77583372408075
2.7745349815426166
2.763410718716815
2.781452395757552
2.7444962572029974
2.5966425027824123
2.679709608224539
2.746086688588331
2.7517702564906292
2.726374982888731
2.7568149279493097
2.7297346833285965
2.7727138781748764
2.7681161717565272
2.7590819228765437
2.7728030433214927
2.7594005647957363
2.7776935663629567
2.7676874991495457
2.7073010528819865
2.7719723546358717
2.766197539064329
2.7529168131173547
2.7816614196425347
2.745421173209118
2.7763808286267055
2.7487486106394625
2.7779322441197727
2.7934185288415114
2.779853116699484
2.747772149498103
2.7791721194035235
2.751282543092274
2.772214993710435
2.7915819107829187
2.7547603893432457
2.783165465663911
2.7527405117315196
2.7726751486836307
2.7900625806223553
2.7658778671687734
2.7551834032551716
2.7872674417903753
2.7786557121088578
2.7088469756619142
2.780221992028441
2.7733586590464183
2.755561371773967
2.77065440651293
2.777838276849701
2.7349335475602197
2.74581304481095
2.763800568992866
2.7402895552442814
2.7516007586726703
2.7716844764561546
2.7385688950065443
2.7206138588185693
2.7605302462619723
2.7538597628402592
2.7006735267947617
2.7434647673226125
2.7734363156121202
2.7586534016495694
2.7457050406976813
2.7669167750791237
2.6991696615116174
2.741003382594518
2.781405531208125
2.7742480155579843
2.771538978619269
2.7778526858082464
2.7874330996655385
2.7501049005097653
2.7620486275429115
2.7951509195006063
2.7848762922193337
2.7247493594433423
2.7921569805427375
2.7833204488135994
2.7734354488178723
2.7890186852663055
2.741543728061872
2.7930820928503435
2.7859214896701276
2.7758214607471348
2.7269134469986525
2.748767793558433
2.572896976184049
2.70144735760166
2.689025510041799
2.7171958987475606
2.7222880128581752
2.7388389795397456
2.7549667264911646
2.7301387622327873
2.7584788028473852
2.735265113458218
2.764534002062985
2.726311013059553
2.754318210734451
2.7675092956332534
2.790959637764486
2.7821259112826873
2.761955793051262
2.7765847071573537
2.785178873621791
2.7691473828469886
2.74814023258748
2.7274839457373443
2.6860302327869383
2.7561501765047653
2.7610569549456394
2.7566087834535997
2.760675153765761
2.73040998499057
2.736779003055423
2.7765577018622656
2.7683802078014494
2.783830161917147
2.7621504162035584
2.7851875074185
2.7779352233530092
2.7447072909769687
2.788669769915721
2.761628693585757
2.7855877561262736
2.7777968216553535
2.772432083021166
2.7879034232574105
2.719335863514096
2.7707987741009577
2.792929835267014
2.7829539402821566
2.761922796258923
2.7948669349384625
2.782876317974388
2.7518868589230285
2.792359320144061
2.769329197878631
2.793628061123883
2.7851571439263765
2.7501604564834574
2.793505992266364
2.768259833752084
2.7934727612895047
2.749231427498369
2.7827604943502338
2.7779248511059444
2.7653251006298314
2.7842128877502845
2.7658989559098615
2.7954878274412525
2.784014137025707
2.749574790245062
2.7854699538416443
2.7798268536375823
2.7520096066631465
2.790823658996739
2.769381803061796
2.793912347102842
2.7865464998845413
2.7794528663600073
2.7284910099283097
2.795452431457904
2.7900037391107455
2.7578634733621508
2.7938618099291146
2.7866704350442077
2.745481160342581
2.777844837081685
2.7891064881625605
2.784389675985534
2.7632358051003805
2.7903262670801836
2.7836197072669293
2.7409201625452617
2.779760279738693
2.7728809125052534
2.7548470154497204
2.746367853237822
2.695017465283135
2.7547056223078377
2.7323852927278813
2.7573994362914283
2.6777714301157656
2.7313251506943885
2.749331111450145
2.7517640981608786
2.7817668640154087
2.77907591580426
2.7483296822195404
2.7707106363620277
2.7901921558926963
2.7836747497690473
2.7484048264723766
2.787004255493259
2.7812065647896005
2.763205647692248
2.7900594585339547
2.766671192926188
2.763810147335682
2.7924863352294964
2.7847855253166096
2.7788820270634966
2.793119713459519
2.7857091597798562
2.7470706125118105
2.797046631478299
2.788969312467454
2.760272120815668
2.7971504217447873
2.788994854979866
2.7715050271784465
2.7946275494032493
2.786191566263671
2.7777451995931335
2.768412767804006
2.7902805744365686
2.7738578199985513
2.7937999494068344
2.7862867723214237
2.746477251671182
2.796510106969888
2.78834655472836
2.7394882725521215
2.7769987379557386
2.757468223513115
2.779307111237798
2.7716803853915595
2.7451617477596324
2.7711493040568937
2.7811406506017184
2.771938747457644
2.7656011337854713
2.7939380507207483
2.7841632990705714
2.7414957189652975
2.794784588599406
2.7854750994788735
2.7714041674897723
2.791335240414573
2.738417851586946
2.778108452422997
2.7695681007823056
2.767682418632038
2.7751034848789558
2.7962491518497155
2.753237096857906
2.7921621196077893
2.760217280824121
2.784971870769121
2.78201147390027
2.7721726127509045
2.7979383173274877
2.7518157111244994
2.7955153569059434
2.7626189517874282
2.786092059869314
2.783870017127375
2.7659654784424332
2.7937883808644033
2.748930132690311
2.792394555114126
2.785228125188502
2.7592749027335337
2.7936410440804353
2.7872896156550446
2.765870057685597
2.7982314003774333
2.787148253060819
2.781684801210633
2.768828162788831
2.7939531229289325
2.748552546281519
2.7625925859291662
2.79026702374614
2.784960004608294
2.7813164522258895
2.768073436199934
2.792653246591282
2.745251858917968
2.792205479253243
2.760073053347983
2.7873294495617764
2.7620276671929016
2.7924051674903105
2.767946725308661
2.79391137761928
2.786592949643005
2.760011759294522
2.782620912320688
2.7954744102862223
2.787138985903229
2.7633336514771996
2.7968112098855635
2.789037981504716
2.7539749479921705
2.7916529314154617
2.785629250985055
2.7558603007044695
2.7951504304655566
2.787226982202225
2.776539179907874
2.793203129737799
2.7646350941299263
2.774400778236972
2.7953077782040294
2.7856692884977585
2.7741342392927937
2.7898319657758512
2.762647583890314
2.7619317118298627
2.785083381939488
2.7766179936384403
2.7703043314835805
2.7840076960306805
2.758334630829025
2.770258575226212
2.7904213023047744
2.7799125533295035
2.76954498087673
2.7848417202399403
2.7580937902599665
2.7590352138682706
2.78276542544582
2.776136774622426
2.7690180666800055
2.783074944503631
2.753776575444407
2.768538524682559
2.7877849077575734
2.779045792072183
2.765078941122186
2.785090264720006
2.7777766582335417
2.74184741055636
2.7916982661701275
2.7824360098507825
2.7643855141431515
2.7872477425713287
2.7601751452630396
2.78171702076041
2.7652673713568796
2.7984711313605812
2.791605438742958
2.7677735225481923
2.7935046905544128
2.76639473548921
2.7876460121774067
2.7565358236327375
2.7923075335772625
2.784284194909153
2.761061828560467
2.7877135263258923
2.750799975976644
2.7944139361832923
2.786767180083542
2.7811260991973925
2.77363916848066
2.7979667824732486
2.791017222074783
2.7378716262446465
2.7987705049344194
2.7906271217094663
2.7842491342372773
2.7652529954829927
2.7942697966805925
2.7859122884618146
2.7371786651516183
2.7940302455596173
2.7873750990202604
2.766889896703998
2.7924494617001026
2.786991331978361
2.771882508871996
2.7687441458373496
2.7918117555510653
2.7700887564727052
2.7941234526343175
2.78735225010411
2.7580363908532015
2.7892180203935704
2.7608701794092343
2.787373520420142
2.742628504438414
2.726866626069427
2.7617052122785024
2.752474457650969
2.7579286819567828
2.782399204070484
2.7732660910486095
2.7372274808829027
2.7882083467100136
2.7808301944014415
2.7747767463314696
2.7723406423856973
2.7964782370468733
2.7874899690438615
2.7442176145814536
2.797036025211811
2.787942261114206
2.782281086615545
2.751681479639431
2.7977319440074004
2.787580760528361
2.764232432663929
2.797854349329106
2.7885945302978032
2.7836438954589213
2.7509690071351747
2.7976779975301698
2.790487782267321
2.754282559402448
2.794804238123066
2.7862858088245233
2.7672956926918824
2.7901478637149055
2.7853406220803634
2.745526603387012
2.798187875170401
2.7900823613532344
2.7681202293916876
2.7931032858354405
2.7646014013001077
2.786791408962954
2.7602085555918334
2.7968225993150346
2.787080795073481
2.7671945249761545
2.789530961122973
2.7652335086886786
2.7848412993689022
2.7600123030383323
2.79633224717775
2.7869874260963234
2.765499146261602
2.7875579250703257
2.764048688525347
2.7827373486051004
2.762622544408539
2.796102316075229
2.7859364732680447
2.768454095100574
2.7675252739765406
2.7850739007445204
2.775016484156705
2.768997574327952
2.7932744704841297
2.7817147466292043
2.760417673602693
2.761800456582717
2.780349898028615
2.77179732596919
2.7638828409022063
2.7886757641261837
2.7781986308198463
2.73100675644457
2.7817109183991877
2.7686653910886765
2.7609869515096706
2.750402304977967
2.7495157614508026
2.7617579352839376
2.7477077904570217
2.7636933271557966
2.6956554185222608
2.741590683573002
2.749521103274436
2.751845706194284
2.7234327031038603
2.766460075310783
2.7588361210775156
2.7376945215128656
2.7346361648131943
2.759216816691464
2.7552932119624747
2.7348789112680856
2.7561796792066433
2.7230850290157997
2.751879921441801
2.723739212294231
2.7496286335117257
2.7533016023751857
2.722156132567598
